audio,phonemes,ipa
/home/isaac/Projects/Thesis/data/timit/data/TRAIN/DR8/FCLT0/SX178.WAV,h# sh iy ih ng kcl k er ix jh dcl d hh axr tcl ch ih l dcl ax n tcl t ax-h m ey kcl dh axr ow n hv ae l ax w ix ng kcl k aa s tcl t ux m z h#, ʃ i ɪ ŋ k̚ k ɝ ɨ dʒ d̚ d h ɚ t̚ tʃ ɪ l d̚ ə n t̚ t ə̥ m eɪ k̚ ð ɚ oʊ n ɦ æ l ə w ɨ ŋ k̚ k ɑ s t̚ t ʉ m z 
/home/isaac/Projects/Thesis/data/timit/data/TRAIN/DR8/FCLT0/SX88.WAV,h# f l ay ix ng s tcl t ae m bcl b ay kcl k ae n bcl b iy pcl p r ae kcl t ix kcl k ax l ax f y ux w ah nx ax s ey v epi m ah nx ix h#, f l aɪ ɨ ŋ s t̚ t æ m b̚ b aɪ k̚ k æ n b̚ b i p̚ p ɹ æ k̚ t ɨ k̚ k ə l ə f j ʉ w ʌ ɾ̃ ə s eɪ v  m ʌ ɾ̃ ɨ 
/home/isaac/Projects/Thesis/data/timit/data/TRAIN/DR8/FCLT0/SI1438.WAV,h# dh iy z ao l w ih z kcl k ix n tcl t ey n m ix tcl t ae l ix kcl k ix ng kcl k l ow zh ix n z h#, ð i z ɔ l w ɪ z k̚ k ɨ n t̚ t eɪ n m ɨ t̚ t æ l ɨ k̚ k ɨ ŋ k̚ k l oʊ ʒ ɨ n z 
/home/isaac/Projects/Thesis/data/timit/data/TRAIN/DR8/FCLT0/SX268.WAV,h# dh ix dcl jh ao q aa pcl p axr ey tcl t s bcl b ay y ux z ix ng ae n tcl t ae gcl ix n ih s tcl t ih kcl m ah s el s h#, ð ɨ d̚ dʒ ɔ ʔ ɑ p̚ p ɚ eɪ t̚ t s b̚ b aɪ j ʉ z ɨ ŋ æ n t̚ t æ ɡ̚ ɨ n ɪ s t̚ t ɪ k̚ m ʌ s l̩ s 
/home/isaac/Projects/Thesis/data/timit/data/TRAIN/DR8/FCLT0/SX448.WAV,h# s f ih r er kcl k el gcl g ih f s axr dcl d ih f ax kcl k ah l tcl t axr r ae pcl p h#, s f ɪ ɹ ɝ k̚ k l̩ ɡ̚ ɡ ɪ f s ɚ d̚ d ɪ f ə k̚ k ʌ l t̚ t ɚ ɹ æ p̚ p 
/home/isaac/Projects/Thesis/data/timit/data/TRAIN/DR8/FCLT0/SI808.WAV,h# ax s ay tcl m ey aa l s uh bcl b iy ix tcl t r ae kcl t ix v dcl jh uh s th r ux dh ix bcl b y ux dx iy ix v ix tcl s tcl t r iy z en sh r ah bcl b s h#, ə s aɪ t̚ m eɪ ɑ l s ʊ b̚ b i ɨ t̚ t ɹ æ k̚ t ɨ v d̚ dʒ ʊ s θ ɹ ʉ ð ɨ b̚ b j ʉ ɾ i ɨ v ɨ t̚ s t̚ t ɹ i z n̩ ʃ ɹ ʌ b̚ b s 
/home/isaac/Projects/Thesis/data/timit/data/TRAIN/DR8/FCLT0/SX358.WAV,h# jh ao r dcl jh s eh l dcl d ax m w aa tcl ch ix z dcl d ey tcl t ay m ux v ix s h#, dʒ ɔ ɹ d̚ dʒ s ɛ l d̚ d ə m w ɑ t̚ tʃ ɨ z d̚ d eɪ t̚ t aɪ m ʉ v ɨ s 
/home/isaac/Projects/Thesis/data/timit/data/TRAIN/DR8/FCLT0/SI2068.WAV,h# w iy dcl d ow n ow dh ih s gcl g ay h#, w i d̚ d oʊ n oʊ ð ɪ s ɡ̚ ɡ aɪ 
/home/isaac/Projects/Thesis/data/timit/data/TRAIN/DR8/MCXM0/SX271.WAV,h# b iy kcl k eh er f ax n aa tcl t ax-h pcl p l aw q ow v axr dh ax f l aw er bcl b eh dcl d z h#, b i k̚ k ɛ ɝ f ə n ɑ t̚ t ə̥ p̚ p l aʊ ʔ oʊ v ɚ ð ə f l aʊ ɝ b̚ b ɛ d̚ d z 
/home/isaac/Projects/Thesis/data/timit/data/TRAIN/DR8/MCXM0/SX451.WAV,h# dh ax th ih kcl q eh l m f ao axr s epi w ax z epi n ih axr l iy q ow v axr w eh l m dcl b ay dcl d ah tcl ch q eh l m dcl d ix z iy z h#, ð ə θ ɪ k̚ ʔ ɛ l m f ɔ ɚ s  w ə z  n ɪ ɚ l i ʔ oʊ v ɚ w ɛ l m d̚ b aɪ d̚ d ʌ t̚ tʃ ʔ ɛ l m d̚ d ɨ z i z 
/home/isaac/Projects/Thesis/data/timit/data/TRAIN/DR8/MCXM0/SX181.WAV,h# r ix tcl ch l uh kcl t f axr s pcl p aa dx ix dcl hv ay iy n eh z q ix n dcl jh ae gcl w ay axr z q ao n dh ax s ax f aa r iy h#, ɹ ɨ t̚ tʃ l ʊ k̚ t f ɚ s p̚ p ɑ ɾ ɨ d̚ ɦ aɪ i n ɛ z ʔ ɨ n d̚ dʒ æ ɡ̚ w aɪ ɚ z ʔ ɔ n ð ə s ə f ɑ ɹ i 
/home/isaac/Projects/Thesis/data/timit/data/TRAIN/DR8/MCXM0/SI1981.WAV,h# aa n aa nx aa kcl k ux pcl p ay dcl d r ow dcl w ey dh ax bcl b aa dx el sh ae dx er dcl ix n d ah s epi m ao l q ae m bcl b er f l ae sh h#, ɑ n ɑ ɾ̃ ɑ k̚ k ʉ p̚ p aɪ d̚ d ɹ oʊ d̚ w eɪ ð ə b̚ b ɑ ɾ l̩ ʃ æ ɾ ɝ d̚ ɨ n d ʌ s  m ɔ l ʔ æ m b̚ b ɝ f l æ ʃ 
/home/isaac/Projects/Thesis/data/timit/data/TRAIN/DR8/MCXM0/SI721.WAV,h# dh ih s tcl t uw l kcl k ix n ao s ax bcl b iy m ey dcl w ax dh ax l ey dh h#, ð ɪ s t̚ t u l k̚ k ɨ n ɔ s ə b̚ b i m eɪ d̚ w ə ð ə l eɪ ð 
/home/isaac/Projects/Thesis/data/timit/data/TRAIN/DR8/MCXM0/SX361.WAV,h# dh ax s pcl p iy tcl ch s ix m pcl p ow z ih ax m ay tcl b iy gcl ih n m ah n dcl d ey h#, ð ə s p̚ p i t̚ tʃ s ɨ m p̚ p oʊ z ɪ ə m aɪ t̚ b i ɡ̚ ɪ n m ʌ n d̚ d eɪ 
/home/isaac/Projects/Thesis/data/timit/data/TRAIN/DR8/MCXM0/SI1351.WAV,h# r ih l ih dcl jh ih n f ao s er z gcl g r ux pcl p l ay f q ix n v eh r iy ix s epi w ey z h#, ɹ ɪ l ɪ d̚ dʒ ɪ n f ɔ s ɝ z ɡ̚ ɡ ɹ ʉ p̚ p l aɪ f ʔ ɨ n v ɛ ɹ i ɨ s  w eɪ z 
/home/isaac/Projects/Thesis/data/timit/data/TRAIN/DR8/MCXM0/SX91.WAV,h# dh ax m ih s pcl p r eh n tcl p r ax v ow tcl t ix n ix m iy dcl d iy ih tcl pau d ih s kcl k l ey m axr h#, ð ə m ɪ s p̚ p ɹ ɛ n t̚ p ɹ ə v oʊ t̚ t ɨ n ɨ m i d̚ d i ɪ t̚  d ɪ s k̚ k l eɪ m ɚ 
/home/isaac/Projects/Thesis/data/timit/data/TRAIN/DR8/MBCG0/SI957.WAV,h# b ax dx iy w ix z v eh r iy m ah sh l ay kcl k ix z ax s ow sh ih tcl s epi ih nx ix z hv ey tcl t r ix dcl q ax v kcl k ae m pcl r uw tcl t iy n h#, b ə ɾ i w ɨ z v ɛ ɹ i m ʌ ʃ l aɪ k̚ k ɨ z ə s oʊ ʃ ɪ t̚ s  ɪ ɾ̃ ɨ z ɦ eɪ t̚ t ɹ ɨ d̚ ʔ ə v k̚ k æ m p̚ ɹ u t̚ t i n 
/home/isaac/Projects/Thesis/data/timit/data/TRAIN/DR8/MBCG0/SI2217.WAV,h# hh iy dcl n aa dx ow n l iy tcl t ow l dcl m iy s ow pau hh iy pcl p r uw v dcl d ih tcl h#, h i d̚ n ɑ ɾ oʊ n l i t̚ t oʊ l d̚ m i s oʊ  h i p̚ p ɹ u v d̚ d ɪ t̚ 
/home/isaac/Projects/Thesis/data/timit/data/TRAIN/DR8/MBCG0/SX237.WAV,h# dh ix kcl k ao iy er w ah z ax dcl d ax w ao r f h#, ð ɨ k̚ k ɔ i ɝ w ʌ z ə d̚ d ə w ɔ ɹ f 
/home/isaac/Projects/Thesis/data/timit/data/TRAIN/DR8/MBCG0/SX147.WAV,h# k r eh kcl t q eh kcl k s ix kcl k y ux sh en ax v m ay ix n s tcl t r ah kcl sh en z ix z kcl k r ux sh el h#, k ɹ ɛ k̚ t ʔ ɛ k̚ k s ɨ k̚ k j ʉ ʃ n̩ ə v m aɪ ɨ n s t̚ t ɹ ʌ k̚ ʃ n̩ z ɨ z k̚ k ɹ ʉ ʃ l̩ 
/home/isaac/Projects/Thesis/data/timit/data/TRAIN/DR8/MBCG0/SI486.WAV,h# ih w ix z tcl t ay m n ix gcl g ow ah pcl m ay s eh l f h#, ɪ w ɨ z t̚ t aɪ m n ɨ ɡ̚ ɡ oʊ ʌ p̚ m aɪ s ɛ l f 
/home/isaac/Projects/Thesis/data/timit/data/TRAIN/DR8/MBCG0/SX417.WAV,h# v ae l ih l aa dcl jh y ih l iy s eh l ax bcl b r ey tcl s dh ax f er s kcl k ae f bcl b ao r n h#, v æ l ɪ l ɑ d̚ dʒ j ɪ l i s ɛ l ə b̚ b ɹ eɪ t̚ s ð ə f ɝ s k̚ k æ f b̚ b ɔ ɹ n 
/home/isaac/Projects/Thesis/data/timit/data/TRAIN/DR8/MBCG0/SX57.WAV,h# dh ax pcl p r aw l axr w ao r ix s kcl k iy m ae s f ao r dcl d ix z gcl g ay z h#, ð ə p̚ p ɹ aʊ l ɚ w ɔ ɹ ɨ s k̚ k i m æ s f ɔ ɹ d̚ d ɨ z ɡ̚ ɡ aɪ z 
/home/isaac/Projects/Thesis/data/timit/data/TRAIN/DR8/MBCG0/SX327.WAV,h# q ae r iy s iy v dcl d ix dcl jh oy n tcl t ix pcl p oy n m ax n tcl pau ih n dh ix bcl b ay ax l ax dcl jh iy q eh n dh iy q ih n dcl jh ix n ih r ix n dcl d ix pcl p aa r q m en tcl t s h#, ʔ æ ɹ i s i v d̚ d ɨ d̚ dʒ ɔɪ n t̚ t ɨ p̚ p ɔɪ n m ə n t̚  ɪ n ð ɨ b̚ b aɪ ə l ə d̚ dʒ i ʔ ɛ n ð i ʔ ɪ n d̚ dʒ ɨ n ɪ ɹ ɨ n d̚ d ɨ p̚ p ɑ ɹ ʔ m n̩ t̚ t s 
/home/isaac/Projects/Thesis/data/timit/data/TRAIN/DR8/MBSB0/SI1983.WAV,h# b r ey kcl sh r iy kcl b ax hv ay n dcl d ix s h#, b ɹ eɪ k̚ ʃ ɹ i k̚ b ə ɦ aɪ n d̚ d ɨ s 
/home/isaac/Projects/Thesis/data/timit/data/TRAIN/DR8/MBSB0/SX3.WAV,h# dh ix s w ix z iy z iy f ao r ah s h#, ð ɨ s w ɨ z i z i f ɔ ɹ ʌ s 
/home/isaac/Projects/Thesis/data/timit/data/TRAIN/DR8/MBSB0/SX273.WAV,h# dh ae ng gcl g r iy bcl b oy ae n s er dcl b ix tcl d ih n l uh kcl k ah pcl h#, ð æ ŋ ɡ̚ ɡ ɹ i b̚ b ɔɪ æ n s ɝ d̚ b ɨ t̚ d ɪ n l ʊ k̚ k ʌ p̚ 
/home/isaac/Projects/Thesis/data/timit/data/TRAIN/DR8/MBSB0/SI1353.WAV,h# dh iy z epi n iy dcl jh ux zh l iy k ix n s axr n dh axr r ih dcl d ah kcl sh epi en ix v gcl g ih l en s ax m r ix l iy f ax v tcl t eh n sh ix n h#, ð i z  n i d̚ dʒ ʉ ʒ l i k ɨ n s ɚ n ð ɚ ɹ ɪ d̚ d ʌ k̚ ʃ  n̩ ɨ v ɡ̚ ɡ ɪ l n̩ s ə m ɹ ɨ l i f ə v t̚ t ɛ n ʃ ɨ n 
/home/isaac/Projects/Thesis/data/timit/data/TRAIN/DR8/MBSB0/SX93.WAV,h# k ah dx ix s epi m ao l kcl k ao nx axr ao f iy tcl ch eh dcl jh h#, k ʌ ɾ ɨ s  m ɔ l k̚ k ɔ ɾ̃ ɚ ɔ f i t̚ tʃ ɛ d̚ dʒ 
/home/isaac/Projects/Thesis/data/timit/data/TRAIN/DR8/MBSB0/SI723.WAV,h# dh ax tcl t ow l ah dh iy z th r iy v aa y ix m z ix z dh f aa nx ax kcl k em bcl b ah sh tcl ch ix n tcl ch ey m bcl b ax v aa ix m h#, ð ə t̚ t oʊ l ʌ ð i z θ ɹ i v ɑ j ɨ m z ɨ z ð f ɑ ɾ̃ ə k̚ k m̩ b̚ b ʌ ʃ t̚ tʃ ɨ n t̚ tʃ eɪ m b̚ b ə v ɑ ɨ m 
/home/isaac/Projects/Thesis/data/timit/data/TRAIN/DR8/MBSB0/SX363.WAV,h# dh ax kcl k aw w ah nx axr f em dh ax f aa r m l ae nx ix bcl b ix kcl k ey m l ao s tcl t h#, ð ə k̚ k aʊ w ʌ ɾ̃ ɚ f m̩ ð ə f ɑ ɹ m l æ ɾ̃ ɨ b̚ b ɨ k̚ k eɪ m l ɔ s t̚ t 
/home/isaac/Projects/Thesis/data/timit/data/TRAIN/DR8/MBSB0/SX183.WAV,h# w ay eh l s epi w uh dcl d ae nx iy ix l aw ah dh ax z tcl t ix gcl g ow h#, w aɪ ɛ l s  w ʊ d̚ d æ ɾ̃ i ɨ l aʊ ʌ ð ə z t̚ t ɨ ɡ̚ ɡ oʊ 
/home/isaac/Projects/Thesis/data/timit/data/TRAIN/DR8/MEJS0/SX340.WAV,h# d ah kcl k s hh ae v w eh bcl b f iy tcl t pau ix n kcl k ah l axr f el f eh dh axr z h#, d ʌ k̚ k s h æ v w ɛ b̚ b f i t̚ t  ɨ n k̚ k ʌ l ɚ f l̩ f ɛ ð ɚ z 
/home/isaac/Projects/Thesis/data/timit/data/TRAIN/DR8/MEJS0/SX70.WAV,h# d ih dcl jh ux iy q y eh tcl h#, d ɪ d̚ dʒ ʉ i ʔ j ɛ t̚ 
/home/isaac/Projects/Thesis/data/timit/data/TRAIN/DR8/MEJS0/SX430.WAV,h# dh ow z hh uw er n aa tcl p y er ix s pau y ux z kcl k ae n dcl v eh jh v el z w ix n m ey kcl k iy ng s tcl t ux h#, ð oʊ z h u ɝ n ɑ t̚ p j ɝ ɨ s  j ʉ z k̚ k æ n d̚ v ɛ dʒ v l̩ z w ɨ n m eɪ k̚ k i ŋ s t̚ t ʉ 
/home/isaac/Projects/Thesis/data/timit/data/TRAIN/DR8/MEJS0/SI1870.WAV,h# ax-h bcl b ey n eh tcl hh ah ng pau ix n ey bcl b eh l tcl t s kcl k ae bcl er dcl h#, ə̥ b̚ b eɪ n ɛ t̚ h ʌ ŋ  ɨ n eɪ b̚ b ɛ l t̚ t s k̚ k æ b̚ ɝ d̚ 
/home/isaac/Projects/Thesis/data/timit/data/TRAIN/DR8/MEJS0/SI610.WAV,h# b ah tcl dh iy ix tcl t ae kcl k w ix z epi m ey dcl f axr m ax nx eh v ae n s kcl k aa pcl p iy h#, b ʌ t̚ ð i ɨ t̚ t æ k̚ k w ɨ z  m eɪ d̚ f ɚ m ə ɾ̃ ɛ v æ n s k̚ k ɑ p̚ p i 
/home/isaac/Projects/Thesis/data/timit/data/TRAIN/DR8/MEJS0/SX160.WAV,h# q eh z kcl k ow ao th axr z pau w iy pcl p r ix z eh nx axr dx aa r n ux bcl b uh kcl k pau t ux dh ah hh ao dx iy q ao dx iy ix n s h#, ʔ ɛ z k̚ k oʊ ɔ θ ɚ z  w i p̚ p ɹ ɨ z ɛ ɾ̃ ɚ ɾ ɑ ɹ n ʉ b̚ b ʊ k̚ k  t ʉ ð ʌ h ɔ ɾ i ʔ ɔ ɾ i ɨ n s 
/home/isaac/Projects/Thesis/data/timit/data/TRAIN/DR8/MEJS0/SX250.WAV,h# dh ax-h bcl b ao s tcl t en bcl b ae l ey q ow v axr kcl k ey m dh axr f ah n dcl d iy ng sh ao r dx ix dcl jh h#, ð ə̥ b̚ b ɔ s t̚ t n̩ b̚ b æ l eɪ ʔ oʊ v ɚ k̚ k eɪ m ð ɚ f ʌ n d̚ d i ŋ ʃ ɔ ɹ ɾ ɨ d̚ dʒ 
/home/isaac/Projects/Thesis/data/timit/data/TRAIN/DR8/MEJS0/SI1240.WAV,h# hh iy ih z f ao r s tcl t ax-h pcl p l ey f axr l ix dx el m ah n iy pau ix n m ah s tcl ao f en tcl t ey kcl k ix n ah dh axr dcl jh aa bcl t ax l ih v h#, h i ɪ z f ɔ ɹ s t̚ t ə̥ p̚ p l eɪ f ɚ l ɨ ɾ l̩ m ʌ n i  ɨ n m ʌ s t̚ ɔ f n̩ t̚ t eɪ k̚ k ɨ n ʌ ð ɚ d̚ dʒ ɑ b̚ t ə l ɪ v 
/home/isaac/Projects/Thesis/data/timit/data/TRAIN/DR8/MMEA0/SI758.WAV,h# w ix n m ow l dcl d hh eh z m ao r dh ix n w ah n dcl d ax z ay n kcl k ae v ix dx iy m ey kcl k ix n dcl d ix v ih zh uw el pcl p ey pcl p ax-h pcl p ae dx axr n s h#, w ɨ n m oʊ l d̚ d h ɛ z m ɔ ɹ ð ɨ n w ʌ n d̚ d ə z aɪ n k̚ k æ v ɨ ɾ i m eɪ k̚ k ɨ n d̚ d ɨ v ɪ ʒ u l̩ p̚ p eɪ p̚ p ə̥ p̚ p æ ɾ ɚ n s 
/home/isaac/Projects/Thesis/data/timit/data/TRAIN/DR8/MMEA0/SI1388.WAV,h# s ah sh l eh dcl jh ax s l ey sh en w ax z kcl k l eh axr f ay dcl en ix kcl k s tcl t eh n d ix dcl f em tcl t ay m tcl t ax tcl t ay m dh eh r ae f tcl t axr h#, s ʌ ʃ l ɛ d̚ dʒ ə s l eɪ ʃ n̩ w ə z k̚ k l ɛ ɚ f aɪ d̚ n̩ ɨ k̚ k s t̚ t ɛ n d ɨ d̚ f m̩ t̚ t aɪ m t̚ t ə t̚ t aɪ m ð ɛ ɹ æ f t̚ t ɚ 
/home/isaac/Projects/Thesis/data/timit/data/TRAIN/DR8/MMEA0/SX308.WAV,h# sh ih pcl b ih l dcl iy ng ix z ax m ow s f ae s n ey dx iy ng pcl p r aa s eh s h#, ʃ ɪ p̚ b ɪ l d̚ i ŋ ɨ z ə m oʊ s f æ s n eɪ ɾ i ŋ p̚ p ɹ ɑ s ɛ s 
/home/isaac/Projects/Thesis/data/timit/data/TRAIN/DR8/MMEA0/SX38.WAV,h# y ah ng pcl p iy pcl p el pcl p tcl t ix s pcl p ey tcl ix n ae th l eh dx ix kcl k ae kcl t ix v ix dx iy s h#, j ʌ ŋ p̚ p i p̚ p l̩ p̚ p t̚ t ɨ s p̚ p eɪ t̚ ɨ n æ θ l ɛ ɾ ɨ k̚ k æ k̚ t ɨ v ɨ ɾ i s 
/home/isaac/Projects/Thesis/data/timit/data/TRAIN/DR8/MMEA0/SX398.WAV,h# ch ih l uh n kcl k en kcl k en s ux m eh n iy f r uw tcl k ae n d iy z ix n w ah n tcl t s ih dx iy ng h#, tʃ ɪ l ʊ n k̚ k n̩ k̚ k n̩ s ʉ m ɛ n i f ɹ u t̚ k æ n d i z ɨ n w ʌ n t̚ t s ɪ ɾ i ŋ 
/home/isaac/Projects/Thesis/data/timit/data/TRAIN/DR8/MMEA0/SX128.WAV,h# l aa tcl t s ax f ao r en m uw v iy z hh eh v s ah bcl t ay dx el s h#, l ɑ t̚ t s ə f ɔ ɹ n̩ m u v i z h ɛ v s ʌ b̚ t aɪ ɾ l̩ s 
/home/isaac/Projects/Thesis/data/timit/data/TRAIN/DR8/MMEA0/SX218.WAV,h# t r ay dx axr r axr kcl k ao l dh iy ix v eh n s en kcl k r aa nx ax l aa dcl jh kcl k el ao r dx axr h#, t ɹ aɪ ɾ ɚ ɹ ɚ k̚ k ɔ l ð i ɨ v ɛ n s n̩ k̚ k ɹ ɑ ɾ̃ ə l ɑ d̚ dʒ k̚ k l̩ ɔ ɹ ɾ ɚ 
/home/isaac/Projects/Thesis/data/timit/data/TRAIN/DR8/MMEA0/SI2018.WAV,h# dh ey w axr sh ae dx axr dcl d h#, ð eɪ w ɚ ʃ æ ɾ ɚ d̚ d 
/home/isaac/Projects/Thesis/data/timit/data/TRAIN/DR8/MMPM0/SI1061.WAV,h# b ah q w ah dx ih f s ah m bcl b ah dx iy dcl d ix s ay dcl s tcl t ix bcl b r ey kcl k ix tcl h#, b ʌ ʔ w ʌ ɾ ɪ f s ʌ m b̚ b ʌ ɾ i d̚ d ɨ s aɪ d̚ s t̚ t ɨ b̚ b ɹ eɪ k̚ k ɨ t̚ 
/home/isaac/Projects/Thesis/data/timit/data/TRAIN/DR8/MMPM0/SI1691.WAV,h# n ow pau dh ey kcl k ix dcl d kcl k ih l ih m dcl jh uh s tcl t ih z iy z iy r ay tcl n aw h#, n oʊ  ð eɪ k̚ k ɨ d̚ d k̚ k ɪ l ɪ m d̚ dʒ ʊ s t̚ t ɪ z i z i ɹ aɪ t̚ n aʊ 
/home/isaac/Projects/Thesis/data/timit/data/TRAIN/DR8/MMPM0/SX431.WAV,h# dh ax f ih f epi th dcl jh aa r kcl k ix n tcl t ey n z bcl b ih gcl jh ux s iy pcl p iy tcl ch ix z h#, ð ə f ɪ f  θ d̚ dʒ ɑ ɹ k̚ k ɨ n t̚ t eɪ n z b̚ b ɪ ɡ̚ dʒ ʉ s i p̚ p i t̚ tʃ ɨ z 
/home/isaac/Projects/Thesis/data/timit/data/TRAIN/DR8/MMPM0/SX71.WAV,h# p ao r kcl k y ix pcl p ay n z r ix z eh m bcl b el s iy er tcl ch ix n tcl s h#, p ɔ ɹ k̚ k j ɨ p̚ p aɪ n z ɹ ɨ z ɛ m b̚ b l̩ s i ɝ t̚ tʃ ɨ n t̚ s 
/home/isaac/Projects/Thesis/data/timit/data/TRAIN/DR8/MMPM0/SI2321.WAV,h# sh iy dcl d ih dcl en dcl d ow n ey dx eh n iy th ih ng ix v y ao axr z dcl d ih dcl sh ix h#, ʃ i d̚ d ɪ d̚ n̩ d̚ d oʊ n eɪ ɾ ɛ n i θ ɪ ŋ ɨ v j ɔ ɚ z d̚ d ɪ d̚ ʃ ɨ 
/home/isaac/Projects/Thesis/data/timit/data/TRAIN/DR8/MMPM0/SX251.WAV,h# w iy ix pcl p l ay q ao dx ih tcl t ao r iy m aa dx ax l ix ng tcl t ux kcl k em pcl p y ux dx axr s pcl p iy tcl ch epi r eh kcl k ix gcl n ih sh en h#, w i ɨ p̚ p l aɪ ʔ ɔ ɾ ɪ t̚ t ɔ ɹ i m ɑ ɾ ə l ɨ ŋ t̚ t ʉ k̚ k m̩ p̚ p j ʉ ɾ ɚ s p̚ p i t̚ tʃ  ɹ ɛ k̚ k ɨ ɡ̚ n ɪ ʃ n̩ 
/home/isaac/Projects/Thesis/data/timit/data/TRAIN/DR8/MMPM0/SX341.WAV,h# dh ah hv ay s ix kcl k y er dx iy pcl p r ih z ax n w ax s axr aw n ih dcl b ay bcl b aa r bcl d w aa axr h#, ð ʌ ɦ aɪ s ɨ k̚ k j ɝ ɾ i p̚ p ɹ ɪ z ə n w ə s ɚ aʊ n ɪ d̚ b aɪ b̚ b ɑ ɹ b̚ d w ɑ ɚ 
/home/isaac/Projects/Thesis/data/timit/data/TRAIN/DR8/MMPM0/SX161.WAV,h# q ae z ax pcl p r ix kcl k ao epi sh ix n pau dh iy aw q l ao z bcl b ao tcl g ah n pcl p aw dx axr f ix dh eh r s tcl t r ao ng hv ow l dcl d h#, ʔ æ z ə p̚ p ɹ ɨ k̚ k ɔ  ʃ ɨ n  ð i aʊ ʔ l ɔ z b̚ b ɔ t̚ ɡ ʌ n p̚ p aʊ ɾ ɚ f ɨ ð ɛ ɹ s t̚ t ɹ ɔ ŋ ɦ oʊ l d̚ d 
/home/isaac/Projects/Thesis/data/timit/data/TRAIN/DR8/MRDM0/SX335.WAV,h# g ah s ao pcl p ay n tcl t r iy z ih n r eh dcl w uh dcl d z pau ax nx ix z w ao kcl th r ux s ix kcl k oy ix n ae sh epi n el f ao r ax s tcl t h#, ɡ ʌ s ɔ p̚ p aɪ n t̚ t ɹ i z ɪ n ɹ ɛ d̚ w ʊ d̚ d z  ə ɾ̃ ɨ z w ɔ k̚ θ ɹ ʉ s ɨ k̚ k ɔɪ ɨ n æ ʃ  n l̩ f ɔ ɹ ə s t̚ t 
/home/isaac/Projects/Thesis/data/timit/data/TRAIN/DR8/MRDM0/SX65.WAV,h# ch ae l ax n dcl jh iy tcl ch dcl jh eh nx axr el z ax n tcl t eh l ax dcl jh en tcl s h#, tʃ æ l ə n d̚ dʒ i t̚ tʃ d̚ dʒ ɛ ɾ̃ ɚ l̩ z ə n t̚ t ɛ l ə d̚ dʒ n̩ t̚ s 
/home/isaac/Projects/Thesis/data/timit/data/TRAIN/DR8/MRDM0/SI1595.WAV,h# q ah kcl k r uw dcl d l ae dx axr r ae n dcl d aw n d ow w uh dx en f l ao r h#, ʔ ʌ k̚ k ɹ u d̚ d l æ ɾ ɚ ɹ æ n d̚ d aʊ n d oʊ w ʊ ɾ n̩ f l ɔ ɹ 
/home/isaac/Projects/Thesis/data/timit/data/TRAIN/DR8/MRDM0/SX425.WAV,h# m uw v iy z epi n eh v axr hv ae v ax n ah f epi v ih l ax n dcl z h#, m u v i z  n ɛ v ɚ ɦ æ v ə n ʌ f  v ɪ l ə n d̚ z 
/home/isaac/Projects/Thesis/data/timit/data/TRAIN/DR8/MRDM0/SX155.WAV,h# dh ax w aa dx axr kcl k ix n tcl t ey n dcl t ux m ix tcl ch kcl k l ao r ix n pau ax n tcl s tcl t ah ng hv ix z ay z h#, ð ə w ɑ ɾ ɚ k̚ k ɨ n t̚ t eɪ n d̚ t ʉ m ɨ t̚ tʃ k̚ k l ɔ ɹ ɨ n  ə n t̚ s t̚ t ʌ ŋ ɦ ɨ z aɪ z 
/home/isaac/Projects/Thesis/data/timit/data/TRAIN/DR8/MRDM0/SI1044.WAV,h# r eh z ix dx ih n sh el ah s ow sh ey sh ax n s tcl t r ah gcl g ax l pau t ax-h q ix n s epi l ey tcl dh ax m s eh l v z ix gcl g eh n s tcl t ix n tcl t r ux zh en epi z h#, ɹ ɛ z ɨ ɾ ɪ n ʃ l̩ ʌ s oʊ ʃ eɪ ʃ ə n s t̚ t ɹ ʌ ɡ̚ ɡ ə l  t ə̥ ʔ ɨ n s  l eɪ t̚ ð ə m s ɛ l v z ɨ ɡ̚ ɡ ɛ n s t̚ t ɨ n t̚ t ɹ ʉ ʒ n̩  z 
/home/isaac/Projects/Thesis/data/timit/data/TRAIN/DR8/MRDM0/SX245.WAV,h# d ix z hh ih n dcl d uw ay dcl d iy aa l ax dcl jh iy q aa nx axr kcl k aw z h#, d ɨ z h ɪ n d̚ d u aɪ d̚ d i ɑ l ə d̚ dʒ i ʔ ɑ ɾ̃ ɚ k̚ k aʊ z 
/home/isaac/Projects/Thesis/data/timit/data/TRAIN/DR8/MRDM0/SI965.WAV,h# q ax s ih n aa m iy ih z n ah dx ax s ih ng gcl el w ey v pau b uh dx ax s ih r ix z h#, ʔ ə s ɪ n ɑ m i ɪ z n ʌ ɾ ə s ɪ ŋ ɡ̚ l̩ w eɪ v  b ʊ ɾ ə s ɪ ɹ ɨ z 
/home/isaac/Projects/Thesis/data/timit/data/TRAIN/DR8/MMLM0/SI2150.WAV,h# dh ih n iy f l eh dcl d pau n aa q w ey dx ih ng dcl d ix s iy ih f sh iy m ay n ix dcl d hv ih m pau q axr tcl t uh kcl n ow dx ih s ix v ix z kcl k r ay h#, ð ɪ n i f l ɛ d̚ d  n ɑ ʔ w eɪ ɾ ɪ ŋ d̚ d ɨ s i ɪ f ʃ i m aɪ n ɨ d̚ d ɦ ɪ m  ʔ ɚ t̚ t ʊ k̚ n oʊ ɾ ɪ s ɨ v ɨ z k̚ k ɹ aɪ 
/home/isaac/Projects/Thesis/data/timit/data/TRAIN/DR8/MMLM0/SI897.WAV,h# dh ey s er v kcl k r ae kcl k w iy tcl t pau q ow tcl t s axr kcl k ao r n m iy l h#, ð eɪ s ɝ v k̚ k ɹ æ k̚ k w i t̚ t  ʔ oʊ t̚ t s ɚ k̚ k ɔ ɹ n m i l 
/home/isaac/Projects/Thesis/data/timit/data/TRAIN/DR8/MMLM0/SI1527.WAV,h# dh ey el tcl t ow dh ax l ay n h#, ð eɪ l̩ t̚ t oʊ ð ə l aɪ n 
/home/isaac/Projects/Thesis/data/timit/data/TRAIN/DR8/MMLM0/SX357.WAV,h# dh ax m oy s tcl ch er ix n m ay ay z ix z f axr m q ay dcl d r aa pcl p s pau n aa tcl f r em tcl t ih axr z h#, ð ə m ɔɪ s t̚ tʃ ɝ ɨ n m aɪ aɪ z ɨ z f ɚ m ʔ aɪ d̚ d ɹ ɑ p̚ p s  n ɑ t̚ f ɹ m̩ t̚ t ɪ ɚ z 
/home/isaac/Projects/Thesis/data/timit/data/TRAIN/DR8/MMLM0/SX177.WAV,h# d ah z kcl k r iy ow l kcl k uh kcl k ix ng y ux z kcl k er iy h#, d ʌ z k̚ k ɹ i oʊ l k̚ k ʊ k̚ k ɨ ŋ j ʉ z k̚ k ɝ i 
/home/isaac/Projects/Thesis/data/timit/data/TRAIN/DR8/MMLM0/SX267.WAV,h# d r ao q eh v r iy y ae dx axr l ay n f er s tcl t pau dh ih n epi f ih l ih n dh ix y ix n tcl t ih r iy axr h#, d ɹ ɔ ʔ ɛ v ɹ i j æ ɾ ɚ l aɪ n f ɝ s t̚ t  ð ɪ n  f ɪ l ɪ n ð ɨ j ɨ n t̚ t ɪ ɹ i ɚ 
/home/isaac/Projects/Thesis/data/timit/data/TRAIN/DR8/MMLM0/SX447.WAV,h# f er s tcl t ae dcl m ih l kcl t ix dh ix sh r eh dcl d ix dcl ch iy z h#, f ɝ s t̚ t æ d̚ m ɪ l k̚ t ɨ ð ɨ ʃ ɹ ɛ d̚ d ɨ d̚ tʃ i z 
/home/isaac/Projects/Thesis/data/timit/data/TRAIN/DR8/MMLM0/SX87.WAV,h# p r ih m ix dx ix v tcl t r ay bcl b z hv eh v ix n ah pcl b iy dx ae dx ih tcl t ux dcl d h#, p ɹ ɪ m ɨ ɾ ɨ v t̚ t ɹ aɪ b̚ b z ɦ ɛ v ɨ n ʌ p̚ b i ɾ æ ɾ ɪ t̚ t ʉ d̚ d 
/home/isaac/Projects/Thesis/data/timit/data/TRAIN/DR8/FNKL0/SI2152.WAV,h# hh ih z f ih ng gcl g axr z f ah m bcl b el dx ax kcl k r ao s dh ax bcl b ae n dcl d ix dcl jh ih z h#, h ɪ z f ɪ ŋ ɡ̚ ɡ ɚ z f ʌ m b̚ b l̩ ɾ ə k̚ k ɹ ɔ s ð ə b̚ b æ n d̚ d ɨ d̚ dʒ ɪ z 
/home/isaac/Projects/Thesis/data/timit/data/TRAIN/DR8/FNKL0/SX442.WAV,h# s ix bcl b er bcl b ax n hv aw z epi w ay v z pau q ao f ix n s ah f axr f axr m dh ix gcl g ae bcl b hh ae bcl b ix tcl h#, s ɨ b̚ b ɝ b̚ b ə n ɦ aʊ z  w aɪ v z  ʔ ɔ f ɨ n s ʌ f ɚ f ɚ m ð ɨ ɡ̚ ɡ æ b̚ b h æ b̚ b ɨ t̚ 
/home/isaac/Projects/Thesis/data/timit/data/TRAIN/DR8/FNKL0/SX172.WAV,h# dh ah tcl t r ay eh m f ih n tcl q w oy axr q ix gcl g z ih bcl b ix dx ih dcl n ay iy v hh eh r ow ix z ix m h#, ð ʌ t̚ t ɹ aɪ ɛ m f ɪ n t̚ ʔ w ɔɪ ɚ ʔ ɨ ɡ̚ ɡ z ɪ b̚ b ɨ ɾ ɪ d̚ n aɪ i v h ɛ ɹ oʊ ɨ z ɨ m 
/home/isaac/Projects/Thesis/data/timit/data/TRAIN/DR8/FNKL0/SI892.WAV,h# n ow kcl k eh m ix kcl k el f er dx ax l ay z axr z ax n pcl p oy z en ax s q ix n s eh kcl t ix s ay dcl d z ax n f ah ng gcl g ix s ay dcl z eh r y ux z dcl d h#, n oʊ k̚ k ɛ m ɨ k̚ k l̩ f ɝ ɾ ə l aɪ z ɚ z ə n p̚ p ɔɪ z n̩ ə s ʔ ɨ n s ɛ k̚ t ɨ s aɪ d̚ d z ə n f ʌ ŋ ɡ̚ ɡ ɨ s aɪ d̚ z ɛ ɹ j ʉ z d̚ d 
/home/isaac/Projects/Thesis/data/timit/data/TRAIN/DR8/FNKL0/SX82.WAV,h# g uh dcl d s er v ix s pau sh uh dcl b iy r ix w ao r dx ix dcl b ay bcl b ih gcl g tcl t ih pcl p s h#, ɡ ʊ d̚ d s ɝ v ɨ s  ʃ ʊ d̚ b i ɹ ɨ w ɔ ɹ ɾ ɨ d̚ b aɪ b̚ b ɪ ɡ̚ ɡ t̚ t ɪ p̚ p s 
/home/isaac/Projects/Thesis/data/timit/data/TRAIN/DR8/FNKL0/SI1522.WAV,h# w ay kcl k uh dcl en ey ix v dcl d ah m pcl t ix m ao f ao n s ah m w ah n eh l s h#, w aɪ k̚ k ʊ d̚ n̩ eɪ ɨ v d̚ d ʌ m p̚ t ɨ m ɔ f ɔ n s ʌ m w ʌ n ɛ l s 
/home/isaac/Projects/Thesis/data/timit/data/TRAIN/DR8/FNKL0/SX196.WAV,h# hh aw dx uw oy s axr z epi m ey kcl p er l z h#, h aʊ ɾ u ɔɪ s ɚ z  m eɪ k̚ p ɝ l z 
/home/isaac/Projects/Thesis/data/timit/data/TRAIN/DR8/FNKL0/SX262.WAV,h# k eh n iy ey dcl jh ih n s iy q ow v axr th r ow q ey l iy ix n f ao r s ix z h#, k ɛ n i eɪ d̚ dʒ ɪ n s i ʔ oʊ v ɚ θ ɹ oʊ ʔ eɪ l i ɨ n f ɔ ɹ s ɨ z 
/home/isaac/Projects/Thesis/data/timit/data/TRAIN/DR8/MRLK0/SX33.WAV,h# k ow kcl k ax n ah tcl k r iy m pcl p ay m ey kcl s ax n ay s dcl d ix z er tcl h#, k oʊ k̚ k ə n ʌ t̚ k ɹ i m p̚ p aɪ m eɪ k̚ s ə n aɪ s d̚ d ɨ z ɝ t̚ 
/home/isaac/Projects/Thesis/data/timit/data/TRAIN/DR8/MRLK0/SX393.WAV,h# sh iy y ux z ix z bcl b ow th epi n ey m s q ix nx axr tcl ch ey n jh ix bcl b l iy h#, ʃ i j ʉ z ɨ z b̚ b oʊ θ  n eɪ m s ʔ ɨ ɾ̃ ɚ t̚ tʃ eɪ n dʒ ɨ b̚ b l i 
/home/isaac/Projects/Thesis/data/timit/data/TRAIN/DR8/MRLK0/SX123.WAV,h# q ah s kcl k r ux dcl d r ay v axr ix z epi m ey f r em v aa dcl k ah q ix nx ao ix n zh ux s h#, ʔ ʌ s k̚ k ɹ ʉ d̚ d ɹ aɪ v ɚ ɨ z  m eɪ f ɹ m̩ v ɑ d̚ k ʌ ʔ ɨ ɾ̃ ɔ ɨ n ʒ ʉ s 
/home/isaac/Projects/Thesis/data/timit/data/TRAIN/DR8/MRLK0/SI843.WAV,h# t uh bcl b iy gcl ih n w ih th pau w ah dx ih z eh n ix n tcl t er ix axr dcl d iy z ay nx er h#, t ʊ b̚ b i ɡ̚ ɪ n w ɪ θ  w ʌ ɾ ɪ z ɛ n ɨ n t̚ t ɝ ɨ ɚ d̚ d i z aɪ ɾ̃ ɝ 
/home/isaac/Projects/Thesis/data/timit/data/TRAIN/DR8/MRLK0/SI1468.WAV,h# ax pcl p r ih z ih z ix n tcl t r ae n s ih dx ix s eh dx ah pcl s uh dh eh dx ix dx ix z l ay n dcl d pau w ix th r ih s pcl p eh kcl t ix tcl t r ux n ao r th h#, ə p̚ p ɹ ɪ z ɪ z ɨ n t̚ t ɹ æ n s ɪ ɾ ɨ s ɛ ɾ ʌ p̚ s ʊ ð ɛ ɾ ɨ ɾ ɨ z l aɪ n d̚ d  w ɨ θ ɹ ɪ s p̚ p ɛ k̚ t ɨ t̚ t ɹ ʉ n ɔ ɹ θ 
/home/isaac/Projects/Thesis/data/timit/data/TRAIN/DR8/MRLK0/SX213.WAV,h# dh ax n ux z ey jh en s iy hv ay axr dx ax gcl g r ey tcl jh er n ax l ih s tcl t h#, ð ə n ʉ z eɪ dʒ n̩ s i ɦ aɪ ɚ ɾ ə ɡ̚ ɡ ɹ eɪ t̚ dʒ ɝ n ə l ɪ s t̚ t 
/home/isaac/Projects/Thesis/data/timit/data/TRAIN/DR8/MRLK0/SI2140.WAV,h# w ax z ih dx ih dx ix hv ih s tcl t eh r ix kcl k el r axr l iy s f em dh ax l ao ng s tcl t r ey n ih v ih jh el ax n s ax v dh ow z w iy kcl s h#, w ə z ɪ ɾ ɪ ɾ ɨ ɦ ɪ s t̚ t ɛ ɹ ɨ k̚ k l̩ ɹ ɚ l i s f m̩ ð ə l ɔ ŋ s t̚ t ɹ eɪ n ɪ v ɪ dʒ l̩ ə n s ə v ð oʊ z w i k̚ s 
/home/isaac/Projects/Thesis/data/timit/data/TRAIN/DR8/MRLK0/SX303.WAV,h# dh ax bcl b l uw dcl jh ey f l uw ow v axr dh ax hv ay bcl b ih l dcl ih n h#, ð ə b̚ b l u d̚ dʒ eɪ f l u oʊ v ɚ ð ə ɦ aɪ b̚ b ɪ l d̚ ɪ n 
/home/isaac/Projects/Thesis/data/timit/data/TRAIN/DR8/MTCS0/SX442.WAV,h# s ax bcl b er bcl axr n hv aw s epi w ay v z q ao f tcl t ix n s ah f axr f r ax m dh ix gcl g ae bcl b hv ae bcl b ix tcl t h#, s ə b̚ b ɝ b̚ ɚ n ɦ aʊ s  w aɪ v z ʔ ɔ f t̚ t ɨ n s ʌ f ɚ f ɹ ə m ð ɨ ɡ̚ ɡ æ b̚ b ɦ æ b̚ b ɨ t̚ t 
/home/isaac/Projects/Thesis/data/timit/data/TRAIN/DR8/MTCS0/SI1972.WAV,h# p er f ix kcl t pau hh iy th ao tcl h#, p ɝ f ɨ k̚ t  h i θ ɔ t̚ 
/home/isaac/Projects/Thesis/data/timit/data/TRAIN/DR8/MTCS0/SX352.WAV,h# ax kcl k ao r dx ih n dx ax m ay en tcl t er pcl p axr tcl t ey sh en ax dh ax-h pcl p r aa bcl b em pau t ux l ay n z epi m ah s bcl b iy pcl p er pcl p ix n dcl d ih kcl k ix l axr h#, ə k̚ k ɔ ɹ ɾ ɪ n ɾ ə m aɪ n̩ t̚ t ɝ p̚ p ɚ t̚ t eɪ ʃ n̩ ə ð ə̥ p̚ p ɹ ɑ b̚ b m̩  t ʉ l aɪ n z  m ʌ s b̚ b i p̚ p ɝ p̚ p ɨ n d̚ d ɪ k̚ k ɨ l ɚ 
/home/isaac/Projects/Thesis/data/timit/data/TRAIN/DR8/MTCS0/SI2265.WAV,h# dh ae w er m ax m er dcl d er h#, ð æ w ɝ m ə m ɝ d̚ d ɝ 
/home/isaac/Projects/Thesis/data/timit/data/TRAIN/DR8/MTCS0/SX172.WAV,h# dh ax tcl t r ay ah m f ax n q w oy er ix gcl g z ih bcl b ix tcl t ih dcl n ay iy v hv eh r ow ih z ax m h#, ð ə t̚ t ɹ aɪ ʌ m f ə n ʔ w ɔɪ ɝ ɨ ɡ̚ ɡ z ɪ b̚ b ɨ t̚ t ɪ d̚ n aɪ i v ɦ ɛ ɹ oʊ ɪ z ə m 
/home/isaac/Projects/Thesis/data/timit/data/TRAIN/DR8/MTCS0/SX82.WAV,h# g uh dcl d s er v ih sh ih dcl b iy r ix w ao r dx ih dcl b ay bcl b ih gcl t ih pcl p s h#, ɡ ʊ d̚ d s ɝ v ɪ ʃ ɪ d̚ b i ɹ ɨ w ɔ ɹ ɾ ɪ d̚ b aɪ b̚ b ɪ ɡ̚ t ɪ p̚ p s 
/home/isaac/Projects/Thesis/data/timit/data/TRAIN/DR8/MTCS0/SX262.WAV,h# k eh n dh iy ey dcl jh ih n s iy ow v axr th r ow ey l iy ix n f ao r s ax s h#, k ɛ n ð i eɪ d̚ dʒ ɪ n s i oʊ v ɚ θ ɹ oʊ eɪ l i ɨ n f ɔ ɹ s ə s 
/home/isaac/Projects/Thesis/data/timit/data/TRAIN/DR8/MTCS0/SI712.WAV,h# aw axr f er s tcl en s eh s ix dx iy pau q ae tcl dh ax v er iy aw tcl s eh dx ax v w ao r pau ih z pcl p ow s ix tcl t ae kcl k r ax kcl k aa nx ax s ax n tcl s h#, aʊ ɚ f ɝ s t̚ n̩ s ɛ s ɨ ɾ i  ʔ æ t̚ ð ə v ɝ i aʊ t̚ s ɛ ɾ ə v w ɔ ɹ  ɪ z p̚ p oʊ s ɨ t̚ t æ k̚ k ɹ ə k̚ k ɑ ɾ̃ ə s ə n t̚ s 
/home/isaac/Projects/Thesis/data/timit/data/TRAIN/DR8/FKLH0/SI627.WAV,h# dh ix hh y ux m er ix v dh ix s ih tcl ch uw w ey sh ix n kcl k eh n bcl b iy ih m ae dcl jh ix n d h#, ð ɨ h j ʉ m ɝ ɨ v ð ɨ s ɪ t̚ tʃ u w eɪ ʃ ɨ n k̚ k ɛ n b̚ b i ɪ m æ d̚ dʒ ɨ n d 
/home/isaac/Projects/Thesis/data/timit/data/TRAIN/DR8/FKLH0/SX357.WAV,h# dh ix m oy s tcl ch er ix n m ay q ay z ix z f axr m pau q ay dcl d r aa pcl s pau n aa tcl f r em tcl t iy axr z h#, ð ɨ m ɔɪ s t̚ tʃ ɝ ɨ n m aɪ ʔ aɪ z ɨ z f ɚ m  ʔ aɪ d̚ d ɹ ɑ p̚ s  n ɑ t̚ f ɹ m̩ t̚ t i ɚ z 
/home/isaac/Projects/Thesis/data/timit/data/TRAIN/DR8/FKLH0/SX177.WAV,h# d ix z kcl k r iy ow kcl k uh kcl k iy ng y ux z kcl k er iy h#, d ɨ z k̚ k ɹ i oʊ k̚ k ʊ k̚ k i ŋ j ʉ z k̚ k ɝ i 
/home/isaac/Projects/Thesis/data/timit/data/TRAIN/DR8/FKLH0/SX267.WAV,h# d r ao q eh v r iy q aw dx er l ay n f er s tcl pau dh ih n f ih l ih n dh iy ix n tcl t ih r ih axr h#, d ɹ ɔ ʔ ɛ v ɹ i ʔ aʊ ɾ ɝ l aɪ n f ɝ s t̚  ð ɪ n f ɪ l ɪ n ð i ɨ n t̚ t ɪ ɹ ɪ ɚ 
/home/isaac/Projects/Thesis/data/timit/data/TRAIN/DR8/FKLH0/SX447.WAV,h# f er s tcl t q ae dcl m ih l kcl t ax-h dh ix sh r eh dx ix dcl ch iy z h#, f ɝ s t̚ t ʔ æ d̚ m ɪ l k̚ t ə̥ ð ɨ ʃ ɹ ɛ ɾ ɨ d̚ tʃ i z 
/home/isaac/Projects/Thesis/data/timit/data/TRAIN/DR8/FKLH0/SI1887.WAV,h# q eh nx iy th ix ng r ao ng kcl k ae pcl em h#, ʔ ɛ ɾ̃ i θ ɨ ŋ ɹ ɔ ŋ k̚ k æ p̚ m̩ 
/home/isaac/Projects/Thesis/data/timit/data/TRAIN/DR8/FKLH0/SI1257.WAV,h# f ao r dx iy s eh v ix n s tcl t ey tcl t s ix s ay n ao r pcl p axr v ay dcl d v iy hv ih kcl k el z f axr q ix m pcl p l oy iy z ax n s tcl t ey tcl b ih z n ix s h#, f ɔ ɹ ɾ i s ɛ v ɨ n s t̚ t eɪ t̚ t s ɨ s aɪ n ɔ ɹ p̚ p ɚ v aɪ d̚ d v i ɦ ɪ k̚ k l̩ z f ɚ ʔ ɨ m p̚ p l ɔɪ i z ə n s t̚ t eɪ t̚ b ɪ z n ɨ s 
/home/isaac/Projects/Thesis/data/timit/data/TRAIN/DR8/FKLH0/SX87.WAV,h# p r ih m ix tcl t ih v tcl t r ay bcl b z hh ae v ix n q ah pcl b iy tcl q ae dx ix tcl t ux dcl d h#, p ɹ ɪ m ɨ t̚ t ɪ v t̚ t ɹ aɪ b̚ b z h æ v ɨ n ʔ ʌ p̚ b i t̚ ʔ æ ɾ ɨ t̚ t ʉ d̚ d 
/home/isaac/Projects/Thesis/data/timit/data/TRAIN/DR8/FPLS0/SI960.WAV,h# n ow gcl g r ux pcl p uh v aa v ix s axr z kcl k ey m ih n epi f axr m ao r s pcl p ih r dx ix dcl d ix n ah n epi s iy ey sh en dh ix n ah dcl d aa kcl t axr z h#, n oʊ ɡ̚ ɡ ɹ ʉ p̚ p ʊ v ɑ v ɨ s ɚ z k̚ k eɪ m ɪ n  f ɚ m ɔ ɹ s p̚ p ɪ ɹ ɾ ɨ d̚ d ɨ n ʌ n  s i eɪ ʃ n̩ ð ɨ n ʌ d̚ d ɑ k̚ t ɚ z 
/home/isaac/Projects/Thesis/data/timit/data/TRAIN/DR8/FPLS0/SX3.WAV,h# dh ih s w ah z iy z iy f er q ah s h#, ð ɪ s w ʌ z i z i f ɝ ʔ ʌ s 
/home/isaac/Projects/Thesis/data/timit/data/TRAIN/DR8/FPLS0/SX330.WAV,h# k aw n tcl dh ix n ah m bcl b er ix v tcl t iy s pcl p ux n z ix v s oy s ao s dh eh q y ux ae dcl d h#, k aʊ n t̚ ð ɨ n ʌ m b̚ b ɝ ɨ v t̚ t i s p̚ p ʉ n z ɨ v s ɔɪ s ɔ s ð ɛ ʔ j ʉ æ d̚ d 
/home/isaac/Projects/Thesis/data/timit/data/TRAIN/DR8/FPLS0/SX60.WAV,h# dh ax l eh dcl jh ix s l ey tcl ch axr m eh tcl t ix dcl jh ah dcl jh epi dh ix s tcl t ey dx ix v pcl p ah bcl b l ix kcl k eh dcl jh ix kcl k ey sh en h#, ð ə l ɛ d̚ dʒ ɨ s l eɪ t̚ tʃ ɚ m ɛ t̚ t ɨ d̚ dʒ ʌ d̚ dʒ  ð ɨ s t̚ t eɪ ɾ ɨ v p̚ p ʌ b̚ b l ɨ k̚ k ɛ d̚ dʒ ɨ k̚ k eɪ ʃ n̩ 
/home/isaac/Projects/Thesis/data/timit/data/TRAIN/DR8/FPLS0/SI1590.WAV,h# w ix th hh ih z kcl k l ah bcl f uh q hv iy m ay q w uh l bcl b iy gcl g r ay q f el h#, w ɨ θ h ɪ z k̚ k l ʌ b̚ f ʊ ʔ ɦ i m aɪ ʔ w ʊ l b̚ b i ɡ̚ ɡ ɹ aɪ ʔ f l̩ 
/home/isaac/Projects/Thesis/data/timit/data/TRAIN/DR8/FPLS0/SX150.WAV,h# v iy ix dx n ih m iy z kcl k ux z iy n ih z ih kcl k s kcl k w ih z ih q h#, v i ɨ ɾ n ɪ m i z k̚ k ʉ z i n ɪ z ɪ k̚ k s k̚ k w ɪ z ɪ ʔ 
/home/isaac/Projects/Thesis/data/timit/data/TRAIN/DR8/FPLS0/SI2220.WAV,h# dh ax r eh dcl p ih l z er ah v ay dx ix m ih nx ih n ay axr n kcl k aa m pcl p aw n dcl d h#, ð ə ɹ ɛ d̚ p ɪ l z ɝ ʌ v aɪ ɾ ɨ m ɪ ɾ̃ ɪ n aɪ ɚ n k̚ k ɑ m p̚ p aʊ n d̚ d 
/home/isaac/Projects/Thesis/data/timit/data/TRAIN/DR8/FPLS0/SX240.WAV,h# ix tcl s n aa q iy z iy dx ix kcl k r iy ey ix l ux m ix n ey dx ih ng ix gcl z ae m pcl p el z h#, ɨ t̚ s n ɑ ʔ i z i ɾ ɨ k̚ k ɹ i eɪ ɨ l ʉ m ɨ n eɪ ɾ ɪ ŋ ɨ ɡ̚ z æ m p̚ p l̩ z 
/home/isaac/Projects/Thesis/data/timit/data/TRAIN/DR8/FJRB0/SX312.WAV,h# dh ow z ae n epi s axr z w uh bcl b iy sh tcl t r ey tcl f ao r dcl d ix f y ux th ix ng kcl k dh ix m th r ux kcl k eh r f ax l iy f er s tcl t h#, ð oʊ z æ n  s ɚ z w ʊ b̚ b i ʃ t̚ t ɹ eɪ t̚ f ɔ ɹ d̚ d ɨ f j ʉ θ ɨ ŋ k̚ k ð ɨ m θ ɹ ʉ k̚ k ɛ ɹ f ə l i f ɝ s t̚ t 
/home/isaac/Projects/Thesis/data/timit/data/TRAIN/DR8/FJRB0/SX402.WAV,h# w ih l s er v r ux bcl b aa r bcl p ay ae f tcl t axr r ey tcl ch el z tcl t ao kcl k h#, w ɪ l s ɝ v ɹ ʉ b̚ b ɑ ɹ b̚ p aɪ æ f t̚ t ɚ ɹ eɪ t̚ tʃ l̩ z t̚ t ɔ k̚ k 
/home/isaac/Projects/Thesis/data/timit/data/TRAIN/DR8/FJRB0/SI1932.WAV,h# hv w ay hv iy z gcl g oy ng dcl d ix kcl k ih l m iy hv ih epi th ao q w aa l dcl d l iy h#, ɦ w aɪ ɦ i z ɡ̚ ɡ ɔɪ ŋ d̚ d ɨ k̚ k ɪ l m i ɦ ɪ  θ ɔ ʔ w ɑ l d̚ d l i 
/home/isaac/Projects/Thesis/data/timit/data/TRAIN/DR8/FJRB0/SI1302.WAV,h# m ao r ao f tcl t ix n iy z ao f ax-h s ix z axr r iy sh tcl t r ih kcl t ax-h tcl t ix dh ix gcl g ae dh axr ix ng ix v em pcl p ix r ix kcl k el dcl d ey dx ax h#, m ɔ ɹ ɔ f t̚ t ɨ n i z ɔ f ə̥ s ɨ z ɚ ɹ i ʃ t̚ t ɹ ɪ k̚ t ə̥ t̚ t ɨ ð ɨ ɡ̚ ɡ æ ð ɚ ɨ ŋ ɨ v m̩ p̚ p ɨ ɹ ɨ k̚ k l̩ d̚ d eɪ ɾ ə 
/home/isaac/Projects/Thesis/data/timit/data/TRAIN/DR8/FJRB0/SI672.WAV,h# n ah n sh uh dx ae s kcl k l eh s h#, n ʌ n ʃ ʊ ɾ æ s k̚ k l ɛ s 
/home/isaac/Projects/Thesis/data/timit/data/TRAIN/DR8/FJRB0/SX132.WAV,h# p ax bcl b l ih s ix dcl d iy ae n ow r ay eh dcl d iy gcl g ow hv ae n dcl d ix n hv ae n dcl h#, p ə b̚ b l ɪ s ɨ d̚ d i æ n oʊ ɹ aɪ ɛ d̚ d i ɡ̚ ɡ oʊ ɦ æ n d̚ d ɨ n ɦ æ n d̚ 
/home/isaac/Projects/Thesis/data/timit/data/TRAIN/DR8/FJRB0/SX222.WAV,h# y ix ao l w iy z kcl k ah m ah pcl w ix pcl p ae th ax l aa dcl jh ax-h kcl k el ix gcl g z ae m pcl p el z h#, j ɨ ɔ l w i z k̚ k ʌ m ʌ p̚ w ɨ p̚ p æ θ ə l ɑ d̚ dʒ ə̥ k̚ k l̩ ɨ ɡ̚ ɡ z æ m p̚ p l̩ z 
/home/isaac/Projects/Thesis/data/timit/data/TRAIN/DR8/FJRB0/SX42.WAV,h# b ih bcl b ix kcl k el s kcl k aa l axr z q aa r gcl g y ux hv ih s tcl t r iy h#, b ɪ b̚ b ɨ k̚ k l̩ s k̚ k ɑ l ɚ z ʔ ɑ ɹ ɡ̚ ɡ j ʉ ɦ ɪ s t̚ t ɹ i 
/home/isaac/Projects/Thesis/data/timit/data/TRAIN/DR8/FBCG1/SX442.WAV,h# s ix bcl b er v ih n hv aw s epi w ay z ao f ix n s ah f axr f r ax m dh ix gcl g ae bcl hv ae bcl b ih tcl h#, s ɨ b̚ b ɝ v ɪ n ɦ aʊ s  w aɪ z ɔ f ɨ n s ʌ f ɚ f ɹ ə m ð ɨ ɡ̚ ɡ æ b̚ ɦ æ b̚ b ɪ t̚ 
/home/isaac/Projects/Thesis/data/timit/data/TRAIN/DR8/FBCG1/SX352.WAV,h# ix kcl k ao r dx iy n tcl t ax m ay ix n tcl t er v axr tcl t ey sh en ah dh ax pcl p r aa bcl b l ax m pau t ux l ay n z m ah s bcl b iy pcl p er pcl p ix n dcl d ih kcl k y ix l axr h#, ɨ k̚ k ɔ ɹ ɾ i n t̚ t ə m aɪ ɨ n t̚ t ɝ v ɚ t̚ t eɪ ʃ n̩ ʌ ð ə p̚ p ɹ ɑ b̚ b l ə m  t ʉ l aɪ n z m ʌ s b̚ b i p̚ p ɝ p̚ p ɨ n d̚ d ɪ k̚ k j ɨ l ɚ 
/home/isaac/Projects/Thesis/data/timit/data/TRAIN/DR8/FBCG1/SX172.WAV,h# dh ax tcl t r ae ah m f ih n q w ao r iy er q ix gcl z ih v ix dx ih dcl pau n ay iy v hh ih r ow ix z em h#, ð ə t̚ t ɹ æ ʌ m f ɪ n ʔ w ɔ ɹ i ɝ ʔ ɨ ɡ̚ z ɪ v ɨ ɾ ɪ d̚  n aɪ i v h ɪ ɹ oʊ ɨ z m̩ 
/home/isaac/Projects/Thesis/data/timit/data/TRAIN/DR8/FBCG1/SX82.WAV,h# g uh dcl s er v ih sh ih dcl b iy r iy w ao r dx ih dcl b ay bcl b ih gcl t ih pcl s h#, ɡ ʊ d̚ s ɝ v ɪ ʃ ɪ d̚ b i ɹ i w ɔ ɹ ɾ ɪ d̚ b aɪ b̚ b ɪ ɡ̚ t ɪ p̚ s 
/home/isaac/Projects/Thesis/data/timit/data/TRAIN/DR8/FBCG1/SI2242.WAV,h# t w eh n tcl t iy tcl t ux ao r tcl t w eh n tcl t iy th r iy h#, t w ɛ n t̚ t i t̚ t ʉ ɔ ɹ t̚ t w ɛ n t̚ t i θ ɹ i 
/home/isaac/Projects/Thesis/data/timit/data/TRAIN/DR8/FBCG1/SX262.WAV,h# k ae n dh iy ey dcl jh ih n s iy q ow v axr th r ow q ey l iy ix n f ao r s ih z h#, k æ n ð i eɪ d̚ dʒ ɪ n s i ʔ oʊ v ɚ θ ɹ oʊ ʔ eɪ l i ɨ n f ɔ ɹ s ɪ z 
/home/isaac/Projects/Thesis/data/timit/data/TRAIN/DR8/FBCG1/SI1612.WAV,h# dh ey v n eh v axr m eh tcl pau y ix n ow h#, ð eɪ v n ɛ v ɚ m ɛ t̚  j ɨ n oʊ 
/home/isaac/Projects/Thesis/data/timit/data/TRAIN/DR8/FBCG1/SI982.WAV,h# t eh q n ih s kcl k ih dcl b iy ah v oy dx ih dcl b ay pcl p ao r ix ng w ao r m tcl t er pcl p ix n tcl t ay n q ow v er ax w ux n dcl d h#, t ɛ ʔ n ɪ s k̚ k ɪ d̚ b i ʌ v ɔɪ ɾ ɪ d̚ b aɪ p̚ p ɔ ɹ ɨ ŋ w ɔ ɹ m t̚ t ɝ p̚ p ɨ n t̚ t aɪ n ʔ oʊ v ɝ ə w ʉ n d̚ d 
/home/isaac/Projects/Thesis/data/timit/data/TRAIN/DR8/FMBG0/SI1160.WAV,h# n iy dh axr hv ih z ae pcl p ax tcl t ay tcl s pau hh ih z ix kcl k z ae s axr bcl b ey sh en z pau n ao r hv ih z dcl d ix s pcl p eh r w axr kcl k ih n tcl t ix y ao axr z h#, n i ð ɚ ɦ ɪ z æ p̚ p ə t̚ t aɪ t̚ s  h ɪ z ɨ k̚ k z æ s ɚ b̚ b eɪ ʃ n̩ z  n ɔ ɹ ɦ ɪ z d̚ d ɨ s p̚ p ɛ ɹ w ɚ k̚ k ɪ n t̚ t ɨ j ɔ ɚ z 
/home/isaac/Projects/Thesis/data/timit/data/TRAIN/DR8/FMBG0/SX3.WAV,h# dh ih s epi w ah z iy z iy f ao r ah s h#, ð ɪ s  w ʌ z i z i f ɔ ɹ ʌ s 
/home/isaac/Projects/Thesis/data/timit/data/TRAIN/DR8/FMBG0/SI2264.WAV,h# hh eh l ow bcl b ao s hh iy s eh dx ix ng gcl g r ih n dcl d h#, h ɛ l oʊ b̚ b ɔ s h i s ɛ ɾ ɨ ŋ ɡ̚ ɡ ɹ ɪ n d̚ d 
/home/isaac/Projects/Thesis/data/timit/data/TRAIN/DR8/FMBG0/SX350.WAV,h# m eh nx iy w eh l th iy tcl t ay kcl k ux n s pcl p l er jh dcl ix m bcl b ao q bcl b ow th ix y aa q ih n ix s kcl k ux nx er h#, m ɛ ɾ̃ i w ɛ l θ i t̚ t aɪ k̚ k ʉ n s p̚ p l ɝ dʒ d̚ ɨ m b̚ b ɔ ʔ b̚ b oʊ θ ɨ j ɑ ʔ ɪ n ɨ s k̚ k ʉ ɾ̃ ɝ 
/home/isaac/Projects/Thesis/data/timit/data/TRAIN/DR8/FMBG0/SX260.WAV,h# r iy m eh m axr tcl t uw ax l aw ay dcl d eh nx ix kcl k el tcl t w ih n z tcl t uw eh n tcl t axr f r iy l iy h#, ɹ i m ɛ m ɚ t̚ t u ə l aʊ aɪ d̚ d ɛ ɾ̃ ɨ k̚ k l̩ t̚ t w ɪ n z t̚ t u ɛ n t̚ t ɚ f ɹ i l i 
/home/isaac/Projects/Thesis/data/timit/data/TRAIN/DR8/FMBG0/SI1790.WAV,h# ow y eh s pau hh iy tcl t ao kcl t ax bcl b aw tcl d uw iy ng s ow h#, oʊ j ɛ s  h i t̚ t ɔ k̚ t ə b̚ b aʊ t̚ d u i ŋ s oʊ 
/home/isaac/Projects/Thesis/data/timit/data/TRAIN/DR8/FMBG0/SX440.WAV,h# dh iy ae dcl v axr tcl t ay z iy ng v er s q ax v pcl p l ih m ix th v er ay dx ix s tcl t ao r n eh v axr tcl ch ey n dcl jh ix z h#, ð i æ d̚ v ɚ t̚ t aɪ z i ŋ v ɝ s ʔ ə v p̚ p l ɪ m ɨ θ v ɝ aɪ ɾ ɨ s t̚ t ɔ ɹ n ɛ v ɚ t̚ tʃ eɪ n d̚ dʒ ɨ z 
/home/isaac/Projects/Thesis/data/timit/data/TRAIN/DR8/FMBG0/SX80.WAV,h# ih tcl s ih l iy gcl g el dcl d ax pcl p ow s tcl d ey dx ax tcl ch eh kcl k h#, ɪ t̚ s ɪ l i ɡ̚ ɡ l̩ d̚ d ə p̚ p oʊ s t̚ d eɪ ɾ ə t̚ tʃ ɛ k̚ k 
/home/isaac/Projects/Thesis/data/timit/data/TRAIN/DR8/MRRE0/SI952.WAV,h# dh ae dx ih kcl k s pcl p ih r iy ih n s hh ow l dcl z ax l eh s ix n f axr ah s q ao l ix n r iy gcl g aa r dcl t ux bcl b er th kcl k en tcl t r ow l tcl t ix dcl d ey h#, ð æ ɾ ɪ k̚ k s p̚ p ɪ ɹ i ɪ n s h oʊ l d̚ z ə l ɛ s ɨ n f ɚ ʌ s ʔ ɔ l ɨ n ɹ i ɡ̚ ɡ ɑ ɹ d̚ t ʉ b̚ b ɝ θ k̚ k n̩ t̚ t ɹ oʊ l t̚ t ɨ d̚ d eɪ 
/home/isaac/Projects/Thesis/data/timit/data/TRAIN/DR8/MRRE0/SX344.WAV,h# q ay n ow q ay dcl d ih dcl d en m iy tcl t hh er q er l iy q iy n ah f h#, ʔ aɪ n oʊ ʔ aɪ d̚ d ɪ d̚ d n̩ m i t̚ t h ɝ ʔ ɝ l i ʔ i n ʌ f 
/home/isaac/Projects/Thesis/data/timit/data/TRAIN/DR8/MRRE0/SX74.WAV,h# ae n ah f ih sh el dcl d eh dcl d l ay n kcl k ix n aa tcl b iy pcl p ow s tcl p ow n dcl d h#, æ n ʌ f ɪ ʃ l̩ d̚ d ɛ d̚ d l aɪ n k̚ k ɨ n ɑ t̚ b i p̚ p oʊ s t̚ p oʊ n d̚ d 
/home/isaac/Projects/Thesis/data/timit/data/TRAIN/DR8/MRRE0/SI1334.WAV,h# m ay kcl k axr s kcl k aa pcl p ix kcl k l iy pau dh eh r w ax z q eh m pcl f ix z iy m ah pau f ay bcl b r ow s ih s pau ix n v ae s kcl k y ix l er kcl k ix n dcl jh eh s tcl ch ix n h#, m aɪ k̚ k ɚ s k̚ k ɑ p̚ p ɨ k̚ k l i  ð ɛ ɹ w ə z ʔ ɛ m p̚ f ɨ z i m ʌ  f aɪ b̚ b ɹ oʊ s ɪ s  ɨ n v æ s k̚ k j ɨ l ɝ k̚ k ɨ n d̚ dʒ ɛ s t̚ tʃ ɨ n 
/home/isaac/Projects/Thesis/data/timit/data/TRAIN/DR8/MRRE0/SI704.WAV,h# q ow pau y ax l w aa bcl b el ix n w iy v kcl k w ay dx ix bcl b ih tcl q eh tcl f er s tcl t h#, ʔ oʊ  j ə l w ɑ b̚ b l̩ ɨ n w i v k̚ k w aɪ ɾ ɨ b̚ b ɪ t̚ ʔ ɛ t̚ f ɝ s t̚ t 
/home/isaac/Projects/Thesis/data/timit/data/TRAIN/DR8/MRRE0/SX254.WAV,h# d ux dh ey ax l aw q ey th iy ih s tcl s q ix n tcl ch er tcl ch h#, d ʉ ð eɪ ə l aʊ ʔ eɪ θ i ɪ s t̚ s ʔ ɨ n t̚ tʃ ɝ t̚ tʃ 
/home/isaac/Projects/Thesis/data/timit/data/TRAIN/DR8/MRRE0/SX164.WAV,h# k y er iy aa s ix tcl t iy pau eh n m iy dcl d iy aa kcl k axr tcl t iy s eh l dcl d ax m kcl k ow ih gcl g z ih s tcl t h#, k j ɝ i ɑ s ɨ t̚ t i  ɛ n m i d̚ d i ɑ k̚ k ɚ t̚ t i s ɛ l d̚ d ə m k̚ k oʊ ɪ ɡ̚ ɡ z ɪ s t̚ t 
/home/isaac/Projects/Thesis/data/timit/data/TRAIN/DR8/MRRE0/SX434.WAV,h# iy tcl sh tcl t ae gcl g pau sh er l iy f ay n z ax bcl b ih gcl g f ao n h#, i t̚ ʃ t̚ t æ ɡ̚ ɡ  ʃ ɝ l i f aɪ n z ə b̚ b ɪ ɡ̚ ɡ f ɔ n 
/home/isaac/Projects/Thesis/data/timit/data/TRAIN/DR8/MKRG0/SX31.WAV,h# ix gcl g uh dx ae dx ih tcl t ux dx ix z ah n bcl b iy dx ax bcl b el h#, ɨ ɡ̚ ɡ ʊ ɾ æ ɾ ɪ t̚ t ʉ ɾ ɨ z ʌ n b̚ b i ɾ ə b̚ b l̩ 
/home/isaac/Projects/Thesis/data/timit/data/TRAIN/DR8/MKRG0/SX51.WAV,h# q eh m b ix dcl d eh kcl s tcl t r iy ix s pcl p ih kcl p aa kcl k ix tcl s ax kcl k aa m pcl p l ix sh epi m ao r h#, ʔ ɛ m b ɨ d̚ d ɛ k̚ s t̚ t ɹ i ɨ s p̚ p ɪ k̚ p ɑ k̚ k ɨ t̚ s ə k̚ k ɑ m p̚ p l ɨ ʃ  m ɔ ɹ 
/home/isaac/Projects/Thesis/data/timit/data/TRAIN/DR8/MKRG0/SX141.WAV,h# p l eh dcl jh tcl t ax-h pcl p axr tcl t ih s pcl p ey tcl pau en ax v aa dx ax z pau ax kcl k w aa dx ix kcl k aa m pcl p tcl t ih sh ix n h#, p l ɛ d̚ dʒ t̚ t ə̥ p̚ p ɚ t̚ t ɪ s p̚ p eɪ t̚  n̩ ə v ɑ ɾ ə z  ə k̚ k w ɑ ɾ ɨ k̚ k ɑ m p̚ p t̚ t ɪ ʃ ɨ n 
/home/isaac/Projects/Thesis/data/timit/data/TRAIN/DR8/MKRG0/SI861.WAV,h# l ey dx ix s epi m aa dx el s er v hv aa q m iy l z ix q r iy z en bcl b el pcl p r ay s epi ix z pau ix n eh dx axr pcl p r aa f ix tcl t ax-h y ux h#, l eɪ ɾ ɨ s  m ɑ ɾ l̩ s ɝ v ɦ ɑ ʔ m i l z ɨ ʔ ɹ i z n̩ b̚ b l̩ p̚ p ɹ aɪ s  ɨ z  ɨ n ɛ ɾ ɚ p̚ p ɹ ɑ f ɨ t̚ t ə̥ j ʉ 
/home/isaac/Projects/Thesis/data/timit/data/TRAIN/DR8/MKRG0/SX411.WAV,h# b ah dx axr s kcl k aa tcl ch f ah dcl jh gcl g uh z w eh l w ax th v ix n ih l ax q ay s kcl k r iy m h#, b ʌ ɾ ɚ s k̚ k ɑ t̚ tʃ f ʌ d̚ dʒ ɡ̚ ɡ ʊ z w ɛ l w ə θ v ɨ n ɪ l ə ʔ aɪ s k̚ k ɹ i m 
/home/isaac/Projects/Thesis/data/timit/data/TRAIN/DR8/MKRG0/SI1491.WAV,h# hh iy m ih r l iy s eh dcl pau q ix nx iy gcl g uh dcl d eh kcl k r ey dx er dh iy z dcl d ey z kcl k ix n m ey kcl k y ux ax tcl t ey s f el hv ow m h#, h i m ɪ ɹ l i s ɛ d̚  ʔ ɨ ɾ̃ i ɡ̚ ɡ ʊ d̚ d ɛ k̚ k ɹ eɪ ɾ ɝ ð i z d̚ d eɪ z k̚ k ɨ n m eɪ k̚ k j ʉ ə t̚ t eɪ s f l̩ ɦ oʊ m 
/home/isaac/Projects/Thesis/data/timit/data/TRAIN/DR8/MKRG0/SI2121.WAV,h# ax n ah dh er f iy l dcl d hh ix dcl d gcl g ih v ix n hv ix m f ey m ix n ah f tcl t ix s ae dx ix s f ay q ih n iy q iy gcl g uh tcl t ih s tcl t h#, ə n ʌ ð ɝ f i l d̚ d h ɨ d̚ d ɡ̚ ɡ ɪ v ɨ n ɦ ɨ m f eɪ m ɨ n ʌ f t̚ t ɨ s æ ɾ ɨ s f aɪ ʔ ɪ n i ʔ i ɡ̚ ɡ ʊ t̚ t ɪ s t̚ t 
/home/isaac/Projects/Thesis/data/timit/data/TRAIN/DR8/MKRG0/SX231.WAV,h# ay aa nx er m ay m aa m h#, aɪ ɑ ɾ̃ ɝ m aɪ m ɑ m 
/home/isaac/Projects/Thesis/data/timit/data/TRAIN/DR8/MKDD0/SX397.WAV,h# t ih m tcl t ey kcl k sh iy l ah tcl t ix s iy m uw v iy s tcl t w ay s ax w iy kcl k h#, t ɪ m t̚ t eɪ k̚ k ʃ i l ʌ t̚ t ɨ s i m u v i s t̚ t w aɪ s ə w i k̚ k 
/home/isaac/Projects/Thesis/data/timit/data/TRAIN/DR8/MKDD0/SX307.WAV,h# dh ax m iy dx iy n ih s epi n aw ax dcl jh er n dcl d h#, ð ə m i ɾ i n ɪ s  n aʊ ə d̚ dʒ ɝ n d̚ d 
/home/isaac/Projects/Thesis/data/timit/data/TRAIN/DR8/MKDD0/SX37.WAV,h# k r ih dx ih kcl k ax l ix kcl k w ih m eh n tcl n iy dcl z pcl p r aa pcl p er m ey q n ax n tcl s h#, k ɹ ɪ ɾ ɪ k̚ k ə l ɨ k̚ k w ɪ m ɛ n t̚ n i d̚ z p̚ p ɹ ɑ p̚ p ɝ m eɪ ʔ n ə n t̚ s 
/home/isaac/Projects/Thesis/data/timit/data/TRAIN/DR8/MKDD0/SI937.WAV,h# l eh tcl dh iy ao r th ix dcl d aa nx ix s tcl d iy s ay dcl dh ax pcl p r aa pcl p axr tcl t ay m tcl t ix s tcl t aa r tcl t r iy tcl m ix n tcl hh iy er dcl jh ix s h#, l ɛ t̚ ð i ɔ ɹ θ ɨ d̚ d ɑ ɾ̃ ɨ s t̚ d i s aɪ d̚ ð ə p̚ p ɹ ɑ p̚ p ɚ t̚ t aɪ m t̚ t ɨ s t̚ t ɑ ɹ t̚ t ɹ i t̚ m ɨ n t̚ h i ɝ d̚ dʒ ɨ s 
/home/isaac/Projects/Thesis/data/timit/data/TRAIN/DR8/MKDD0/SX127.WAV,h# dh iy q eh m pcl p er hh ae dx ey m iy n tcl t eh m pcl p axr h#, ð i ʔ ɛ m p̚ p ɝ h æ ɾ eɪ m i n t̚ t ɛ m p̚ p ɚ 
/home/isaac/Projects/Thesis/data/timit/data/TRAIN/DR8/MKDD0/SX217.WAV,h# hh aw pcl p er m ah n eh n q aa r dh eh r eh kcl k axr dcl d s h#, h aʊ p̚ p ɝ m ʌ n ɛ n ʔ ɑ ɹ ð ɛ ɹ ɛ k̚ k ɚ d̚ d s 
/home/isaac/Projects/Thesis/data/timit/data/TRAIN/DR8/MKDD0/SI1567.WAV,h# hh iy dcl d r ow v epi s eh n ch el pcl p ae dx er n z ao f pau k eh r f ax l iy sh ey v iy ng hv ih z l ao ng q ah pcl p er q l ih pcl h#, h i d̚ d ɹ oʊ v  s ɛ n tʃ l̩ p̚ p æ ɾ ɝ n z ɔ f  k ɛ ɹ f ə l i ʃ eɪ v i ŋ ɦ ɪ z l ɔ ŋ ʔ ʌ p̚ p ɝ ʔ l ɪ p̚ 
/home/isaac/Projects/Thesis/data/timit/data/TRAIN/DR8/MKDD0/SI2197.WAV,h# dh ax w ao r dcl d w ax z ax s epi m ao l w ax n pau f ao r bcl b eh dcl z kcl k eh pcl r iy z er r f axr f iy m eh l q aw kcl k ax hv ao l ix kcl k s h#, ð ə w ɔ ɹ d̚ d w ə z ə s  m ɔ l w ə n  f ɔ ɹ b̚ b ɛ d̚ z k̚ k ɛ p̚ ɹ i z ɝ ɹ f ɚ f i m ɛ l ʔ aʊ k̚ k ə ɦ ɔ l ɨ k̚ k s 
/home/isaac/Projects/Thesis/data/timit/data/TRAIN/DR8/FCEG0/SX258.WAV,h# dh iy eh s ey q ah n dcl d en ay ax bcl b l iy r iy f l eh kcl k s aa r v y ux q ey bcl b l iy h#, ð i ɛ s eɪ ʔ ʌ n d̚ d n̩ aɪ ə b̚ b l i ɹ i f l ɛ k̚ k s ɑ ɹ v j ʉ ʔ eɪ b̚ b l i 
/home/isaac/Projects/Thesis/data/timit/data/TRAIN/DR8/FCEG0/SX348.WAV,h# aa l hv ae v ix s kcl k ux pcl p ax v dh ae tcl q ix gcl g z aa dx ih kcl p er pcl p el ix n tcl t er kcl k oy sh er bcl b ix tcl h#, ɑ l ɦ æ v ɨ s k̚ k ʉ p̚ p ə v ð æ t̚ ʔ ɨ ɡ̚ ɡ z ɑ ɾ ɪ k̚ p ɝ p̚ p l̩ ɨ n t̚ t ɝ k̚ k ɔɪ ʃ ɝ b̚ b ɨ t̚ 
/home/isaac/Projects/Thesis/data/timit/data/TRAIN/DR8/FCEG0/SI1248.WAV,h# dh iy tcl t r ah bcl el ih z th ae l ay kcl m ih nx iy s ih m bcl el z ih tcl d ah z en tcl s iy m ey v eh r iy r ih l ih s tcl t ix kcl k w ah n h#, ð i t̚ t ɹ ʌ b̚ l̩ ɪ z θ æ l aɪ k̚ m ɪ ɾ̃ i s ɪ m b̚ l̩ z ɪ t̚ d ʌ z n̩ t̚ s i m eɪ v ɛ ɹ i ɹ ɪ l ɪ s t̚ t ɨ k̚ k w ʌ n 
/home/isaac/Projects/Thesis/data/timit/data/TRAIN/DR8/FCEG0/SX78.WAV,h# d aa kcl t er z pcl p axr s kcl k r ay bcl d r ah gcl g z tcl t ix f r iy l iy h#, d ɑ k̚ t ɝ z p̚ p ɚ s k̚ k ɹ aɪ b̚ d ɹ ʌ ɡ̚ ɡ z t̚ t ɨ f ɹ i l i 
/home/isaac/Projects/Thesis/data/timit/data/TRAIN/DR8/FCEG0/SX168.WAV,h# hh ux tcl t uh kcl dh ix kcl k ay y ae kcl d aw n dh ax bcl b ay y ux h#, h ʉ t̚ t ʊ k̚ ð ɨ k̚ k aɪ j æ k̚ d aʊ n ð ə b̚ b aɪ j ʉ 
/home/isaac/Projects/Thesis/data/timit/data/TRAIN/DR8/FCEG0/SX438.WAV,h# sh eh l sh aa kcl k ao z bcl b ay sh r ae pcl q n ah l ix s ah m tcl t ay m z kcl k y er dcl th r ux gcl g r ux pcl p th eh er pcl p iy h#, ʃ ɛ l ʃ ɑ k̚ k ɔ z b̚ b aɪ ʃ ɹ æ p̚ ʔ n ʌ l ɨ s ʌ m t̚ t aɪ m z k̚ k j ɝ d̚ θ ɹ ʉ ɡ̚ ɡ ɹ ʉ p̚ p θ ɛ ɝ p̚ p i 
/home/isaac/Projects/Thesis/data/timit/data/TRAIN/DR8/FCEG0/SI1878.WAV,h# y uh l hv ae f tcl t ix tcl t r ay ix dx ax l ow n h#, j ʊ l ɦ æ f t̚ t ɨ t̚ t ɹ aɪ ɨ ɾ ə l oʊ n 
/home/isaac/Projects/Thesis/data/timit/data/TRAIN/DR8/FCEG0/SI618.WAV,h# hh iy tcl t ao kcl t ix bcl b aw tcl t q ah n ao th eh n tcl t ih kcl s tcl t ao r ix l ay n z tcl t ux h#, h i t̚ t ɔ k̚ t ɨ b̚ b aʊ t̚ t ʔ ʌ n ɔ θ ɛ n t̚ t ɪ k̚ s t̚ t ɔ ɹ ɨ l aɪ n z t̚ t ʉ 
/home/isaac/Projects/Thesis/data/timit/data/TRAIN/DR8/MMWS0/SX258.WAV,h# dh iy eh s ey ah n dcl d ih n ay ix v l iy r axr f l eh kcl k s axr v y ux ey v el ix h#, ð i ɛ s eɪ ʌ n d̚ d ɪ n aɪ ɨ v l i ɹ ɚ f l ɛ k̚ k s ɚ v j ʉ eɪ v l̩ ɨ 
/home/isaac/Projects/Thesis/data/timit/data/TRAIN/DR8/MMWS0/SX348.WAV,h# q aa l hv ae v ax s kcl k ux pcl p ax v dh ae dx ih gcl g z aa dx ix kcl p er pcl p el ix n tcl t er kcl k oy sh er bcl axr tcl h#, ʔ ɑ l ɦ æ v ə s k̚ k ʉ p̚ p ə v ð æ ɾ ɪ ɡ̚ ɡ z ɑ ɾ ɨ k̚ p ɝ p̚ p l̩ ɨ n t̚ t ɝ k̚ k ɔɪ ʃ ɝ b̚ ɚ t̚ 
/home/isaac/Projects/Thesis/data/timit/data/TRAIN/DR8/MMWS0/SI1518.WAV,h# hh ih z aa r m ux v s w ih f l iy v ay l en q l iy pau w ah n tcl t s tcl t w ay s h#, h ɪ z ɑ ɹ m ʉ v s w ɪ f l i v aɪ l n̩ ʔ l i  w ʌ n t̚ t s t̚ t w aɪ s 
/home/isaac/Projects/Thesis/data/timit/data/TRAIN/DR8/MMWS0/SX78.WAV,h# d aa kcl k tcl t axr z pcl p axr s kcl k r ay bcl d r ah gcl g z tcl t ux f r iy l iy h#, d ɑ k̚ k t̚ t ɚ z p̚ p ɚ s k̚ k ɹ aɪ b̚ d ɹ ʌ ɡ̚ ɡ z t̚ t ʉ f ɹ i l i 
/home/isaac/Projects/Thesis/data/timit/data/TRAIN/DR8/MMWS0/SX168.WAV,h# hh ux tcl t uh kcl k epi dh ix kcl k ay ae kcl d aw n dh ax bcl b ay ux hh h#, h ʉ t̚ t ʊ k̚ k  ð ɨ k̚ k aɪ æ k̚ d aʊ n ð ə b̚ b aɪ ʉ h 
/home/isaac/Projects/Thesis/data/timit/data/TRAIN/DR8/MMWS0/SX438.WAV,h# sh eh l sh aa kcl k ao z dcl b ay sh r ae pcl n el ax s ah m tcl t ay m z kcl k y er dcl th ux gcl g r ux pcl p th eh er pcl p iy h#, ʃ ɛ l ʃ ɑ k̚ k ɔ z d̚ b aɪ ʃ ɹ æ p̚ n l̩ ə s ʌ m t̚ t aɪ m z k̚ k j ɝ d̚ θ ʉ ɡ̚ ɡ ɹ ʉ p̚ p θ ɛ ɝ p̚ p i 
/home/isaac/Projects/Thesis/data/timit/data/TRAIN/DR8/MMWS0/SI888.WAV,h# q ih z ih dcl d r iy m s ih m pcl p l ix ax m eh nx el hv q ao r s axr r iy bcl b r el m uw v iy h#, ʔ ɪ z ɪ d̚ d ɹ i m s ɪ m p̚ p l ɨ ə m ɛ ɾ̃ l̩ ɦ ʔ ɔ ɹ s ɚ ɹ i b̚ b ɹ l̩ m u v i 
/home/isaac/Projects/Thesis/data/timit/data/TRAIN/DR8/MMWS0/SI559.WAV,h# dh ih s iy m dcl d aa r m pcl p r aw dx ah v ix q h#, ð ɪ s i m d̚ d ɑ ɹ m p̚ p ɹ aʊ ɾ ʌ v ɨ ʔ 
/home/isaac/Projects/Thesis/data/timit/data/TRAIN/DR1/MMRP0/SX234.WAV,h# dh ax pcl p ey pcl p axr bcl b oy bcl b ao tcl t uw q ae pcl p el z ae n dcl th r iy q ay s ix z h#, ð ə p̚ p eɪ p̚ p ɚ b̚ b ɔɪ b̚ b ɔ t̚ t u ʔ æ p̚ p l̩ z æ n d̚ θ ɹ i ʔ aɪ s ɨ z 
/home/isaac/Projects/Thesis/data/timit/data/TRAIN/DR1/MMRP0/SX54.WAV,h# dh ih q iy s tcl t ix n kcl k ow s tcl t ih z ey pcl p l ey s f ax pcl p y uh pcl p l eh zh axr ix n ix kcl k s ay tcl m ix n tcl h#, ð ɪ ʔ i s t̚ t ɨ n k̚ k oʊ s t̚ t ɪ z eɪ p̚ p l eɪ s f ə p̚ p j ʊ p̚ p l ɛ ʒ ɚ ɨ n ɨ k̚ k s aɪ t̚ m ɨ n t̚ 
/home/isaac/Projects/Thesis/data/timit/data/TRAIN/DR1/MMRP0/SX144.WAV,h# dh ax w ih l ah w iy w uh m ix n w ao ey m ah s kcl k r ae tcl k ow tcl h#, ð ə w ɪ l ʌ w i w ʊ m ɨ n w ɔ eɪ m ʌ s k̚ k ɹ æ t̚ k oʊ t̚ 
/home/isaac/Projects/Thesis/data/timit/data/TRAIN/DR1/MMRP0/SI2034.WAV,h# m ey kcl k ix tcl t kcl k ah m ao f ao l r ay tcl h#, m eɪ k̚ k ɨ t̚ t k̚ k ʌ m ɔ f ɔ l ɹ aɪ t̚ 
/home/isaac/Projects/Thesis/data/timit/data/TRAIN/DR1/MMRP0/SX324.WAV,h# dh ax l ow kcl k el dcl d r ah gcl g s tcl t ao ax w ax z tcl ch aa r z dcl d w ix th ih l iy gcl el iy dcl d ix s pcl p eh n tcl s ix ng tcl t r ae ng kcl k w el ay z ix z h#, ð ə l oʊ k̚ k l̩ d̚ d ɹ ʌ ɡ̚ ɡ s t̚ t ɔ ə w ə z t̚ tʃ ɑ ɹ z d̚ d w ɨ θ ɪ l i ɡ̚ l̩ i d̚ d ɨ s p̚ p ɛ n t̚ s ɨ ŋ t̚ t ɹ æ ŋ k̚ k w l̩ aɪ z ɨ z 
/home/isaac/Projects/Thesis/data/timit/data/TRAIN/DR1/MMRP0/SI717.WAV,h# n aw hv ih r ix z tcl t r uw l ih ey m aa r v el h#, n aʊ ɦ ɪ ɹ ɨ z t̚ t ɹ u l ɪ eɪ m ɑ ɹ v l̩ 
/home/isaac/Projects/Thesis/data/timit/data/TRAIN/DR1/MMRP0/SX414.WAV,h# ay r ix sh y ah ng gcl g s tcl t ix z q iy tcl t f r eh sh kcl k ih pcl p ix z f ax bcl b r eh kcl f ix s tcl t h#, aɪ ɹ ɨ ʃ j ʌ ŋ ɡ̚ ɡ s t̚ t ɨ z ʔ i t̚ t f ɹ ɛ ʃ k̚ k ɪ p̚ p ɨ z f ə b̚ b ɹ ɛ k̚ f ɨ s t̚ t 
/home/isaac/Projects/Thesis/data/timit/data/TRAIN/DR1/MMRP0/SI774.WAV,h# p l ey s epi w er kcl k q ao nx ey f l ae tcl t s er f ix s pau ae n dcl s epi m uw dh q aw tcl h#, p l eɪ s  w ɝ k̚ k ʔ ɔ ɾ̃ eɪ f l æ t̚ t s ɝ f ɨ s  æ n d̚ s  m u ð ʔ aʊ t̚ 
/home/isaac/Projects/Thesis/data/timit/data/TRAIN/DR1/FSMA0/SI991.WAV,h# sh ix hv ae dcl n ow w ey ah v n ow ix ng ix nx ix dcl v ae n tcl s w ix dh axr ix n aa pcl p ix tcl t uw n ix dx iy f ah m er dx er ix gcl g z ih s tcl t ix dcl h#, ʃ ɨ ɦ æ d̚ n oʊ w eɪ ʌ v n oʊ ɨ ŋ ɨ ɾ̃ ɨ d̚ v æ n t̚ s w ɨ ð ɚ ɨ n ɑ p̚ p ɨ t̚ t u n ɨ ɾ i f ʌ m ɝ ɾ ɝ ɨ ɡ̚ ɡ z ɪ s t̚ t ɨ d̚ 
/home/isaac/Projects/Thesis/data/timit/data/TRAIN/DR1/FSMA0/SX271.WAV,h# b ix kcl k eh f el n aa tcl t ax-h pcl p l aw q ow v ax dh ax f l aw axr bcl b eh dcl d z h#, b ɨ k̚ k ɛ f l̩ n ɑ t̚ t ə̥ p̚ p l aʊ ʔ oʊ v ə ð ə f l aʊ ɚ b̚ b ɛ d̚ d z 
/home/isaac/Projects/Thesis/data/timit/data/TRAIN/DR1/FSMA0/SX451.WAV,h# dh ih th ih kcl k q eh l m epi f aa r ix s epi w ax z epi n ih l iy q ow v ax w eh l m bcl b ay dcl d ah tcl ch q eh l m dcl d ix z iy z h#, ð ɪ θ ɪ k̚ k ʔ ɛ l m  f ɑ ɹ ɨ s  w ə z  n ɪ l i ʔ oʊ v ə w ɛ l m b̚ b aɪ d̚ d ʌ t̚ tʃ ʔ ɛ l m d̚ d ɨ z i z 
/home/isaac/Projects/Thesis/data/timit/data/TRAIN/DR1/FSMA0/SI1621.WAV,h# n aa hv ih l tcl ch ow kcl f ax sh ux ah h#, n ɑ ɦ ɪ l t̚ tʃ oʊ k̚ f ə ʃ ʉ ʌ 
/home/isaac/Projects/Thesis/data/timit/data/TRAIN/DR1/FSMA0/SX181.WAV,h# r ih tcl ch l uh kcl k dcl d f ax s pcl p aa dx ih dcl d hv ay iy n ih z q ix n dcl jh ae gcl g w aa z aa n ix s ax f aa r iy h#, ɹ ɪ t̚ tʃ l ʊ k̚ k d̚ d f ə s p̚ p ɑ ɾ ɪ d̚ d ɦ aɪ i n ɪ z ʔ ɨ n d̚ dʒ æ ɡ̚ ɡ w ɑ z ɑ n ɨ s ə f ɑ ɹ i 
/home/isaac/Projects/Thesis/data/timit/data/TRAIN/DR1/FSMA0/SX361.WAV,h# dh ix s pcl p iy tcl ch s ix m pcl p ow z y ix m ay q bcl b iy gcl g ih n m ah n dcl d ey h#, ð ɨ s p̚ p i t̚ tʃ s ɨ m p̚ p oʊ z j ɨ m aɪ ʔ b̚ b i ɡ̚ ɡ ɪ n m ʌ n d̚ d eɪ 
/home/isaac/Projects/Thesis/data/timit/data/TRAIN/DR1/FSMA0/SI2251.WAV,h# hh iy hv ae dcl q ah l w ey z bcl b ih n q ah m eh s iy q ae n eh gcl g l ax dcl jh ih n tcl m ae n h#, h i ɦ æ d̚ ʔ ʌ l w eɪ z b̚ b ɪ n ʔ ʌ m ɛ s i ʔ æ n ɛ ɡ̚ ɡ l ə d̚ dʒ ɪ n t̚ m æ n 
/home/isaac/Projects/Thesis/data/timit/data/TRAIN/DR1/FSMA0/SX91.WAV,h# dh ix m ih s pcl p r ih n tcl p ax v ow kcl t ix n ix m iy dx iy ih tcl d ix s kcl k l ey m axr h#, ð ɨ m ɪ s p̚ p ɹ ɪ n t̚ p ə v oʊ k̚ t ɨ n ɨ m i ɾ i ɪ t̚ d ɨ s k̚ k l eɪ m ɚ 
/home/isaac/Projects/Thesis/data/timit/data/TRAIN/DR1/FETB0/SX248.WAV,h# r iy dx ih ng ih n pcl p ao ax l ay tcl t gcl g ih v z y uw q ay s tcl t r ey n h#, ɹ i ɾ ɪ ŋ ɪ n p̚ p ɔ ə l aɪ t̚ t ɡ̚ ɡ ɪ v z j u ʔ aɪ s t̚ t ɹ eɪ n 
/home/isaac/Projects/Thesis/data/timit/data/TRAIN/DR1/FETB0/SX158.WAV,h# dh ax dcl d r ah ng kcl k axr dx ih z ey s ow sh ax l q aw tcl k ae s tcl t h#, ð ə d̚ d ɹ ʌ ŋ k̚ k ɚ ɾ ɪ z eɪ s oʊ ʃ ə l ʔ aʊ t̚ k æ s t̚ t 
/home/isaac/Projects/Thesis/data/timit/data/TRAIN/DR1/FETB0/SX428.WAV,h# ey kcl k r ae bcl ch ae l eh n zh dcl m iy pau b ah dx ey kcl k w ih kcl k s tcl t ae bcl v ae ng kcl k w ih sh tcl t ih m h#, eɪ k̚ k ɹ æ b̚ tʃ æ l ɛ n ʒ d̚ m i  b ʌ ɾ eɪ k̚ k w ɪ k̚ k s t̚ t æ b̚ v æ ŋ k̚ k w ɪ ʃ t̚ t ɪ m 
/home/isaac/Projects/Thesis/data/timit/data/TRAIN/DR1/FETB0/SI1148.WAV,h# ch ey n dcl jh en v ao l v s dh ax dcl d ih s pcl p l ey s epi m ax n q ah f ao m h#, tʃ eɪ n d̚ dʒ n̩ v ɔ l v s ð ə d̚ d ɪ s p̚ p l eɪ s  m ə n ʔ ʌ f ɔ m 
/home/isaac/Projects/Thesis/data/timit/data/TRAIN/DR1/FETB0/SX68.WAV,h# q ah pcl p gcl g r ey dcl y er s tcl t ae dx ix s tcl t ax-h r ih f l eh kcl t y axr w eh l th h#, ʔ ʌ p̚ p ɡ̚ ɡ ɹ eɪ d̚ j ɝ s t̚ t æ ɾ ɨ s t̚ t ə̥ ɹ ɪ f l ɛ k̚ t j ɚ w ɛ l θ 
/home/isaac/Projects/Thesis/data/timit/data/TRAIN/DR1/FETB0/SX338.WAV,h# dh ax dcl d aa kcl k epi m er kcl k ih l ax gcl g uw n epi w aw n dcl d ax r aw n dcl f axr m ay l s h#, ð ə d̚ d ɑ k̚ k  m ɝ k̚ k ɪ l ə ɡ̚ ɡ u n  w aʊ n d̚ d ə ɹ aʊ n d̚ f ɚ m aɪ l s 
/home/isaac/Projects/Thesis/data/timit/data/TRAIN/DR1/FETB0/SI1778.WAV,h# w ih m ih n dcl d ih dcl en q y ux z epi w ay tcl f ey s pcl p aw dx axr n aw ax dcl d ey z hh ih r ih kcl k ao l dcl d h#, w ɪ m ɪ n d̚ d ɪ d̚ n̩ ʔ j ʉ z  w aɪ t̚ f eɪ s p̚ p aʊ ɾ ɚ n aʊ ə d̚ d eɪ z h ɪ ɹ ɪ k̚ k ɔ l d̚ d 
/home/isaac/Projects/Thesis/data/timit/data/TRAIN/DR1/FETB0/SI518.WAV,h# hh ay axr tcl t ow l r ey tcl t s q ao l s ow aa r hv eh l pcl p ih ng bcl b uw s tcl t r eh v eh n uw s h#, h aɪ ɚ t̚ t oʊ l ɹ eɪ t̚ t s ʔ ɔ l s oʊ ɑ ɹ ɦ ɛ l p̚ p ɪ ŋ b̚ b u s t̚ t ɹ ɛ v ɛ n u s 
/home/isaac/Projects/Thesis/data/timit/data/TRAIN/DR1/FKFB0/SX258.WAV,h# dh eh q eh s ey q ah n dcl d ix n ay ah bcl b l iy r ix f l eh kcl k s q aa r v y ux q ey bcl b l iy h#, ð ɛ ʔ ɛ s eɪ ʔ ʌ n d̚ d ɨ n aɪ ʌ b̚ b l i ɹ ɨ f l ɛ k̚ k s ʔ ɑ ɹ v j ʉ ʔ eɪ b̚ b l i 
/home/isaac/Projects/Thesis/data/timit/data/TRAIN/DR1/FKFB0/SI978.WAV,h# f er gcl g er l z pau dh ah q ow v axr pcl p r ix tcl t eh kcl k sh en ix z f aa r m ao r pcl p axr v ey s ix v h#, f ɝ ɡ̚ ɡ ɝ l z  ð ʌ ʔ oʊ v ɚ p̚ p ɹ ɨ t̚ t ɛ k̚ k ʃ n̩ ɨ z f ɑ ɹ m ɔ ɹ p̚ p ɚ v eɪ s ɨ v 
/home/isaac/Projects/Thesis/data/timit/data/TRAIN/DR1/FKFB0/SX348.WAV,h# q aa l hv eh v ix s kcl k ux pcl p ah v dcl d ae dx ix gcl g z aa dx ix kcl k pcl p er pcl p el q ix n tcl t er kcl k oy sh axr bcl b axr tcl h#, ʔ ɑ l ɦ ɛ v ɨ s k̚ k ʉ p̚ p ʌ v d̚ d æ ɾ ɨ ɡ̚ ɡ z ɑ ɾ ɨ k̚ k p̚ p ɝ p̚ p l̩ ʔ ɨ n t̚ t ɝ k̚ k ɔɪ ʃ ɚ b̚ b ɚ t̚ 
/home/isaac/Projects/Thesis/data/timit/data/TRAIN/DR1/FKFB0/SI2238.WAV,h# hh ih z l eh pcl p s f aw tcl g l ux dcl t ix gcl g eh dh axr h#, h ɪ z l ɛ p̚ p s f aʊ t̚ ɡ l ʉ d̚ t ɨ ɡ̚ ɡ ɛ ð ɚ 
/home/isaac/Projects/Thesis/data/timit/data/TRAIN/DR1/FKFB0/SX78.WAV,h# d aa tcl t axr z pcl p r ix s kcl k r ay bcl d r ah gcl g z tcl t ux f r iy l iy h#, d ɑ t̚ t ɚ z p̚ p ɹ ɨ s k̚ k ɹ aɪ b̚ d ɹ ʌ ɡ̚ ɡ z t̚ t ʉ f ɹ i l i 
/home/isaac/Projects/Thesis/data/timit/data/TRAIN/DR1/FKFB0/SX168.WAV,h# hh uw tcl t uh kcl k dh ix kcl k ay ae kcl k dcl d aw n dh ax bcl b ay y ux h#, h u t̚ t ʊ k̚ k ð ɨ k̚ k aɪ æ k̚ k d̚ d aʊ n ð ə b̚ b aɪ j ʉ 
/home/isaac/Projects/Thesis/data/timit/data/TRAIN/DR1/FKFB0/SX438.WAV,h# sh eh l sh aa kcl k ao z bcl b ay sh epi r ae pcl n ow q ih z s ah m tcl t ay m epi z pau k y er dcl th r uw gcl g r ux pcl th eh r pcl p iy h#, ʃ ɛ l ʃ ɑ k̚ k ɔ z b̚ b aɪ ʃ  ɹ æ p̚ n oʊ ʔ ɪ z s ʌ m t̚ t aɪ m  z  k j ɝ d̚ θ ɹ u ɡ̚ ɡ ɹ ʉ p̚ θ ɛ ɹ p̚ p i 
/home/isaac/Projects/Thesis/data/timit/data/TRAIN/DR1/FKFB0/SI1608.WAV,h# sh iy s m ay eh l dcl d q ix n tcl t iy th gcl g l iy m dcl d pau ix n axr bcl b y ux dx uh f l iy m aa dx el dcl d q aa l ax v f ey s h#, ʃ i s m aɪ ɛ l d̚ d ʔ ɨ n t̚ t i θ ɡ̚ ɡ l i m d̚ d  ɨ n ɚ b̚ b j ʉ ɾ ʊ f l i m ɑ ɾ l̩ d̚ d ʔ ɑ l ə v f eɪ s 
/home/isaac/Projects/Thesis/data/timit/data/TRAIN/DR1/MPGH0/SX384.WAV,h# p l iy sh ao q en dh ix s kcl k er q f ix dcl jh oy s h#, p l i ʃ ɔ ʔ n̩ ð ɨ s k̚ k ɝ ʔ f ɨ d̚ dʒ ɔɪ s 
/home/isaac/Projects/Thesis/data/timit/data/TRAIN/DR1/MPGH0/SX204.WAV,h# iy v ix n ay ix kcl k ey sh en l iy gcl g eh tcl dh ax m ah n d ey bcl b l uw z h#, i v ɨ n aɪ ɨ k̚ k eɪ ʃ n̩ l i ɡ̚ ɡ ɛ t̚ ð ə m ʌ n d eɪ b̚ b l u z 
/home/isaac/Projects/Thesis/data/timit/data/TRAIN/DR1/MPGH0/SI675.WAV,h# b ow th ax v eh n ch uh aa l ix dx iy z ax pcl p aa s bcl b el l aa dcl jh ix kcl k l iy pau b ax pcl p r ae tcl t kcl k l iy dh eh aa axr m pcl p aa s ax-h bcl b el h#, b oʊ θ ə v ɛ n tʃ ʊ ɑ l ɨ ɾ i z ə p̚ p ɑ s b̚ b l̩ l ɑ d̚ dʒ ɨ k̚ k l i  b ə p̚ p ɹ æ t̚ t k̚ k l i ð ɛ ɑ ɚ m p̚ p ɑ s ə̥ b̚ b l̩ 
/home/isaac/Projects/Thesis/data/timit/data/TRAIN/DR1/MPGH0/SX114.WAV,h# q kcl k aa tcl t uw n f iy tcl ch ix z ax m ah s kcl k r ae tcl ax nx ax tcl t ae dcl p el h#, ʔ k̚ k ɑ t̚ t u n f i t̚ tʃ ɨ z ə m ʌ s k̚ k ɹ æ t̚ ə ɾ̃ ə t̚ t æ d̚ p l̩ 
/home/isaac/Projects/Thesis/data/timit/data/TRAIN/DR1/MPGH0/SX24.WAV,h# hh ax dh ow ax w ix z ax l ow ng w iy s ax v ay v h#, h ə ð oʊ ə w ɨ z ə l oʊ ŋ w i s ə v aɪ v 
/home/isaac/Projects/Thesis/data/timit/data/TRAIN/DR1/MPGH0/SI1554.WAV,h# dh ey ao f ix dcl n ow pcl p ih n y ih n dcl d z pau v ao l ax n tcl t ih r dcl n ah th iy ng pau b iy tcl t r ey dcl n ow em ow sh en dcl z h#, ð eɪ ɔ f ɨ d̚ n oʊ p̚ p ɪ n j ɪ n d̚ d z  v ɔ l ə n t̚ t ɪ ɹ d̚ n ʌ θ i ŋ  b i t̚ t ɹ eɪ d̚ n oʊ m̩ oʊ ʃ n̩ d̚ z 
/home/isaac/Projects/Thesis/data/timit/data/TRAIN/DR1/MPGH0/SI924.WAV,h# dh ey kcl k en s ih dx er ih tcl s ih m pcl p l iy s ay nx ax v aa r tcl t ay m epi z h#, ð eɪ k̚ k n̩ s ɪ ɾ ɝ ɪ t̚ s ɪ m p̚ p l i s aɪ ɾ̃ ə v ɑ ɹ t̚ t aɪ m  z 
/home/isaac/Projects/Thesis/data/timit/data/TRAIN/DR1/MPGH0/SX294.WAV,h# sh ix dcl jh axr ae s bcl b iy kcl k eh pcl p tcl t en s epi m ao l z ux z h#, ʃ ɨ d̚ dʒ ɚ æ s b̚ b i k̚ k ɛ p̚ p t̚ t n̩ s  m ɔ l z ʉ z 
/home/isaac/Projects/Thesis/data/timit/data/TRAIN/DR1/MCPM0/SI564.WAV,h# w ay ng gcl g l ae s hh iy l z pau ah tcl t ax-h bcl b iy f aw n ih m bcl b ow th hh ay pau ix n s eh m ay hh ay tcl s h#, w aɪ ŋ ɡ̚ ɡ l æ s h i l z  ʌ t̚ t ə̥ b̚ b i f aʊ n ɪ m b̚ b oʊ θ h aɪ  ɨ n s ɛ m aɪ h aɪ t̚ s 
/home/isaac/Projects/Thesis/data/timit/data/TRAIN/DR1/MCPM0/SI1824.WAV,h# p aa z ax-h v r iy z ah l tcl s tcl t aa r tcl pau w ax nx ix tcl g ow z tcl t ao axr dcl z dh ix hh ae n y ix y ux z tcl t ix m ey kcl k y er m aa kcl k h#, p ɑ z ə̥ v ɹ i z ʌ l t̚ s t̚ t ɑ ɹ t̚  w ə ɾ̃ ɨ t̚ ɡ oʊ z t̚ t ɔ ɚ d̚ z ð ɨ h æ n j ɨ j ʉ z t̚ t ɨ m eɪ k̚ k j ɝ m ɑ k̚ k 
/home/isaac/Projects/Thesis/data/timit/data/TRAIN/DR1/MCPM0/SX384.WAV,h# p l iy sh ao q en dh ix s kcl k er tcl f ix dcl jh oy s h#, p l i ʃ ɔ ʔ n̩ ð ɨ s k̚ k ɝ t̚ f ɨ d̚ dʒ ɔɪ s 
/home/isaac/Projects/Thesis/data/timit/data/TRAIN/DR1/MCPM0/SX204.WAV,h# iy v ih n q ay ow kcl k ey zh l ix gcl g eh tcl t dh m ah n d ey bcl b l ux z h#, i v ɪ n ʔ aɪ oʊ k̚ k eɪ ʒ l ɨ ɡ̚ ɡ ɛ t̚ t ð m ʌ n d eɪ b̚ b l ʉ z 
/home/isaac/Projects/Thesis/data/timit/data/TRAIN/DR1/MCPM0/SX114.WAV,h# dh ax-h kcl k aa r tcl t ux n f iy tcl ch ix z q ih m ah s kcl k r ae tcl ax nx ax tcl t ae dcl p ow l h#, ð ə̥ k̚ k ɑ ɹ t̚ t ʉ n f i t̚ tʃ ɨ z ʔ ɪ m ʌ s k̚ k ɹ æ t̚ ə ɾ̃ ə t̚ t æ d̚ p oʊ l 
/home/isaac/Projects/Thesis/data/timit/data/TRAIN/DR1/MCPM0/SX24.WAV,h# ao l dh ow q ao l w ey z ax l ow n w iy s ax v ay v h#, ɔ l ð oʊ ʔ ɔ l w eɪ z ə l oʊ n w i s ə v aɪ v 
/home/isaac/Projects/Thesis/data/timit/data/TRAIN/DR1/MCPM0/SI1194.WAV,h# w ow bcl b iy tcl t ay dcl dh iy ix n tcl t ix v y uw iy pau hh ix f hh iy ae n s ix dcl d v ey gcl g l iy h#, w oʊ b̚ b i t̚ t aɪ d̚ ð i ɨ n t̚ t ɨ v j u i  h ɨ f h i æ n s ɨ d̚ d v eɪ ɡ̚ ɡ l i 
/home/isaac/Projects/Thesis/data/timit/data/TRAIN/DR1/MCPM0/SX294.WAV,h# sh ix dcl jh axr ae s bcl b ix kcl k eh pcl t en s epi m ao l z ux z h#, ʃ ɨ d̚ dʒ ɚ æ s b̚ b ɨ k̚ k ɛ p̚ t n̩ s  m ɔ l z ʉ z 
/home/isaac/Projects/Thesis/data/timit/data/TRAIN/DR1/MDAC0/SI631.WAV,h# p r ow gcl g r ih m n ow tcl r iy dcl d z ax-h z f aa l ow z pau t ey kcl k hh ae n dcl z pau dh ih s q er dcl jh en tcl v ih z ih dcl jh bcl b eh kcl k en z ah s h#, p ɹ oʊ ɡ̚ ɡ ɹ ɪ m n oʊ t̚ ɹ i d̚ d z ə̥ z f ɑ l oʊ z  t eɪ k̚ k h æ n d̚ z  ð ɪ s ʔ ɝ d̚ dʒ n̩ t̚ v ɪ z ɪ d̚ dʒ b̚ b ɛ k̚ k n̩ z ʌ s 
/home/isaac/Projects/Thesis/data/timit/data/TRAIN/DR1/MDAC0/SX271.WAV,h# b ix kcl k eh f el n aa tcl t ax-h pcl p l aw ow v axr dh ix f l aw axr bcl b eh dcl d z h#, b ɨ k̚ k ɛ f l̩ n ɑ t̚ t ə̥ p̚ p l aʊ oʊ v ɚ ð ɨ f l aʊ ɚ b̚ b ɛ d̚ d z 
/home/isaac/Projects/Thesis/data/timit/data/TRAIN/DR1/MDAC0/SX451.WAV,h# dh ix th ih kcl k q eh l m f ao r ih s epi w ax z n ih l iy q ow v axr w eh l m dcl b ay dcl d ah sh q eh l m dcl d ix z iy z h#, ð ɨ θ ɪ k̚ k ʔ ɛ l m f ɔ ɹ ɪ s  w ə z n ɪ l i ʔ oʊ v ɚ w ɛ l m d̚ b aɪ d̚ d ʌ ʃ ʔ ɛ l m d̚ d ɨ z i z 
/home/isaac/Projects/Thesis/data/timit/data/TRAIN/DR1/MDAC0/SX181.WAV,h# r ih tcl ch epi l uh kcl t f axr s pcl p aa dx ih dcl d hv ay y iy n ah z pau hh ix n dcl jh ae gcl w aa z en dh s ax f aa r iy h#, ɹ ɪ t̚ tʃ  l ʊ k̚ t f ɚ s p̚ p ɑ ɾ ɪ d̚ d ɦ aɪ j i n ʌ z  h ɨ n d̚ dʒ æ ɡ̚ w ɑ z n̩ ð s ə f ɑ ɹ i 
/home/isaac/Projects/Thesis/data/timit/data/TRAIN/DR1/MDAC0/SI1261.WAV,h# q ix n tcl t ux kcl k ey s ih z pau q eh r pcl p l ey n z q ow n l iy w axr ih n dcl d ix kcl k ey dx ix dcl h#, ʔ ɨ n t̚ t ʉ k̚ k eɪ s ɪ z  ʔ ɛ ɹ p̚ p l eɪ n z ʔ oʊ n l i w ɚ ɪ n d̚ d ɨ k̚ k eɪ ɾ ɨ d̚ 
/home/isaac/Projects/Thesis/data/timit/data/TRAIN/DR1/MDAC0/SX361.WAV,h# dh ix s pcl p iy tcl ch s em pcl p ow z iy ax m pau m ay tcl b ax-h gcl g ih n m ah n dcl d ey h#, ð ɨ s p̚ p i t̚ tʃ s m̩ p̚ p oʊ z i ə m  m aɪ t̚ b ə̥ ɡ̚ ɡ ɪ n m ʌ n d̚ d eɪ 
/home/isaac/Projects/Thesis/data/timit/data/TRAIN/DR1/MDAC0/SX91.WAV,h# dh ix m ih s pcl p r ix n tcl p ax-h v ow kcl t ix n em iy dcl d iy ix tcl d ix s kcl k l ey m axr h#, ð ɨ m ɪ s p̚ p ɹ ɨ n t̚ p ə̥ v oʊ k̚ t ɨ n m̩ i d̚ d i ɨ t̚ d ɨ s k̚ k l eɪ m ɚ 
/home/isaac/Projects/Thesis/data/timit/data/TRAIN/DR1/MDAC0/SI1837.WAV,h# hh axr hv ah m bcl b ix kcl k ey m ix gcl g er gcl el ax v s ax-h pcl p r ay z h#, h ɚ ɦ ʌ m b̚ b ɨ k̚ k eɪ m ɨ ɡ̚ ɡ ɝ ɡ̚ l̩ ə v s ə̥ p̚ p ɹ aɪ z 
/home/isaac/Projects/Thesis/data/timit/data/TRAIN/DR1/MRWS0/SI1102.WAV,h# dh ix bcl b iy q n ih kcl k s kcl k r ey v ix s eh kcl sh el ax kcl s pcl p ih r iy ix n s ix n w ix tcl ch dh eh r hh ow l bcl b iy ix ng pcl p axr tcl t ih s pcl p ey tcl s h#, ð ɨ b̚ b i ʔ n ɪ k̚ k s k̚ k ɹ eɪ v ɨ s ɛ k̚ ʃ l̩ ə k̚ s p̚ p ɪ ɹ i ɨ n s ɨ n w ɨ t̚ tʃ ð ɛ ɹ h oʊ l b̚ b i ɨ ŋ p̚ p ɚ t̚ t ɪ s p̚ p eɪ t̚ s 
/home/isaac/Projects/Thesis/data/timit/data/TRAIN/DR1/MRWS0/SX112.WAV,h# t ah gcl b ow tcl s axr kcl k ey pcl ax bcl b el ax v hh ao l ix ng hh y ux dcl jh l ow dcl z h#, t ʌ ɡ̚ b oʊ t̚ s ɚ k̚ k eɪ p̚ ə b̚ b l̩ ə v h ɔ l ɨ ŋ h j ʉ d̚ dʒ l oʊ d̚ z 
/home/isaac/Projects/Thesis/data/timit/data/TRAIN/DR1/MRWS0/SX22.WAV,h# w ih nx ao l eh l s f ey l z y ux z f ao r s h#, w ɪ ɾ̃ ɔ l ɛ l s f eɪ l z j ʉ z f ɔ ɹ s 
/home/isaac/Projects/Thesis/data/timit/data/TRAIN/DR1/MRWS0/SI472.WAV,h# hh iy pcl p l ey dcl b ae s kcl k ix bcl ao l dh eh r w ay l w er kcl iy ng tcl t ao r dx ax l ao dcl d ix gcl g r iy h#, h i p̚ p l eɪ d̚ b æ s k̚ k ɨ b̚ ɔ l ð ɛ ɹ w aɪ l w ɝ k̚ i ŋ t̚ t ɔ ɹ ɾ ə l ɔ d̚ d ɨ ɡ̚ ɡ ɹ i 
/home/isaac/Projects/Thesis/data/timit/data/TRAIN/DR1/MRWS0/SX292.WAV,h# dh iy z ih kcl s kcl k l uw s ix v dcl d aa kcl ax-h m ix n tcl s epi m ah s bcl b iy l aa kcl t ax pcl p ix dx ao l tcl t ay m z h#, ð i z ɪ k̚ s k̚ k l u s ɨ v d̚ d ɑ k̚ ə̥ m ɨ n t̚ s  m ʌ s b̚ b i l ɑ k̚ t ə p̚ p ɨ ɾ ɔ l t̚ t aɪ m z 
/home/isaac/Projects/Thesis/data/timit/data/TRAIN/DR1/MRWS0/SX202.WAV,h# hh ah m ah tcl ch ax l aw ax n s dcl d ux y ux gcl g eh tcl h#, h ʌ m ʌ t̚ tʃ ə l aʊ ə n s d̚ d ʉ j ʉ ɡ̚ ɡ ɛ t̚ 
/home/isaac/Projects/Thesis/data/timit/data/TRAIN/DR1/MRWS0/SX382.WAV,h# jh ao r dcl jh ix z pcl p eh r ix nx oy dx ax bcl b aw dx ax f y ux tcl ch axr gcl g ae s sh ao r dx ix dcl jh h#, dʒ ɔ ɹ d̚ dʒ ɨ z p̚ p ɛ ɹ ɨ ɾ̃ ɔɪ ɾ ə b̚ b aʊ ɾ ə f j ʉ t̚ tʃ ɚ ɡ̚ ɡ æ s ʃ ɔ ɹ ɾ ɨ d̚ dʒ 
/home/isaac/Projects/Thesis/data/timit/data/TRAIN/DR1/MRWS0/SI1732.WAV,h# bcl b ih dx er q ah n r iy z n iy ng dcl jh eh l ax s iy h#, b̚ b ɪ ɾ ɝ ʔ ʌ n ɹ i z n i ŋ d̚ dʒ ɛ l ə s i 
/home/isaac/Projects/Thesis/data/timit/data/TRAIN/DR1/FSAH0/SX344.WAV,h# q ay n ow ay dcl d ih dx en tcl m iy hv er q er l iy ix n ah f h#, ʔ aɪ n oʊ aɪ d̚ d ɪ ɾ n̩ t̚ m i ɦ ɝ ʔ ɝ l i ɨ n ʌ f 
/home/isaac/Projects/Thesis/data/timit/data/TRAIN/DR1/FSAH0/SX74.WAV,h# eh nx ix f ih sh el dcl d eh dcl d l ay n kcl k ix n aa tcl b iy pcl p ow s tcl p ow n dcl d h#, ɛ ɾ̃ ɨ f ɪ ʃ l̩ d̚ d ɛ d̚ d l aɪ n k̚ k ɨ n ɑ t̚ b i p̚ p oʊ s t̚ p oʊ n d̚ d 
/home/isaac/Projects/Thesis/data/timit/data/TRAIN/DR1/FSAH0/SI1244.WAV,h# dh ax s kcl k ah l pcl t ax l uh kcl t ih tcl hv ih m pau b ah gcl g ay dcl d q ae n dcl ix m ey z dcl d pau q ae ng gcl g r iy h#, ð ə s k̚ k ʌ l p̚ t ə l ʊ k̚ t ɪ t̚ ɦ ɪ m  b ʌ ɡ̚ ɡ aɪ d̚ d ʔ æ n d̚ ɨ m eɪ z d̚ d  ʔ æ ŋ ɡ̚ ɡ ɹ i 
/home/isaac/Projects/Thesis/data/timit/data/TRAIN/DR1/FSAH0/SI1874.WAV,h# hh iy m ay tcl s ey q axr dcl d ux s ah m th ix ng f uw l ix sh h#, h i m aɪ t̚ s eɪ ʔ ɚ d̚ d ʉ s ʌ m θ ɨ ŋ f u l ɨ ʃ 
/home/isaac/Projects/Thesis/data/timit/data/TRAIN/DR1/FSAH0/SX164.WAV,h# k axr iy aa s ix dx iy ix m iy dx iy aa kcl k r ix dx iy s eh l dcl d ax m kcl k ow ax gcl g z ih s tcl t h#, k ɚ i ɑ s ɨ ɾ i ɨ m i ɾ i ɑ k̚ k ɹ ɨ ɾ i s ɛ l d̚ d ə m k̚ k oʊ ə ɡ̚ ɡ z ɪ s t̚ t 
/home/isaac/Projects/Thesis/data/timit/data/TRAIN/DR1/FSAH0/SX434.WAV,h# q iy tcl ch s tcl t ae gcl g sh er l iy f ay n dcl z ey bcl b ih gcl g f aa n h#, ʔ i t̚ tʃ s t̚ t æ ɡ̚ ɡ ʃ ɝ l i f aɪ n d̚ z eɪ b̚ b ɪ ɡ̚ ɡ f ɑ n 
/home/isaac/Projects/Thesis/data/timit/data/TRAIN/DR1/FSAH0/SX327.WAV,h# ae l r iy s iy v dcl d q ey dcl jh oy n q ax pcl p oy n q m ix n tcl pau ix n dh ax bcl b ay aa l ax dcl jh iy q ix n q eh n dcl jh ix n ih r iy ng dcl d ix pcl p aa q m ix n tcl s h#, æ l ɹ i s i v d̚ d ʔ eɪ d̚ dʒ ɔɪ n ʔ ə p̚ p ɔɪ n ʔ m ɨ n t̚  ɨ n ð ə b̚ b aɪ ɑ l ə d̚ dʒ i ʔ ɨ n ʔ ɛ n d̚ dʒ ɨ n ɪ ɹ i ŋ d̚ d ɨ p̚ p ɑ ʔ m ɨ n t̚ s 
/home/isaac/Projects/Thesis/data/timit/data/TRAIN/DR1/FSAH0/SI614.WAV,h# dh ix s bcl b ih gcl g f l eh kcl k s bcl b el v oy s w ix th q ah n kcl k aa m ax n r ey n dcl jh hv eh z bcl b ix n s ax pcl p er bcl b l iy dcl d ih s ix pcl p l ix n dcl d h#, ð ɨ s b̚ b ɪ ɡ̚ ɡ f l ɛ k̚ k s b̚ b l̩ v ɔɪ s w ɨ θ ʔ ʌ n k̚ k ɑ m ə n ɹ eɪ n d̚ dʒ ɦ ɛ z b̚ b ɨ n s ə p̚ p ɝ b̚ b l i d̚ d ɪ s ɨ p̚ p l ɨ n d̚ d 
/home/isaac/Projects/Thesis/data/timit/data/TRAIN/DR1/MEDR0/SI744.WAV,h# g eh tcl t kcl k aa pcl p er q ao r q er th en w er m ah gcl g s dh ix kcl k iy pcl b ih axr tcl ch ih l dcl d pau ao r s ux pcl p hh aa tcl h#, ɡ ɛ t̚ t k̚ k ɑ p̚ p ɝ ʔ ɔ ɹ ʔ ɝ θ n̩ w ɝ m ʌ ɡ̚ ɡ s ð ɨ k̚ k i p̚ b ɪ ɚ t̚ tʃ ɪ l d̚ d  ɔ ɹ s ʉ p̚ p h ɑ t̚ 
/home/isaac/Projects/Thesis/data/timit/data/TRAIN/DR1/MEDR0/SX384.WAV,h# p l iy sh ao r q en dh ih s kcl k er tcl t f axr dcl jh oy s h#, p l i ʃ ɔ ɹ ʔ n̩ ð ɪ s k̚ k ɝ t̚ t f ɚ d̚ dʒ ɔɪ s 
/home/isaac/Projects/Thesis/data/timit/data/TRAIN/DR1/MEDR0/SX204.WAV,h# q iy v ix n q ay ix kcl k ey sh en l iy gcl g eh tcl dh ax m ah n dcl d ey bcl b l ux z h#, ʔ i v ɨ n ʔ aɪ ɨ k̚ k eɪ ʃ n̩ l i ɡ̚ ɡ ɛ t̚ ð ə m ʌ n d̚ d eɪ b̚ b l ʉ z 
/home/isaac/Projects/Thesis/data/timit/data/TRAIN/DR1/MEDR0/SX114.WAV,h# dh ax kcl k aa r tcl t ux n f iy tcl ch ax z ax m ah s kcl k r ae tcl q en ax tcl t ae dcl p ow l h#, ð ə k̚ k ɑ ɹ t̚ t ʉ n f i t̚ tʃ ə z ə m ʌ s k̚ k ɹ æ t̚ ʔ n̩ ə t̚ t æ d̚ p oʊ l 
/home/isaac/Projects/Thesis/data/timit/data/TRAIN/DR1/MEDR0/SX24.WAV,h# q ao l dh ow q ao w ih z ax l ow n pau w iy s axr v ay v h#, ʔ ɔ l ð oʊ ʔ ɔ w ɪ z ə l oʊ n  w i s ɚ v aɪ v 
/home/isaac/Projects/Thesis/data/timit/data/TRAIN/DR1/MEDR0/SI2004.WAV,h# sh iy hv ih dcl jh ah m pcl t ax w ey f r em hh ix sh ay tcl t ah tcl ch pau l ay kcl k ix kcl k ae tcl t kcl k en f r ah n tcl t ix dcl b ay s ay dcl w ay n dcl d axr h#, ʃ i ɦ ɪ d̚ dʒ ʌ m p̚ t ə w eɪ f ɹ m̩ h ɨ ʃ aɪ t̚ t ʌ t̚ tʃ  l aɪ k̚ k ɨ k̚ k æ t̚ t k̚ k n̩ f ɹ ʌ n t̚ t ɨ d̚ b aɪ s aɪ d̚ w aɪ n d̚ d ɚ 
/home/isaac/Projects/Thesis/data/timit/data/TRAIN/DR1/MEDR0/SI1374.WAV,h# dh ih s l iy v z dh iy q ao r dx axr ix ng ax v q eh n tcl t r iy z v eh r iy ix bcl b el h#, ð ɪ s l i v z ð i ʔ ɔ ɹ ɾ ɚ ɨ ŋ ə v ʔ ɛ n t̚ t ɹ i z v ɛ ɹ i ɨ b̚ b l̩ 
/home/isaac/Projects/Thesis/data/timit/data/TRAIN/DR1/MEDR0/SX294.WAV,h# sh uh dcl jh axr r ae f s bcl b iy kcl k eh pcl p tcl t en s epi m ao l z ux z h#, ʃ ʊ d̚ dʒ ɚ ɹ æ f s b̚ b i k̚ k ɛ p̚ p t̚ t n̩ s  m ɔ l z ʉ z 
/home/isaac/Projects/Thesis/data/timit/data/TRAIN/DR1/MRCG0/SI2058.WAV,h# w ay ey n tcl ch ux pcl p l ey ix n bcl b ao l h#, w aɪ eɪ n t̚ tʃ ʉ p̚ p l eɪ ɨ n b̚ b ɔ l 
/home/isaac/Projects/Thesis/data/timit/data/TRAIN/DR1/MRCG0/SX258.WAV,h# dh iy eh s ey q ah n dcl d ih n ay ax bcl b l iy r iy f l eh kcl k s aa r v y uw ey bcl b l ix h#, ð i ɛ s eɪ ʔ ʌ n d̚ d ɪ n aɪ ə b̚ b l i ɹ i f l ɛ k̚ k s ɑ ɹ v j u eɪ b̚ b l ɨ 
/home/isaac/Projects/Thesis/data/timit/data/TRAIN/DR1/MRCG0/SX348.WAV,h# ah l ax v ax s kcl k uw pcl p ax v dh ae dx eh gcl z aa dx ih kcl pau p er pcl p el ix n tcl t er kcl k oy sh er bcl b axr tcl h#, ʌ l ə v ə s k̚ k u p̚ p ə v ð æ ɾ ɛ ɡ̚ z ɑ ɾ ɪ k̚  p ɝ p̚ p l̩ ɨ n t̚ t ɝ k̚ k ɔɪ ʃ ɝ b̚ b ɚ t̚ 
/home/isaac/Projects/Thesis/data/timit/data/TRAIN/DR1/MRCG0/SX78.WAV,h# d aa kcl t er z pcl p axr s kcl k r ay bcl d r ah gcl g z tcl t uw f r ih l ix h#, d ɑ k̚ t ɝ z p̚ p ɚ s k̚ k ɹ aɪ b̚ d ɹ ʌ ɡ̚ ɡ z t̚ t u f ɹ ɪ l ɨ 
/home/isaac/Projects/Thesis/data/timit/data/TRAIN/DR1/MRCG0/SX168.WAV,h# hv uw tcl t uh kcl k dh ix kcl k ay y ae kcl d aw n dh ax bcl b ay y ux h#, ɦ u t̚ t ʊ k̚ k ð ɨ k̚ k aɪ j æ k̚ d aʊ n ð ə b̚ b aɪ j ʉ 
/home/isaac/Projects/Thesis/data/timit/data/TRAIN/DR1/MRCG0/SX438.WAV,h# sh eh l sh aa kcl k ao z bcl b ay sh r ae pcl n ax l ix s ah m tcl t ay m z kcl k y er dcl th r uw gcl g r uw pcl th eh axr pcl p iy h#, ʃ ɛ l ʃ ɑ k̚ k ɔ z b̚ b aɪ ʃ ɹ æ p̚ n ə l ɨ s ʌ m t̚ t aɪ m z k̚ k j ɝ d̚ θ ɹ u ɡ̚ ɡ ɹ u p̚ θ ɛ ɚ p̚ p i 
/home/isaac/Projects/Thesis/data/timit/data/TRAIN/DR1/MRCG0/SI798.WAV,h# w ix n y er l eh s f ix tcl t iy gcl d pau th ih ng zh uh s n ae tcl ch r el ix l uh kcl b r ay dx er h#, w ɨ n j ɝ l ɛ s f ɨ t̚ t i ɡ̚ d  θ ɪ ŋ ʒ ʊ s n æ t̚ tʃ ɹ l̩ ɨ l ʊ k̚ b ɹ aɪ ɾ ɝ 
/home/isaac/Projects/Thesis/data/timit/data/TRAIN/DR1/MRCG0/SI1428.WAV,h# ih n d eh kcl k s w er dcl d z q ix nx ax l eh kcl t r aa nx ix kcl k s epi w ih tcl ch ih z epi m ey bcl b iy r ux z er v dcl d q ix n dh ax f aa l ow iy ng w ey epi z h#, ɪ n d ɛ k̚ k s w ɝ d̚ d z ʔ ɨ ɾ̃ ə l ɛ k̚ t ɹ ɑ ɾ̃ ɨ k̚ k s  w ɪ t̚ tʃ ɪ z  m eɪ b̚ b i ɹ ʉ z ɝ v d̚ d ʔ ɨ n ð ə f ɑ l oʊ i ŋ w eɪ  z 
/home/isaac/Projects/Thesis/data/timit/data/TRAIN/DR1/FDML0/SX69.WAV,h# iy q y er r ey z en z q aw tcl d ao r z ah n dh ax pcl p ao r tcl ch s tcl t eh pcl s h#, i ʔ j ɝ ɹ eɪ z n̩ z ʔ aʊ t̚ d ɔ ɹ z ʌ n ð ə p̚ p ɔ ɹ t̚ tʃ s t̚ t ɛ p̚ s 
/home/isaac/Projects/Thesis/data/timit/data/TRAIN/DR1/FDML0/SI1779.WAV,h# dh ey y ux z dcl p iy ng kcl t ae n q ao kcl k r iy m pcl p aw dcl d er h#, ð eɪ j ʉ z d̚ p i ŋ k̚ t æ n ʔ ɔ k̚ k ɹ i m p̚ p aʊ d̚ d ɝ 
/home/isaac/Projects/Thesis/data/timit/data/TRAIN/DR1/FDML0/SX249.WAV,h# q ay ey q eh v r iy oy s tcl t ax q aa n ao r ix z pcl p l ey tcl h#, ʔ aɪ eɪ ʔ ɛ v ɹ i ɔɪ s t̚ t ə ʔ ɑ n ɔ ɹ ɨ z p̚ p l eɪ t̚ 
/home/isaac/Projects/Thesis/data/timit/data/TRAIN/DR1/FDML0/SX429.WAV,h# q ey tcl t ux th pcl p ey s tcl t uw bcl b pau sh uh bcl b iy s kcl k w iy z f em dh ax bcl b aa dx ax m h#, ʔ eɪ t̚ t ʉ θ p̚ p eɪ s t̚ t u b̚ b  ʃ ʊ b̚ b i s k̚ k w i z f m̩ ð ə b̚ b ɑ ɾ ə m 
/home/isaac/Projects/Thesis/data/timit/data/TRAIN/DR1/FDML0/SI1149.WAV,h# dh ix r iy s pcl p aa n tcl s ix r iy ae kcl sh en z dcl d aa m ix nx ey ix dcl d bcl b ay ix kcl k ax n s er n f uh w ah dx ih z v ae nx ih sh ix ng h#, ð ɨ ɹ i s p̚ p ɑ n t̚ s ɨ ɹ i æ k̚ ʃ n̩ z d̚ d ɑ m ɨ ɾ̃ eɪ ɨ d̚ d b̚ b aɪ ɨ k̚ k ə n s ɝ n f ʊ w ʌ ɾ ɪ z v æ ɾ̃ ɪ ʃ ɨ ŋ 
/home/isaac/Projects/Thesis/data/timit/data/TRAIN/DR1/FDML0/SI2075.WAV,h# n aw f ix gcl eh q ao l dh ih s q ah dh er h#, n aʊ f ɨ ɡ̚ ɛ ʔ ɔ l ð ɪ s ʔ ʌ ð ɝ 
/home/isaac/Projects/Thesis/data/timit/data/TRAIN/DR1/FDML0/SX339.WAV,h# dcl d ih dcl sh ao n kcl k ae tcl ch dh ah tcl b ih gcl g uw s pau w ax dh aw tcl hh eh l pcl h#, d̚ d ɪ d̚ ʃ ɔ n k̚ k æ t̚ tʃ ð ʌ t̚ b ɪ ɡ̚ ɡ u s  w ə ð aʊ t̚ h ɛ l p̚ 
/home/isaac/Projects/Thesis/data/timit/data/TRAIN/DR1/FDML0/SX159.WAV,h# dh ax gcl g ah v em ix n tcl s ao q ao th r ih z ey sh ix n ax v hv ih s ih dx ih z en sh ih pcl h#, ð ə ɡ̚ ɡ ʌ v m̩ ɨ n t̚ s ɔ ʔ ɔ θ ɹ ɪ z eɪ ʃ ɨ n ə v ɦ ɪ s ɪ ɾ ɪ z n̩ ʃ ɪ p̚ 
/home/isaac/Projects/Thesis/data/timit/data/TRAIN/DR1/MDPK0/SX333.WAV,h# eh n ih dcl d ah l tcl m ey l bcl b ae bcl b uw n z tcl t iy th axr n aa tcl s uh dx ax bcl b el f axr iy dx ix ng epi sh eh l f ix sh h#, ɛ n ɪ d̚ d ʌ l t̚ m eɪ l b̚ b æ b̚ b u n z t̚ t i θ ɚ n ɑ t̚ s ʊ ɾ ə b̚ b l̩ f ɚ i ɾ ɨ ŋ  ʃ ɛ l f ɨ ʃ 
/home/isaac/Projects/Thesis/data/timit/data/TRAIN/DR1/MDPK0/SX63.WAV,h# k aa n tcl t ix n eh nx el dcl d r ih f tcl t ix z ix dcl jh iy ix l aa dcl jh ix kcl k el th ih r iy h#, k ɑ n t̚ t ɨ n ɛ ɾ̃ l̩ d̚ d ɹ ɪ f t̚ t ɨ z ɨ d̚ dʒ i ɨ l ɑ d̚ dʒ ɨ k̚ k l̩ θ ɪ ɹ i 
/home/isaac/Projects/Thesis/data/timit/data/TRAIN/DR1/MDPK0/SI1053.WAV,h# w ah dx eh v er dh eh r f aa l tcl t s dh ey axr n aa q hh ix pcl p ix kcl k r ix tcl t s h#, w ʌ ɾ ɛ v ɝ ð ɛ ɹ f ɑ l t̚ t s ð eɪ ɚ n ɑ ʔ h ɨ p̚ p ɨ k̚ k ɹ ɨ t̚ t s 
/home/isaac/Projects/Thesis/data/timit/data/TRAIN/DR1/MDPK0/SI552.WAV,h# w iy th ih ng kcl d ih f r ix n l iy h#, w i θ ɪ ŋ k̚ d ɪ f ɹ ɨ n l i 
/home/isaac/Projects/Thesis/data/timit/data/TRAIN/DR1/MDPK0/SX243.WAV,h# dh ey aa l ax gcl g r iy dh ix tcl dh iy eh s ey ix z bcl b eh r l iy ix n tcl t eh l ax dcl jh ax bcl b el h#, ð eɪ ɑ l ə ɡ̚ ɡ ɹ i ð ɨ t̚ ð i ɛ s eɪ ɨ z b̚ b ɛ ɹ l i ɨ n t̚ t ɛ l ə d̚ dʒ ə b̚ b l̩ 
/home/isaac/Projects/Thesis/data/timit/data/TRAIN/DR1/MDPK0/SX153.WAV,h# s kcl k ax l ae s tcl t ix kcl d ae pcl t ix tcl t ux dcl d ix z dcl jh ah zh bcl b ay s tcl t ae n axr dx ay z dcl t eh s tcl t h#, s k̚ k ə l æ s t̚ t ɨ k̚ d æ p̚ t ɨ t̚ t ʉ d̚ d ɨ z d̚ dʒ ʌ ʒ b̚ b aɪ s t̚ t æ n ɚ ɾ aɪ z d̚ t ɛ s t̚ t 
/home/isaac/Projects/Thesis/data/timit/data/TRAIN/DR1/MDPK0/SX423.WAV,h# s epi m ae sh epi l ay tcl b ah l bcl z ix n ix kcl k ae s epi v ae y ux w el dcl d ax m ix nx ix sh tcl t ix n ah th ix ng h#, s  m æ ʃ  l aɪ t̚ b ʌ l b̚ z ɨ n ɨ k̚ k æ s  v æ j ʉ w l̩ d̚ d ə m ɨ ɾ̃ ɨ ʃ t̚ t ɨ n ʌ θ ɨ ŋ 
/home/isaac/Projects/Thesis/data/timit/data/TRAIN/DR1/MDPK0/SI1683.WAV,h# hh ae v dh ey ix n hv ae r ih dx ih dcl s ah m ah nx iy axr s ah m epi th ix ng h#, h æ v ð eɪ ɨ n ɦ æ ɹ ɪ ɾ ɪ d̚ s ʌ m ʌ ɾ̃ i ɚ s ʌ m  θ ɨ ŋ 
/home/isaac/Projects/Thesis/data/timit/data/TRAIN/DR1/FTBR0/SX201.WAV,h# q ax pcl p r ow tcl ch er q ih n axr v y uw w ih s tcl t ae tcl ch ux eh s kcl k ax m pcl p ow zh axr h#, ʔ ə p̚ p ɹ oʊ t̚ tʃ ɝ ʔ ɪ n ɚ v j u w ɪ s t̚ t æ t̚ tʃ ʉ ɛ s k̚ k ə m p̚ p oʊ ʒ ɚ 
/home/isaac/Projects/Thesis/data/timit/data/TRAIN/DR1/FTBR0/SX381.WAV,h# w iy w eh l kcl k ax m eh n iy n ux s tcl t ux dcl en tcl t s q iy tcl ch y ih axr h#, w i w ɛ l k̚ k ə m ɛ n i n ʉ s t̚ t ʉ d̚ n̩ t̚ t s ʔ i t̚ tʃ j ɪ ɚ 
/home/isaac/Projects/Thesis/data/timit/data/TRAIN/DR1/FTBR0/SI1402.WAV,h# w iy dcl d ux n aa axr r ay v ih q s pcl p ey sh el q ih m ah dcl jh ih z bcl b ay m iy n z ax v dh ax s eh n s ax v tcl t ah tcl ch bcl b ay ix tcl s eh l f h#, w i d̚ d ʉ n ɑ ɚ ɹ aɪ v ɪ ʔ s p̚ p eɪ ʃ l̩ ʔ ɪ m ʌ d̚ dʒ ɪ z b̚ b aɪ m i n z ə v ð ə s ɛ n s ə v t̚ t ʌ t̚ tʃ b̚ b aɪ ɨ t̚ s ɛ l f 
/home/isaac/Projects/Thesis/data/timit/data/TRAIN/DR1/FTBR0/SX291.WAV,h# dh iy ae v el ae n ch tcl t r ih gcl g axr dcl d ah m ay nx axr q er th kcl k w ey kcl h#, ð i æ v l̩ æ n tʃ t̚ t ɹ ɪ ɡ̚ ɡ ɚ d̚ d ʌ m aɪ ɾ̃ ɚ ʔ ɝ θ k̚ k w eɪ k̚ 
/home/isaac/Projects/Thesis/data/timit/data/TRAIN/DR1/FTBR0/SX111.WAV,h# hh ih s ah en dcl d ix pcl p aa r tcl ch axr sh aa kcl t dh ix kcl k ae s tcl t h#, h ɪ s ʌ n̩ d̚ d ɨ p̚ p ɑ ɹ t̚ tʃ ɚ ʃ ɑ k̚ t ð ɨ k̚ k æ s t̚ t 
/home/isaac/Projects/Thesis/data/timit/data/TRAIN/DR1/FTBR0/SX21.WAV,h# q ae l f ae l f ah q ih z hh eh l th iy f ao r y ux h#, ʔ æ l f æ l f ʌ ʔ ɪ z h ɛ l θ i f ɔ ɹ j ʉ 
/home/isaac/Projects/Thesis/data/timit/data/TRAIN/DR1/FTBR0/SI2181.WAV,h# p aa r tcl k aa l iy pcl p aa r q w ay axr hv eh r dcl t eh r iy axr h#, p ɑ ɹ t̚ k ɑ l i p̚ p ɑ ɹ ʔ w aɪ ɚ ɦ ɛ ɹ d̚ t ɛ ɹ i ɚ 
/home/isaac/Projects/Thesis/data/timit/data/TRAIN/DR1/FTBR0/SI921.WAV,h# d ih f r ix n t s ih z epi w axr r ix l ey dx ix dcl t ix s ow sh el q eh kcl k ix n aa m ix kcl k ix nx eh dcl jh kcl k ey sh epi n el bcl b ae kcl g r aw n dcl d s h#, d ɪ f ɹ ɨ n t s ɪ z  w ɚ ɹ ɨ l eɪ ɾ ɨ d̚ t ɨ s oʊ ʃ l̩ ʔ ɛ k̚ k ɨ n ɑ m ɨ k̚ k ɨ ɾ̃ ɛ d̚ dʒ k̚ k eɪ ʃ  n l̩ b̚ b æ k̚ ɡ ɹ aʊ n d̚ d s 
/home/isaac/Projects/Thesis/data/timit/data/TRAIN/DR1/FVMH0/SX206.WAV,h# w ax n pcl p iy l iy ng ih nx ao r ix n jh ix dx ix z hh aa dcl n aa tcl t ax-h s pcl p r ey dcl jh ux s h#, w ə n p̚ p i l i ŋ ɪ ɾ̃ ɔ ɹ ɨ n dʒ ɨ ɾ ɨ z h ɑ d̚ n ɑ t̚ t ə̥ s p̚ p ɹ eɪ d̚ dʒ ʉ s 
/home/isaac/Projects/Thesis/data/timit/data/TRAIN/DR1/FVMH0/SI836.WAV,h# n ow m eh n y ix f ae kcl sh er ax hv z tcl t ey kcl k ix nx iy ix n ih sh ax-h tcl t ih v ix n pcl p oy n tcl t iy aw tcl dh ix kcl k ao s tcl ix n v ao l v dcl d h#, n oʊ m ɛ n j ɨ f æ k̚ ʃ ɝ ə ɦ z t̚ t eɪ k̚ k ɨ ɾ̃ i ɨ n ɪ ʃ ə̥ t̚ t ɪ v ɨ n p̚ p ɔɪ n t̚ t i aʊ t̚ ð ɨ k̚ k ɔ s t̚ ɨ n v ɔ l v d̚ d 
/home/isaac/Projects/Thesis/data/timit/data/TRAIN/DR1/FVMH0/SI1466.WAV,h# q ix n s ih m pcl p el ih tcl t er m z ih dx ax m aw n s tcl t ix pcl p oy n tcl t iy ng dh ax pcl p l ae tcl f ao m ax n ax pcl p r aa pcl p ax dcl d ix r eh kcl sh ix n h#, ʔ ɨ n s ɪ m p̚ p l̩ ɪ t̚ t ɝ m z ɪ ɾ ə m aʊ n s t̚ t ɨ p̚ p ɔɪ n t̚ t i ŋ ð ə p̚ p l æ t̚ f ɔ m ə n ə p̚ p ɹ ɑ p̚ p ə d̚ d ɨ ɹ ɛ k̚ ʃ ɨ n 
/home/isaac/Projects/Thesis/data/timit/data/TRAIN/DR1/FVMH0/SI2096.WAV,h# r ae nx ix w ey ix nx ax bcl b l ae kcl n ay q w ix th ax l ao f el w eh dx ix dcl m ae n h#, ɹ æ ɾ̃ ɨ w eɪ ɨ ɾ̃ ə b̚ b l æ k̚ n aɪ ʔ w ɨ θ ə l ɔ f l̩ w ɛ ɾ ɨ d̚ m æ n 
/home/isaac/Projects/Thesis/data/timit/data/TRAIN/DR1/FVMH0/SX26.WAV,h# m ow s y ah ng r ay z er l iy eh v r iy m ao en h#, m oʊ s j ʌ ŋ ɹ aɪ z ɝ l i ɛ v ɹ i m ɔ n̩ 
/home/isaac/Projects/Thesis/data/timit/data/TRAIN/DR1/FVMH0/SX386.WAV,h# w ih tcl ch tcl ch er ch z ix dh ix s m ih s epi w er sh ix pcl p ih n h#, w ɪ t̚ tʃ t̚ tʃ ɝ tʃ z ɨ ð ɨ s m ɪ s  w ɝ ʃ ɨ p̚ p ɪ n 
/home/isaac/Projects/Thesis/data/timit/data/TRAIN/DR1/FVMH0/SX116.WAV,h# k l ae s pcl p dh ax s kcl k r ux ix nx y ax l eh f tcl t hh ae n dcl d h#, k l æ s p̚ p ð ə s k̚ k ɹ ʉ ɨ ɾ̃ j ə l ɛ f t̚ t h æ n d̚ d 
/home/isaac/Projects/Thesis/data/timit/data/TRAIN/DR1/FVMH0/SX296.WAV,h# dh ix tcl t ux aa dx ix s ix kcl s sh ey n zh ao dx ix gcl g r ae f s h#, ð ɨ t̚ t ʉ ɑ ɾ ɨ s ɨ k̚ s ʃ eɪ n ʒ ɔ ɾ ɨ ɡ̚ ɡ ɹ æ f s 
/home/isaac/Projects/Thesis/data/timit/data/TRAIN/DR1/MRDD0/SI1680.WAV,h# hh ix tcl ch eh kcl d ix n tcl t uw ax m ow tcl t eh l ax n dcl d r ow v dcl d aw n tcl t aw n h#, h ɨ t̚ tʃ ɛ k̚ d ɨ n t̚ t u ə m oʊ t̚ t ɛ l ə n d̚ d ɹ oʊ v d̚ d aʊ n t̚ t aʊ n 
/home/isaac/Projects/Thesis/data/timit/data/TRAIN/DR1/MRDD0/SX330.WAV,h# k aw n tcl dh ix n ah m bcl b er ix v tcl t iy s pcl p uw n z ah v s ow iy s ao s dh eh tcl ch uw ae dcl h#, k aʊ n t̚ ð ɨ n ʌ m b̚ b ɝ ɨ v t̚ t i s p̚ p u n z ʌ v s oʊ i s ɔ s ð ɛ t̚ tʃ u æ d̚ 
/home/isaac/Projects/Thesis/data/timit/data/TRAIN/DR1/MRDD0/SX60.WAV,h# dh ax l eh dcl jh ix s l ey tcl ch axr m eh tcl t ix dcl jh ah dcl jh epi dh ix s tcl t ey dx ah v pcl p ah bcl b l ix kcl k eh dcl jh ix kcl k ey sh en h#, ð ə l ɛ d̚ dʒ ɨ s l eɪ t̚ tʃ ɚ m ɛ t̚ t ɨ d̚ dʒ ʌ d̚ dʒ  ð ɨ s t̚ t eɪ ɾ ʌ v p̚ p ʌ b̚ b l ɨ k̚ k ɛ d̚ dʒ ɨ k̚ k eɪ ʃ n̩ 
/home/isaac/Projects/Thesis/data/timit/data/TRAIN/DR1/MRDD0/SI1050.WAV,h# b ow th ix kcl k ix n dcl d ih sh epi ix n z eh n dh eh kcl k ax m pcl p l ih s ix dx iy q aa r dcl d aa kcl k m eh nx ih dx ix n kcl k ax n tcl s ix dx axr v el dcl d iy tcl t ey l h#, b oʊ θ ɨ k̚ k ɨ n d̚ d ɪ ʃ  ɨ n z ɛ n ð ɛ k̚ k ə m p̚ p l ɪ s ɨ ɾ i ʔ ɑ ɹ d̚ d ɑ k̚ k m ɛ ɾ̃ ɪ ɾ ɨ n k̚ k ə n t̚ s ɨ ɾ ɚ v l̩ d̚ d i t̚ t eɪ l 
/home/isaac/Projects/Thesis/data/timit/data/TRAIN/DR1/MRDD0/SX150.WAV,h# v y eh tcl n ix m iy s kcl k w ih s iy n ix z ix kcl k s kcl k w ih z ix tcl h#, v j ɛ t̚ n ɨ m i s k̚ k w ɪ s i n ɨ z ɨ k̚ k s k̚ k w ɪ z ɨ t̚ 
/home/isaac/Projects/Thesis/data/timit/data/TRAIN/DR1/MRDD0/SX277.WAV,h# dh ax r ow z kcl k ax r s aa r dcl jh s epi m eh l dcl s epi w iy tcl t h#, ð ə ɹ oʊ z k̚ k ə ɹ s ɑ ɹ d̚ dʒ s  m ɛ l d̚ s  w i t̚ t 
/home/isaac/Projects/Thesis/data/timit/data/TRAIN/DR1/MRDD0/SI2310.WAV,h# q ix n aw n ao r axr pau d ow n tcl ch ux ix ng kcl k er ix dcl jh hh ix m h#, ʔ ɨ n aʊ n ɔ ɹ ɚ  d oʊ n t̚ tʃ ʉ ɨ ŋ k̚ k ɝ ɨ d̚ dʒ h ɨ m 
/home/isaac/Projects/Thesis/data/timit/data/TRAIN/DR1/MRDD0/SX240.WAV,h# q ix tcl s epi n aa dx iy z iy tcl t ax-h kcl k r ey dx eh l uw m ix n ey dx iy ng ix gcl g z ae m pcl p el s h#, ʔ ɨ t̚ s  n ɑ ɾ i z i t̚ t ə̥ k̚ k ɹ eɪ ɾ ɛ l u m ɨ n eɪ ɾ i ŋ ɨ ɡ̚ ɡ z æ m p̚ p l̩ s 
/home/isaac/Projects/Thesis/data/timit/data/TRAIN/DR1/FJSP0/SX264.WAV,h# w iy s ao q ey q tcl t ay nx iy q ay s ix kcl k el z bcl b el l ow w aa r uw f h#, w i s ɔ ʔ eɪ ʔ t̚ t aɪ ɾ̃ i ʔ aɪ s ɨ k̚ k l̩ z b̚ b l̩ l oʊ w ɑ ɹ u f 
/home/isaac/Projects/Thesis/data/timit/data/TRAIN/DR1/FJSP0/SX174.WAV,h# dh ax hv ao n ix dcl d hv aw s epi w ax z ix hv ih tcl pau d uw dx uw aw q s tcl t ae n ix ng q ao dx ix y ow v ih zh uw w el ax f eh kcl k s h#, ð ə ɦ ɔ n ɨ d̚ d ɦ aʊ s  w ə z ɨ ɦ ɪ t̚  d u ɾ u aʊ ʔ s t̚ t æ n ɨ ŋ ʔ ɔ ɾ ɨ j oʊ v ɪ ʒ u w l̩ ə f ɛ k̚ k s 
/home/isaac/Projects/Thesis/data/timit/data/TRAIN/DR1/FJSP0/SX354.WAV,h# q ah l oy y axr w ax z ax pcl p oy n ih dcl t uw eh kcl s ix kcl k y ux tcl hh er w ih l h#, ʔ ʌ l ɔɪ j ɚ w ə z ə p̚ p ɔɪ n ɪ d̚ t u ɛ k̚ s ɨ k̚ k j ʉ t̚ h ɝ w ɪ l 
/home/isaac/Projects/Thesis/data/timit/data/TRAIN/DR1/FJSP0/SX444.WAV,h# dh ix tcl t aa dcl d l axr f aw n ax kcl k l ae m sh eh l n ih axr dh ix kcl k ae m pcl p s ay tcl h#, ð ɨ t̚ t ɑ d̚ d l ɚ f aʊ n ə k̚ k l æ m ʃ ɛ l n ɪ ɚ ð ɨ k̚ k æ m p̚ p s aɪ t̚ 
/home/isaac/Projects/Thesis/data/timit/data/TRAIN/DR1/FJSP0/SI1763.WAV,h# dh ae tcl t s y er hv eh dx ey kcl k h#, ð æ t̚ t s j ɝ ɦ ɛ ɾ eɪ k̚ k 
/home/isaac/Projects/Thesis/data/timit/data/TRAIN/DR1/FJSP0/SI1434.WAV,h# k ix n s iy v ax bcl b l iy dh ix s ah bcl m axr r iy n dcl d ix f eh n s pcl p r aa bcl l ax m kcl k eh n b iy s ao l v bcl b ay s ix f ih sh ix n f ao r s ix z h#, k ɨ n s i v ə b̚ b l i ð ɨ s ʌ b̚ m ɚ ɹ i n d̚ d ɨ f ɛ n s p̚ p ɹ ɑ b̚ l ə m k̚ k ɛ n b i s ɔ l v b̚ b aɪ s ɨ f ɪ ʃ ɨ n f ɔ ɹ s ɨ z 
/home/isaac/Projects/Thesis/data/timit/data/TRAIN/DR1/FJSP0/SI804.WAV,h# dh ih s ix z pcl p ix tcl t ih k y el l iy tcl t r uw w ix n s ay s el eh kcl k sh en h#, ð ɪ s ɨ z p̚ p ɨ t̚ t ɪ k j l̩ l i t̚ t ɹ u w ɨ n s aɪ s l̩ ɛ k̚ k ʃ n̩ 
/home/isaac/Projects/Thesis/data/timit/data/TRAIN/DR1/FJSP0/SX84.WAV,h# k ax w aa pcl p axr ey sh ix n ax l ao ng w ax dh ah n d ix s tcl t ae n ix ng gcl g el l iy v iy ey tcl d ih s pcl p y ux tcl h#, k ə w ɑ p̚ p ɚ eɪ ʃ ɨ n ə l ɔ ŋ w ə ð ʌ n d ɨ s t̚ t æ n ɨ ŋ ɡ̚ ɡ l̩ l i v i eɪ t̚ d ɪ s p̚ p j ʉ t̚ 
/home/isaac/Projects/Thesis/data/timit/data/TRAIN/DR1/FSJK1/SX125.WAV,h# w eh s tcl ch eh s tcl t ih q ih z ix kcl k aw n iy ix n ux y ao r kcl k h#, w ɛ s t̚ tʃ ɛ s t̚ t ɪ ʔ ɪ z ɨ k̚ k aʊ n i ɨ n ʉ j ɔ ɹ k̚ k 
/home/isaac/Projects/Thesis/data/timit/data/TRAIN/DR1/FSJK1/SI1025.WAV,h# n ay s kcl k ah n tcl t r iy tcl t ax-h m iy dx ix l ay ix n ix n f ey s tcl t ix f ey s h#, n aɪ s k̚ k ʌ n t̚ t ɹ i t̚ t ə̥ m i ɾ ɨ l aɪ ɨ n ɨ n f eɪ s t̚ t ɨ f eɪ s 
/home/isaac/Projects/Thesis/data/timit/data/TRAIN/DR1/FSJK1/SI2285.WAV,h# dh ix gcl g er l n aa dcl d ih dcl d q ah n dcl d axr s tcl t ae n dcl d iy ng l iy h#, ð ɨ ɡ̚ ɡ ɝ l n ɑ d̚ d ɪ d̚ d ʔ ʌ n d̚ d ɚ s t̚ t æ n d̚ d i ŋ l i 
/home/isaac/Projects/Thesis/data/timit/data/TRAIN/DR1/FSJK1/SI696.WAV,h# s ah m hv eh v w aa kcl th r ux pcl p ey n ix n tcl s aa r ix dx ix bcl b r ih ng y ux dh eh r m eh epi s ix dcl jh ix v epi hh ow pcl p h#, s ʌ m ɦ ɛ v w ɑ k̚ θ ɹ ʉ p̚ p eɪ n ɨ n t̚ s ɑ ɹ ɨ ɾ ɨ b̚ b ɹ ɪ ŋ j ʉ ð ɛ ɹ m ɛ  s ɨ d̚ dʒ ɨ v  h oʊ p̚ p 
/home/isaac/Projects/Thesis/data/timit/data/TRAIN/DR1/FSJK1/SX215.WAV,h# dh ax s er m ih n eh m epi f ix s ay z dcl dh ix n iy dcl d f axr f er m ix tcl t ix v ae kcl k sh ix n h#, ð ə s ɝ m ɪ n ɛ m  f ɨ s aɪ z d̚ ð ɨ n i d̚ d f ɚ f ɝ m ɨ t̚ t ɨ v æ k̚ k ʃ ɨ n 
/home/isaac/Projects/Thesis/data/timit/data/TRAIN/DR1/FSJK1/SX35.WAV,h# hh eh l pcl p s eh l ax bcl b r ey tcl y ix bcl b r ah dh ix s ax-h kcl k s eh s h#, h ɛ l p̚ p s ɛ l ə b̚ b ɹ eɪ t̚ j ɨ b̚ b ɹ ʌ ð ɨ s ə̥ k̚ k s ɛ s 
/home/isaac/Projects/Thesis/data/timit/data/TRAIN/DR1/FSJK1/SX305.WAV,h# k ao dcl d ix dcl jh tcl ch iy z epi w ix dh tcl ch ay v z ix z dcl d ax l ix sh ix s h#, k ɔ d̚ d ɨ d̚ dʒ t̚ tʃ i z  w ɨ ð t̚ tʃ aɪ v z ɨ z d̚ d ə l ɨ ʃ ɨ s 
/home/isaac/Projects/Thesis/data/timit/data/TRAIN/DR1/FSJK1/SX395.WAV,h# q ay tcl t uh kcl k hh axr w er dcl f ao r ix q pau b ah dx ix sh ix r ih l ix gcl g ow n w ih th y ux h#, ʔ aɪ t̚ t ʊ k̚ k h ɚ w ɝ d̚ f ɔ ɹ ɨ ʔ  b ʌ ɾ ɨ ʃ ɨ ɹ ɪ l ɨ ɡ̚ ɡ oʊ n w ɪ θ j ʉ 
/home/isaac/Projects/Thesis/data/timit/data/TRAIN/DR1/MRSO0/SX129.WAV,h# q ae ng gcl g uh r ah kcl k ae tcl s q aa r f er iy er dh eh n s epi ay m iy z h#, ʔ æ ŋ ɡ̚ ɡ ʊ ɹ ʌ k̚ k æ t̚ s ʔ ɑ ɹ f ɝ i ɝ ð ɛ n s  aɪ m i z 
/home/isaac/Projects/Thesis/data/timit/data/TRAIN/DR1/MRSO0/SX399.WAV,h# dh ey eh s uw m n ow bcl b er gcl g l er pau w el q eh v axr q eh n tcl t er hv ih axr h#, ð eɪ ɛ s u m n oʊ b̚ b ɝ ɡ̚ ɡ l ɝ  w l̩ ʔ ɛ v ɚ ʔ ɛ n t̚ t ɝ ɦ ɪ ɚ 
/home/isaac/Projects/Thesis/data/timit/data/TRAIN/DR1/MRSO0/SX39.WAV,h# b aa r bcl z gcl g ow l dcl p r ey s l ih q w ax z ix gcl g r ae dcl jh uw ey sh epi en pcl p r eh z ix n tcl h#, b ɑ ɹ b̚ z ɡ̚ ɡ oʊ l d̚ p ɹ eɪ s l ɪ ʔ w ə z ɨ ɡ̚ ɡ ɹ æ d̚ dʒ u eɪ ʃ  n̩ p̚ p ɹ ɛ z ɨ n t̚ 
/home/isaac/Projects/Thesis/data/timit/data/TRAIN/DR1/MRSO0/SI2289.WAV,h# f ay n l iy hv iy ae s tcl t pau d ix y ux ax bcl jh eh kcl t ux pcl p eh dx ih ng h#, f aɪ n l i ɦ i æ s t̚ t  d ɨ j ʉ ə b̚ dʒ ɛ k̚ t ʉ p̚ p ɛ ɾ ɪ ŋ 
/home/isaac/Projects/Thesis/data/timit/data/TRAIN/DR1/MRSO0/SX309.WAV,h# dh ax pcl p r uw f epi dh eh q y ux er s iy kcl k ih ng pau q ih z n aa q ax v ey l ax v el q ix n bcl b uh kcl k s h#, ð ə p̚ p ɹ u f  ð ɛ ʔ j ʉ ɝ s i k̚ k ɪ ŋ  ʔ ɪ z n ɑ ʔ ə v eɪ l ə v l̩ ʔ ɨ n b̚ b ʊ k̚ k s 
/home/isaac/Projects/Thesis/data/timit/data/TRAIN/DR1/MRSO0/SI1206.WAV,h# q ao l ax bcl b aw tcl hv ix m epi s tcl t uh dcl t ux m s tcl t ow n epi s pau hh ih z ow n s eh n s ix dx ih v gcl g r ey tcl hv ae n z hv eh dcl d f ae sh en dcl d h#, ʔ ɔ l ə b̚ b aʊ t̚ ɦ ɨ m  s t̚ t ʊ d̚ t ʉ m s t̚ t oʊ n  s  h ɪ z oʊ n s ɛ n s ɨ ɾ ɪ v ɡ̚ ɡ ɹ eɪ t̚ ɦ æ n z ɦ ɛ d̚ d f æ ʃ n̩ d̚ d 
/home/isaac/Projects/Thesis/data/timit/data/TRAIN/DR1/MRSO0/SX219.WAV,h# n aa n pcl p r aa f ih q ao r gcl ix n ix z ey sh ix n z pau hh ae v f r iy kcl k w ix n tcl f ah n r ey z axr z h#, n ɑ n p̚ p ɹ ɑ f ɪ ʔ ɔ ɹ ɡ̚ ɨ n ɨ z eɪ ʃ ɨ n z  h æ v f ɹ i k̚ k w ɨ n t̚ f ʌ n ɹ eɪ z ɚ z 
/home/isaac/Projects/Thesis/data/timit/data/TRAIN/DR1/MRSO0/SI1659.WAV,h# s ah m w eh r bcl b er dcl d z w axr s epi w iy q l ix kcl k aa l ix ng pau w er q ae n s axr dcl h#, s ʌ m w ɛ ɹ b̚ b ɝ d̚ d z w ɚ s  w i ʔ l ɨ k̚ k ɑ l ɨ ŋ  w ɝ ʔ æ n s ɚ d̚ 
/home/isaac/Projects/Thesis/data/timit/data/TRAIN/DR1/FDAW0/SX56.WAV,h# q ae kcl k ix dcl d eh m ih kcl q ae pcl t ax-h tcl t ux dcl g eh axr n tcl t iy z axr dcl d ix pcl p l ow m ax h#, ʔ æ k̚ k ɨ d̚ d ɛ m ɪ k̚ ʔ æ p̚ t ə̥ t̚ t ʉ d̚ ɡ ɛ ɚ n t̚ t i z ɚ d̚ d ɨ p̚ p l oʊ m ə 
/home/isaac/Projects/Thesis/data/timit/data/TRAIN/DR1/FDAW0/SX326.WAV,h# s tcl t iy v kcl k ax l eh kcl s r eh r q ix n aa v el kcl k oy n s h#, s t̚ t i v k̚ k ə l ɛ k̚ s ɹ ɛ ɹ ʔ ɨ n ɑ v l̩ k̚ k ɔɪ n s 
/home/isaac/Projects/Thesis/data/timit/data/TRAIN/DR1/FDAW0/SX416.WAV,h# ey y ux dcl jh pcl p aw axr q aw dx ix dcl jh r eh r l iy q ax kcl k er s h#, eɪ j ʉ d̚ dʒ p̚ p aʊ ɚ ʔ aʊ ɾ ɨ d̚ dʒ ɹ ɛ ɹ l i ʔ ə k̚ k ɝ s 
/home/isaac/Projects/Thesis/data/timit/data/TRAIN/DR1/FDAW0/SI1406.WAV,h# r iy s iy v ih ng n ow q ae n s er dh ey s eh q dh ix f ay axr h#, ɹ i s i v ɪ ŋ n oʊ ʔ æ n s ɝ ð eɪ s ɛ ʔ ð ɨ f aɪ ɚ 
/home/isaac/Projects/Thesis/data/timit/data/TRAIN/DR1/FDAW0/SX236.WAV,h# k l ih r pcl p ix n aw n s iy ey sh ix n q ih z ix pcl p r iy sh iy ey dx ix dcl h#, k l ɪ ɹ p̚ p ɨ n aʊ n s i eɪ ʃ ɨ n ʔ ɪ z ɨ p̚ p ɹ i ʃ i eɪ ɾ ɨ d̚ 
/home/isaac/Projects/Thesis/data/timit/data/TRAIN/DR1/FDAW0/SI2036.WAV,h# ae z ix z f iy tcl s l ow dcl hh iy f eh l tcl t ix sh ey m q ax v dh ax pcl p ae n ih kcl k ix n r ix z aa l v dcl t ix m ey kcl k ey s tcl t ae n dcl h#, æ z ɨ z f i t̚ s l oʊ d̚ h i f ɛ l t̚ t ɨ ʃ eɪ m ʔ ə v ð ə p̚ p æ n ɪ k̚ k ɨ n ɹ ɨ z ɑ l v d̚ t ɨ m eɪ k̚ k eɪ s t̚ t æ n d̚ 
/home/isaac/Projects/Thesis/data/timit/data/TRAIN/DR1/FDAW0/SX146.WAV,h# s ih kcl k l ix kcl k el pcl p r ow gcl g r ae m z epi w el n eh v axr kcl k ax m pcl p aa l h#, s ɪ k̚ k l ɨ k̚ k l̩ p̚ p ɹ oʊ ɡ̚ ɡ ɹ æ m z  w l̩ n ɛ v ɚ k̚ k ə m p̚ p ɑ l 
/home/isaac/Projects/Thesis/data/timit/data/TRAIN/DR1/FDAW0/SI1271.WAV,h# dh ih s hh eh z bcl b eh n ih tcl ch ih bcl b ux dx ih dcl t ux hv ih l iy ix m f ih l m f l ow ax n dh ix v ey pcl p ax pcl p r eh sh er th ax m aa m ix dx axr h#, ð ɪ s h ɛ z b̚ b ɛ n ɪ t̚ tʃ ɪ b̚ b ʉ ɾ ɪ d̚ t ʉ ɦ ɪ l i ɨ m f ɪ l m f l oʊ ə n ð ɨ v eɪ p̚ p ə p̚ p ɹ ɛ ʃ ɝ θ ə m ɑ m ɨ ɾ ɚ 
/home/isaac/Projects/Thesis/data/timit/data/TRAIN/DR1/MRAI0/SI1954.WAV,h# hh ah n iy pau hh iy w ih s pcl p er dcl d h#, h ʌ n i  h i w ɪ s p̚ p ɝ d̚ d 
/home/isaac/Projects/Thesis/data/timit/data/TRAIN/DR1/MRAI0/SX72.WAV,h# s pcl p r ih ng s tcl t r iy q ix zh tcl t r ey dx eh hv eh dcl d ax h#, s p̚ p ɹ ɪ ŋ s t̚ t ɹ i ʔ ɨ ʒ t̚ t ɹ eɪ ɾ ɛ ɦ ɛ d̚ d ə 
/home/isaac/Projects/Thesis/data/timit/data/TRAIN/DR1/MRAI0/SX252.WAV,h# dh ix gcl g ao r dcl jh ix s bcl b ah dx axr f l ay q ey dx ax l aa dx ax v n eh kcl t axr h#, ð ɨ ɡ̚ ɡ ɔ ɹ d̚ dʒ ɨ s b̚ b ʌ ɾ ɚ f l aɪ ʔ eɪ ɾ ə l ɑ ɾ ə v n ɛ k̚ t ɚ 
/home/isaac/Projects/Thesis/data/timit/data/TRAIN/DR1/MRAI0/SI792.WAV,h# b ah q f eh n s tcl d axr q ah n f eh n s tcl pau n ow pcl p uw l s ay dx ih z dh ax pcl p l ey s f axr r ah nx ix ng axr hh ao r s pcl p l ey h#, b ʌ ʔ f ɛ n s t̚ d ɚ ʔ ʌ n f ɛ n s t̚  n oʊ p̚ p u l s aɪ ɾ ɪ z ð ə p̚ p l eɪ s f ɚ ɹ ʌ ɾ̃ ɨ ŋ ɚ h ɔ ɹ s p̚ p l eɪ 
/home/isaac/Projects/Thesis/data/timit/data/TRAIN/DR1/MRAI0/SX342.WAV,h# t ey kcl k tcl ch aa r dcl jh ix v tcl ch ux z ix ng hv axr bcl b r ay dcl z m ey dcl d z gcl g aw n z h#, t eɪ k̚ k t̚ tʃ ɑ ɹ d̚ dʒ ɨ v t̚ tʃ ʉ z ɨ ŋ ɦ ɚ b̚ b ɹ aɪ d̚ z m eɪ d̚ d z ɡ̚ ɡ aʊ n z 
/home/isaac/Projects/Thesis/data/timit/data/TRAIN/DR1/MRAI0/SX432.WAV,h# k ao f iy ix z gcl g r ow nx aa n s tcl t iy pcl p dcl jh ah ng el l ay kcl k s epi l ow pcl s ix n tcl t eh m pcl p axr tcl z ow n z h#, k ɔ f i ɨ z ɡ̚ ɡ ɹ oʊ ɾ̃ ɑ n s t̚ t i p̚ p d̚ dʒ ʌ ŋ l̩ l aɪ k̚ k s  l oʊ p̚ s ɨ n t̚ t ɛ m p̚ p ɚ t̚ z oʊ n z 
/home/isaac/Projects/Thesis/data/timit/data/TRAIN/DR1/MRAI0/SX162.WAV,h# hh er q ao v er n hh eh r ix m ay n d ih dcl d hv ih m ax v q ao dx ax m l iy v z h#, h ɝ ʔ ɔ v ɝ n h ɛ ɹ ɨ m aɪ n d ɪ d̚ d ɦ ɪ m ə v ʔ ɔ ɾ ə m l i v z 
/home/isaac/Projects/Thesis/data/timit/data/TRAIN/DR1/MRAI0/SI2052.WAV,h# dh iy ix n tcl t ay er l eh ng kcl k th ix v dh ix s tcl t r iy q kcl k ix dcl b iy r ey kcl t w ax th r ay f el f ay axr f r ax m dh ix s bcl b aa r n h#, ð i ɨ n t̚ t aɪ ɝ l ɛ ŋ k̚ k θ ɨ v ð ɨ s t̚ t ɹ i ʔ k̚ k ɨ d̚ b i ɹ eɪ k̚ t w ə θ ɹ aɪ f l̩ f aɪ ɚ f ɹ ə m ð ɨ s b̚ b ɑ ɹ n 
/home/isaac/Projects/Thesis/data/timit/data/TRAIN/DR1/FVFB0/SX312.WAV,h# dh ah z ae n tcl s er z el bcl b ix s tcl t r ey q f ao r w axr dcl d ix f y ux epi th ih ng kcl dh ax m epi th r ux kcl k eh r f ax l ix f er s tcl t h#, ð ʌ z æ n t̚ s ɝ z l̩ b̚ b ɨ s t̚ t ɹ eɪ ʔ f ɔ ɹ w ɚ d̚ d ɨ f j ʉ  θ ɪ ŋ k̚ ð ə m  θ ɹ ʉ k̚ k ɛ ɹ f ə l ɨ f ɝ s t̚ t 
/home/isaac/Projects/Thesis/data/timit/data/TRAIN/DR1/FVFB0/SI1032.WAV,h# ih w ix z ix s tcl t ao r iy ah dh ax r ay n aa s r ix s f ay dx aa l ow v er ix gcl g ae n h#, ɪ w ɨ z ɨ s t̚ t ɔ ɹ i ʌ ð ə ɹ aɪ n ɑ s ɹ ɨ s f aɪ ɾ ɑ l oʊ v ɝ ɨ ɡ̚ ɡ æ n 
/home/isaac/Projects/Thesis/data/timit/data/TRAIN/DR1/FVFB0/SX402.WAV,h# w ax l s er v r ux bcl b aa bcl p ay ae f tcl t axr r ey tcl ch el z tcl t aa kcl k h#, w ə l s ɝ v ɹ ʉ b̚ b ɑ b̚ p aɪ æ f t̚ t ɚ ɹ eɪ t̚ tʃ l̩ z t̚ t ɑ k̚ k 
/home/isaac/Projects/Thesis/data/timit/data/TRAIN/DR1/FVFB0/SI1510.WAV,h# q ax f l ae sh ix l ux m ix n dh ih tcl t r iy z ah z ix kcl k er kcl k ix dcl b ow l tcl t w ih gcl d ix n s eh v r el dcl d axr eh kcl sh epi en epi s h#, ʔ ə f l æ ʃ ɨ l ʉ m ɨ n ð ɪ t̚ t ɹ i z ʌ z ɨ k̚ k ɝ k̚ k ɨ d̚ b oʊ l t̚ t w ɪ ɡ̚ d ɨ n s ɛ v ɹ l̩ d̚ d ɚ ɛ k̚ ʃ  n̩  s 
/home/isaac/Projects/Thesis/data/timit/data/TRAIN/DR1/FVFB0/SI2292.WAV,h# z ih dx eh nx iy th ix ng l ay kcl k uh kcl d ow v axr ow tcl m iy l h#, z ɪ ɾ ɛ ɾ̃ i θ ɨ ŋ l aɪ k̚ k ʊ k̚ d oʊ v ɚ oʊ t̚ m i l 
/home/isaac/Projects/Thesis/data/timit/data/TRAIN/DR1/FVFB0/SX132.WAV,h# p ax bcl b l ih s ax dx iy ih n ow dx axr ay eh dcl d iy gcl g ow hv ae n dcl d ix n hv ae n dcl d h#, p ə b̚ b l ɪ s ə ɾ i ɪ n oʊ ɾ ɚ aɪ ɛ d̚ d i ɡ̚ ɡ oʊ ɦ æ n d̚ d ɨ n ɦ æ n d̚ d 
/home/isaac/Projects/Thesis/data/timit/data/TRAIN/DR1/FVFB0/SX222.WAV,h# y ao w ix z kcl k ix m ah pcl w ax th pcl p ae th epi el aa dcl jh ix kcl k el ix gcl g z ae m pcl p el epi s h#, j ɔ w ɨ z k̚ k ɨ m ʌ p̚ w ə θ p̚ p æ θ  l̩ ɑ d̚ dʒ ɨ k̚ k l̩ ɨ ɡ̚ ɡ z æ m p̚ p l̩  s 
/home/isaac/Projects/Thesis/data/timit/data/TRAIN/DR1/FVFB0/SX42.WAV,h# b ih v el kcl k el s kcl k aa l er z aa r gcl y ux hh ih s sh axr iy h#, b ɪ v l̩ k̚ k l̩ s k̚ k ɑ l ɝ z ɑ ɹ ɡ̚ j ʉ h ɪ s ʃ ɚ i 
/home/isaac/Projects/Thesis/data/timit/data/TRAIN/DR1/MGRL0/SI867.WAV,h# q ey kcl k ix m pcl p l iy tcl p l ae n w iy ih v m ey dcl d l ih m ix dx ix dx ae pcl p l ax kcl k ey sh ix n ah v dh ax pcl p er ax l eh l ae dx axr pcl p l ae n h#, ʔ eɪ k̚ k ɨ m p̚ p l i t̚ p l æ n w i ɪ v m eɪ d̚ d l ɪ m ɨ ɾ ɨ ɾ æ p̚ p l ə k̚ k eɪ ʃ ɨ n ʌ v ð ə p̚ p ɝ ə l ɛ l æ ɾ ɚ p̚ p l æ n 
/home/isaac/Projects/Thesis/data/timit/data/TRAIN/DR1/MGRL0/SX237.WAV,h# dh kcl k er ih ax w ah z ax dcl d w ao f h#, ð k̚ k ɝ ɪ ə w ʌ z ə d̚ d w ɔ f 
/home/isaac/Projects/Thesis/data/timit/data/TRAIN/DR1/MGRL0/SX147.WAV,h# k r eh kcl k tcl t ih kcl k s kcl k y ux sh en ah v m eh ix n s tcl t r ah kcl k sh en z ih z kcl k r ux sh el h#, k ɹ ɛ k̚ k t̚ t ɪ k̚ k s k̚ k j ʉ ʃ n̩ ʌ v m ɛ ɨ n s t̚ t ɹ ʌ k̚ k ʃ n̩ z ɪ z k̚ k ɹ ʉ ʃ l̩ 
/home/isaac/Projects/Thesis/data/timit/data/TRAIN/DR1/MGRL0/SI1497.WAV,h# f axr m tcl ch ay l dcl hv uh dcl d hv iy eh dcl n ow nx ao l ax bcl b aw q n ay v s h#, f ɚ m t̚ tʃ aɪ l d̚ ɦ ʊ d̚ d ɦ i ɛ d̚ n oʊ ɾ̃ ɔ l ə b̚ b aʊ ʔ n aɪ v s 
/home/isaac/Projects/Thesis/data/timit/data/TRAIN/DR1/MGRL0/SX417.WAV,h# v ae l iy l aa dcl jh y ih axr l iy s eh l ax bcl b r ey tcl t s ax-h f er s tcl k ae f bcl b ao n h#, v æ l i l ɑ d̚ dʒ j ɪ ɚ l i s ɛ l ə b̚ b ɹ eɪ t̚ t s ə̥ f ɝ s t̚ k æ f b̚ b ɔ n 
/home/isaac/Projects/Thesis/data/timit/data/TRAIN/DR1/MGRL0/SX57.WAV,h# dh pcl p r aw l ah w ao r ax s kcl k iy m ae s f ao dcl d ax-h s gcl g ay s h#, ð p̚ p ɹ aʊ l ʌ w ɔ ɹ ə s k̚ k i m æ s f ɔ d̚ d ə̥ s ɡ̚ ɡ aɪ s 
/home/isaac/Projects/Thesis/data/timit/data/TRAIN/DR1/MGRL0/SX327.WAV,h# q ae l r iy s iy v dcl d ix dcl jh oy nx ax pcl p oy m ix n tcl q ix n dh ax bcl b ay aa l ax dcl jh iy q ae n dh iy ih n dcl jh ix n ih r ix ng dcl d ix pcl p aa r tcl m ix n tcl t s h#, ʔ æ l ɹ i s i v d̚ d ɨ d̚ dʒ ɔɪ ɾ̃ ə p̚ p ɔɪ m ɨ n t̚ ʔ ɨ n ð ə b̚ b aɪ ɑ l ə d̚ dʒ i ʔ æ n ð i ɪ n d̚ dʒ ɨ n ɪ ɹ ɨ ŋ d̚ d ɨ p̚ p ɑ ɹ t̚ m ɨ n t̚ t s 
/home/isaac/Projects/Thesis/data/timit/data/TRAIN/DR1/MGRL0/SI2127.WAV,h# dh ix gcl g ah dx er el l ey ng w ix dcl jh f r ax m dh ix gcl g eh dx ow s tcl t aa pcl t h#, ð ɨ ɡ̚ ɡ ʌ ɾ ɝ l̩ l eɪ ŋ w ɨ d̚ dʒ f ɹ ə m ð ɨ ɡ̚ ɡ ɛ ɾ oʊ s t̚ t ɑ p̚ t 
/home/isaac/Projects/Thesis/data/timit/data/TRAIN/DR1/MKLS0/SX357.WAV,h# dh ax m oy sh ch er m ay ay z ax-h z f r ax m q ay dcl d r aa pcl p s pau n aa tcl t f r em tcl t ih er s h#, ð ə m ɔɪ ʃ tʃ ɝ m aɪ aɪ z ə̥ z f ɹ ə m ʔ aɪ d̚ d ɹ ɑ p̚ p s  n ɑ t̚ t f ɹ m̩ t̚ t ɪ ɝ s 
/home/isaac/Projects/Thesis/data/timit/data/TRAIN/DR1/MKLS0/SI1437.WAV,h# q ey kcl k axr n kcl k er en q eh f axr tcl pau ix z n iy dx ih dcl t ax-h m ey kcl k ow sh en ix gcl g r ae f ix kcl d ae dx ah pau y ux s f el pau q aa n dh ix s pcl p aa tcl t h#, ʔ eɪ k̚ k ɚ n k̚ k ɝ n̩ ʔ ɛ f ɚ t̚  ɨ z n i ɾ ɪ d̚ t ə̥ m eɪ k̚ k oʊ ʃ n̩ ɨ ɡ̚ ɡ ɹ æ f ɨ k̚ d æ ɾ ʌ  j ʉ s f l̩  ʔ ɑ n ð ɨ s p̚ p ɑ t̚ t 
/home/isaac/Projects/Thesis/data/timit/data/TRAIN/DR1/MKLS0/SX177.WAV,h# d ah z kcl k r iy ow l kcl k uh kcl k iy ng y ux z kcl k er iy h#, d ʌ z k̚ k ɹ i oʊ l k̚ k ʊ k̚ k i ŋ j ʉ z k̚ k ɝ i 
/home/isaac/Projects/Thesis/data/timit/data/TRAIN/DR1/MKLS0/SI1533.WAV,h# ae tcl hh ow m y eh s dh ey q aa r gcl g ux dcl d h#, æ t̚ h oʊ m j ɛ s ð eɪ ʔ ɑ ɹ ɡ̚ ɡ ʉ d̚ d 
/home/isaac/Projects/Thesis/data/timit/data/TRAIN/DR1/MKLS0/SX267.WAV,h# d r ao q eh v r iy q aw dx axr l ay n f er s tcl t pau dh eh n f ih l ih n dh iy ix n tcl t ih r iy axr h#, d ɹ ɔ ʔ ɛ v ɹ i ʔ aʊ ɾ ɚ l aɪ n f ɝ s t̚ t  ð ɛ n f ɪ l ɪ n ð i ɨ n t̚ t ɪ ɹ i ɚ 
/home/isaac/Projects/Thesis/data/timit/data/TRAIN/DR1/MKLS0/SX447.WAV,h# f er s tcl t q ae dcl m ih l kcl t ax dh ix sh r eh dx ix dcl ch iy s h#, f ɝ s t̚ t ʔ æ d̚ m ɪ l k̚ t ə ð ɨ ʃ ɹ ɛ ɾ ɨ d̚ tʃ i s 
/home/isaac/Projects/Thesis/data/timit/data/TRAIN/DR1/MKLS0/SI2067.WAV,h# y ae pau s ix m s ow dcl d ow n ih tcl pau dh ax bcl b oy l ae f tcl t pau hh ah gcl ix ng hv axr kcl k l ow s h#, j æ  s ɨ m s oʊ d̚ d oʊ n ɪ t̚  ð ə b̚ b ɔɪ l æ f t̚ t  h ʌ ɡ̚ ɨ ŋ ɦ ɚ k̚ k l oʊ s 
/home/isaac/Projects/Thesis/data/timit/data/TRAIN/DR1/MKLS0/SX87.WAV,h# p axr m ax dx ix v tcl t r ay bcl b z hh ae v ax n q ah pcl b iy tcl q ae dx ax tcl t ux dcl d h#, p ɚ m ə ɾ ɨ v t̚ t ɹ aɪ b̚ b z h æ v ə n ʔ ʌ p̚ b i t̚ ʔ æ ɾ ə t̚ t ʉ d̚ d 
/home/isaac/Projects/Thesis/data/timit/data/TRAIN/DR1/MKLW0/SX131.WAV,h# ax-h pcl p l ae n tcl t ix bcl b ih l dcl d en ux bcl b eh v r ih dcl jh pcl p l ae n tcl h#, ə̥ p̚ p l æ n t̚ t ɨ b̚ b ɪ l d̚ d n̩ ʉ b̚ b ɛ v ɹ ɪ d̚ dʒ p̚ p l æ n t̚ 
/home/isaac/Projects/Thesis/data/timit/data/TRAIN/DR1/MKLW0/SX41.WAV,h# q eh dx ih kcl k ih tcl m ae n dcl d ey tcl t s kcl k em pcl p l ay n tcl s hh w ax-h th ix gcl g z ix s tcl t ix ng r eh gcl y ix l ey sh ix n s h#, ʔ ɛ ɾ ɪ k̚ k ɪ t̚ m æ n d̚ d eɪ t̚ t s k̚ k m̩ p̚ p l aɪ n t̚ s h w ə̥ θ ɨ ɡ̚ ɡ z ɨ s t̚ t ɨ ŋ ɹ ɛ ɡ̚ j ɨ l eɪ ʃ ɨ n s 
/home/isaac/Projects/Thesis/data/timit/data/TRAIN/DR1/MKLW0/SX311.WAV,h# m ay dcl d ih z ay axr r z ax s ih m pcl p el pau g ih v epi m iy w ah n ih n epi f ao r m ix dx ix v pcl p ae axr gcl g r ae f ao n ix s ah bcl jh eh kcl t h#, m aɪ d̚ d ɪ z aɪ ɚ ɹ z ə s ɪ m p̚ p l̩  ɡ ɪ v  m i w ʌ n ɪ n  f ɔ ɹ m ɨ ɾ ɨ v p̚ p æ ɚ ɡ̚ ɡ ɹ æ f ɔ n ɨ s ʌ b̚ dʒ ɛ k̚ t 
/home/isaac/Projects/Thesis/data/timit/data/TRAIN/DR1/MKLW0/SX401.WAV,h# dh ix tcl t ae kcl s ix kcl k ae bcl b r ow kcl k dcl d aw nx ix ng kcl k ao z dcl d ix tcl t r ae f ix kcl jh ae m h#, ð ɨ t̚ t æ k̚ s ɨ k̚ k æ b̚ b ɹ oʊ k̚ k d̚ d aʊ ɾ̃ ɨ ŋ k̚ k ɔ z d̚ d ɨ t̚ t ɹ æ f ɨ k̚ dʒ æ m 
/home/isaac/Projects/Thesis/data/timit/data/TRAIN/DR1/MKLW0/SI2201.WAV,h# jh ah s tcl l eh tcl m iy dcl d ay ih n pcl p iy s h#, dʒ ʌ s t̚ l ɛ t̚ m i d̚ d aɪ ɪ n p̚ p i s 
/home/isaac/Projects/Thesis/data/timit/data/TRAIN/DR1/MKLW0/SI1844.WAV,h# hh eh l ow eh n iy w ah n ae q hv ow m h#, h ɛ l oʊ ɛ n i w ʌ n æ ʔ ɦ oʊ m 
/home/isaac/Projects/Thesis/data/timit/data/TRAIN/DR1/MKLW0/SI1571.WAV,h# q ay s bcl b ae s pau el eh kcl t r ix kcl k sh aa kcl k s pau l ae sh iy ng z pau w ay l dcl d ao gcl z tcl t eh s tcl t ix kcl k el kcl k r aa sh axr s h#, ʔ aɪ s b̚ b æ s  l̩ ɛ k̚ t ɹ ɨ k̚ k ʃ ɑ k̚ k s  l æ ʃ i ŋ z  w aɪ l d̚ d ɔ ɡ̚ z t̚ t ɛ s t̚ t ɨ k̚ k l̩ k̚ k ɹ ɑ ʃ ɚ s 
/home/isaac/Projects/Thesis/data/timit/data/TRAIN/DR1/MKLW0/SX221.WAV,h# k ao r iy ih tcl t ae kcl k tcl dh ax pcl p r aa dcl jh ix kcl k pau w ix th eh kcl sh r ix dx ix tcl t er m ix nx ey sh en h#, k ɔ ɹ i ɪ t̚ t æ k̚ k t̚ ð ə p̚ p ɹ ɑ d̚ dʒ ɨ k̚ k  w ɨ θ ɛ k̚ ʃ ɹ ɨ ɾ ɨ t̚ t ɝ m ɨ ɾ̃ eɪ ʃ n̩ 
/home/isaac/Projects/Thesis/data/timit/data/TRAIN/DR1/MPGR0/SI2040.WAV,h# hh ih z kcl k aa m r ae dcl z w er ao l dcl d eh dcl h#, h ɪ z k̚ k ɑ m ɹ æ d̚ z w ɝ ɔ l d̚ d ɛ d̚ 
/home/isaac/Projects/Thesis/data/timit/data/TRAIN/DR1/MPGR0/SI1410.WAV,h# w ix w el ix tcl ch iy v ey m ao v ih v ih dcl d s eh n s ah v w ah dx ih tcl q ih z pau b ay r ih l ay z iy n w ah dx ix dx ih z epi n aa tcl h#, w ɨ w l̩ ɨ t̚ tʃ i v eɪ m ɔ v ɪ v ɪ d̚ d s ɛ n s ʌ v w ʌ ɾ ɪ t̚ ʔ ɪ z  b aɪ ɹ ɪ l aɪ z i n w ʌ ɾ ɨ ɾ ɪ z  n ɑ t̚ 
/home/isaac/Projects/Thesis/data/timit/data/TRAIN/DR1/MPGR0/SX330.WAV,h# k aw n tcl dh ax n ah m axr ax v tcl t iy s pcl p uw n z q ah v s oy s ao s dh eh tcl ch uw ae dcl h#, k aʊ n t̚ ð ə n ʌ m ɚ ə v t̚ t i s p̚ p u n z ʔ ʌ v s ɔɪ s ɔ s ð ɛ t̚ tʃ u æ d̚ 
/home/isaac/Projects/Thesis/data/timit/data/TRAIN/DR1/MPGR0/SX60.WAV,h# dh ax l eh dcl jh ix s l ey tcl ch axr m eh tcl t ix dcl jh ah z ax s tcl t ey dx ax pcl p ah bcl b l ih kcl k ix dcl jh ix kcl k ey sh ix n h#, ð ə l ɛ d̚ dʒ ɨ s l eɪ t̚ tʃ ɚ m ɛ t̚ t ɨ d̚ dʒ ʌ z ə s t̚ t eɪ ɾ ə p̚ p ʌ b̚ b l ɪ k̚ k ɨ d̚ dʒ ɨ k̚ k eɪ ʃ ɨ n 
/home/isaac/Projects/Thesis/data/timit/data/TRAIN/DR1/MPGR0/SX420.WAV,h# s iy m s axr s ih z pau ax tcl t ae tcl ch z ih pcl p r ih z pau w ix dh ah th ih m b el n iy dx el q ix n tcl th r eh dcl h#, s i m s ɚ s ɪ z  ə t̚ t æ t̚ tʃ z ɪ p̚ p ɹ ɪ z  w ɨ ð ʌ θ ɪ m b l̩ n i ɾ l̩ ʔ ɨ n t̚ θ ɹ ɛ d̚ 
/home/isaac/Projects/Thesis/data/timit/data/TRAIN/DR1/MPGR0/SI780.WAV,h# dh ax s ay dcl d w ah n z aa hv ae f ih n ch epi n ae r ow axr h#, ð ə s aɪ d̚ d w ʌ n z ɑ ɦ æ f ɪ n tʃ  n æ ɹ oʊ ɚ 
/home/isaac/Projects/Thesis/data/timit/data/TRAIN/DR1/MPGR0/SX150.WAV,h# v iy ih tcl n ax m iy z kcl k uh z iy n ix z eh kcl k s kcl k w ih z ix tcl h#, v i ɪ t̚ n ə m i z k̚ k ʊ z i n ɨ z ɛ k̚ k s k̚ k w ɪ z ɨ t̚ 
/home/isaac/Projects/Thesis/data/timit/data/TRAIN/DR1/MPGR0/SX240.WAV,h# q ih tcl s epi n aa dx iy z iy tcl t ix kcl k r iy ey tcl q ax l uw m ix nx ey dx ix n eh gcl g z ae m pcl p el s h#, ʔ ɪ t̚ s  n ɑ ɾ i z i t̚ t ɨ k̚ k ɹ i eɪ t̚ ʔ ə l u m ɨ ɾ̃ eɪ ɾ ɨ n ɛ ɡ̚ ɡ z æ m p̚ p l̩ s 
/home/isaac/Projects/Thesis/data/timit/data/TRAIN/DR1/MTRR0/SX378.WAV,h# ay dcl jh uh s ao dcl jh ih m n ih ix dh ax n uw aa kcl k iy ix l aa dcl jh kcl k el m y ux z iy ix m h#, aɪ d̚ dʒ ʊ s ɔ d̚ dʒ ɪ m n ɪ ɨ ð ə n u ɑ k̚ k i ɨ l ɑ d̚ dʒ k̚ k l̩ m j ʉ z i ɨ m 
/home/isaac/Projects/Thesis/data/timit/data/TRAIN/DR1/MTRR0/SX18.WAV,h# ae l m ow nx ix hv aa m z ah dcl d ix v ao s epi m ae n z w eh l pcl th h#, æ l m oʊ ɾ̃ ɨ ɦ ɑ m z ʌ d̚ d ɨ v ɔ s  m æ n z w ɛ l p̚ θ 
/home/isaac/Projects/Thesis/data/timit/data/TRAIN/DR1/MTRR0/SX108.WAV,h# hh ix s kcl k ae l pcl p w ax z bcl b l ih s tcl t ix dcl d f r ax m tcl t ax dx ey z hh aa tcl s ah n h#, h ɨ s k̚ k æ l p̚ p w ə z b̚ b l ɪ s t̚ t ɨ d̚ d f ɹ ə m t̚ t ə ɾ eɪ z h ɑ t̚ s ʌ n 
/home/isaac/Projects/Thesis/data/timit/data/TRAIN/DR1/MTRR0/SX198.WAV,h# n ow w iy dcl jh ih n s epi w eh dx ih z ah m ey dcl d ax v l ae m z epi w uh l h#, n oʊ w i d̚ dʒ ɪ n s  w ɛ ɾ ɪ z ʌ m eɪ d̚ d ə v l æ m z  w ʊ l 
/home/isaac/Projects/Thesis/data/timit/data/TRAIN/DR1/MTRR0/SI2178.WAV,h# hh axr kcl k ao f s aw n d ax dcl l ay kcl k l ao th r ih pcl p ix ng h#, h ɚ k̚ k ɔ f s aʊ n d ə d̚ l aɪ k̚ k l ɔ θ ɹ ɪ p̚ p ɨ ŋ 
/home/isaac/Projects/Thesis/data/timit/data/TRAIN/DR1/MTRR0/SI918.WAV,h# w iy n ow dh ah dx ae kcl t axr z kcl k ax n l er n tcl t ix pcl p ix tcl t r ey ax w ay dcl d v axr ay ix dx iy ix v kcl k eh axr kcl t axr r ow l z h#, w i n oʊ ð ʌ ɾ æ k̚ t ɚ z k̚ k ə n l ɝ n t̚ t ɨ p̚ p ɨ t̚ t ɹ eɪ ə w aɪ d̚ d v ɚ aɪ ɨ ɾ i ɨ v k̚ k ɛ ɚ k̚ t ɚ ɹ oʊ l z 
/home/isaac/Projects/Thesis/data/timit/data/TRAIN/DR1/MTRR0/SX288.WAV,h# b r ah sh f ay axr z ax kcl k aa m ax n ax n dh ax dcl d r ay ah n dcl d ax bcl b r ah sh ax v n ax v aa dx ax h#, b ɹ ʌ ʃ f aɪ ɚ z ə k̚ k ɑ m ə n ə n ð ə d̚ d ɹ aɪ ʌ n d̚ d ə b̚ b ɹ ʌ ʃ ə v n ə v ɑ ɾ ə 
/home/isaac/Projects/Thesis/data/timit/data/TRAIN/DR1/MTRR0/SI1548.WAV,h# y ao l w ao n ax w ao kcl pau w ao kcl k iy s eh dcl h#, j ɔ l w ɔ n ə w ɔ k̚  w ɔ k̚ k i s ɛ d̚ 
/home/isaac/Projects/Thesis/data/timit/data/TRAIN/DR1/MWAR0/SX235.WAV,h# q ay q ay dx ax m ay z q ao l ax kcl k aw n tcl s ax n m ay ey dcl jh en epi s ix h#, ʔ aɪ ʔ aɪ ɾ ə m aɪ z ʔ ɔ l ə k̚ k aʊ n t̚ s ə n m aɪ eɪ d̚ dʒ n̩  s ɨ 
/home/isaac/Projects/Thesis/data/timit/data/TRAIN/DR1/MWAR0/SX325.WAV,h# dh ax f el m uw n sh ow n bcl b r ay tcl l iy dh ae tcl n ay tcl h#, ð ə f l̩ m u n ʃ oʊ n b̚ b ɹ aɪ t̚ l i ð æ t̚ n aɪ t̚ 
/home/isaac/Projects/Thesis/data/timit/data/TRAIN/DR1/MWAR0/SX415.WAV,h# m uw v dh ih gcl g aa r bcl b ix dcl jh epi n ih axr tcl t ax dh ax l aa r dcl jh w ix n dcl d ow h#, m u v ð ɪ ɡ̚ ɡ ɑ ɹ b̚ b ɨ d̚ dʒ  n ɪ ɚ t̚ t ə ð ə l ɑ ɹ d̚ dʒ w ɨ n d̚ d oʊ 
/home/isaac/Projects/Thesis/data/timit/data/TRAIN/DR1/MWAR0/SX55.WAV,h# dh ax l ae kcl k ih v hh iy tcl k aa m pcl p aw n dcl d ix dcl dh ix tcl t eh n eh n tcl t s gcl g r iy v ix n tcl s ix s h#, ð ə l æ k̚ k ɪ v h i t̚ k ɑ m p̚ p aʊ n d̚ d ɨ d̚ ð ɨ t̚ t ɛ n ɛ n t̚ t s ɡ̚ ɡ ɹ i v ɨ n t̚ s ɨ s 
/home/isaac/Projects/Thesis/data/timit/data/TRAIN/DR1/MWAR0/SI1675.WAV,h# dh ax bcl b aa dx iy w ax s hh eh v iy er dh eh n hh iy eh dx eh n tcl t ix s ax-h pcl p ey dcl d ix dcl h#, ð ə b̚ b ɑ ɾ i w ə s h ɛ v i ɝ ð ɛ n h i ɛ ɾ ɛ n t̚ t ɨ s ə̥ p̚ p eɪ d̚ d ɨ d̚ 
/home/isaac/Projects/Thesis/data/timit/data/TRAIN/DR1/MWAR0/SI1045.WAV,h# q ih dx ao f axr dcl t ix s axr r eh n dcl axr ix tcl s epi r ay tcl t ux kcl s kcl k ux s ix v tcl t r ey dcl pau b ah dx ae s kcl eh n ix n dcl d eh m n ix dcl d iy h#, ʔ ɪ ɾ ɔ f ɚ d̚ t ɨ s ɚ ɹ ɛ n d̚ ɚ ɨ t̚ s  ɹ aɪ t̚ t ʉ k̚ s k̚ k ʉ s ɨ v t̚ t ɹ eɪ d̚  b ʌ ɾ æ s k̚ ɛ n ɨ n d̚ d ɛ m n ɨ d̚ d i 
/home/isaac/Projects/Thesis/data/timit/data/TRAIN/DR1/MWAR0/SX145.WAV,h# t ux m ah tcl ch kcl k y er ih aa s ix dcl d iy kcl k eng gcl g eh tcl ch ux ix n ix tcl t r ah bcl b el h#, t ʉ m ʌ t̚ tʃ k̚ k j ɝ ɪ ɑ s ɨ d̚ d i k̚ k ŋ̍ ɡ̚ ɡ ɛ t̚ tʃ ʉ ɨ n ɨ t̚ t ɹ ʌ b̚ b l̩ 
/home/isaac/Projects/Thesis/data/timit/data/TRAIN/DR1/MWAR0/SI2305.WAV,h# q eh zh ux kcl k ix ng kcl k aw n aa n m iy dx ix dcl d ux dh ix s ey m h#, ʔ ɛ ʒ ʉ k̚ k ɨ ŋ k̚ k aʊ n ɑ n m i ɾ ɨ d̚ d ʉ ð ɨ s eɪ m 
/home/isaac/Projects/Thesis/data/timit/data/TRAIN/DR1/MJEB1/SI837.WAV,h# k eh m pcl p ux dx ih z ah bcl b ih iy ng y ux z tcl t pau t ix k iy pcl b r ae n ch ih m ix tcl t ao r iy z eh q m ao r w er kcl k ax-h bcl b el l eh v el s h#, k ɛ m p̚ p ʉ ɾ ɪ z ʌ b̚ b ɪ i ŋ j ʉ z t̚ t  t ɨ k i p̚ b ɹ æ n tʃ ɪ m ɨ t̚ t ɔ ɹ i z ɛ ʔ m ɔ ɹ w ɝ k̚ k ə̥ b̚ b l̩ l ɛ v l̩ s 
/home/isaac/Projects/Thesis/data/timit/data/TRAIN/DR1/MJEB1/SX117.WAV,h# dh ax m ae ng g ow ah n dh ax pcl p ax pcl p ay ah pau q aa r ix nx ax bcl b ow l h#, ð ə m æ ŋ ɡ oʊ ʌ n ð ə p̚ p ə p̚ p aɪ ʌ  ʔ ɑ ɹ ɨ ɾ̃ ə b̚ b oʊ l 
/home/isaac/Projects/Thesis/data/timit/data/TRAIN/DR1/MJEB1/SX297.WAV,h# r aa kcl k ix n r ow l m y ux z ix kcl k hv ae z ix gcl g r ey q r ih dh ax m h#, ɹ ɑ k̚ k ɨ n ɹ oʊ l m j ʉ z ɨ k̚ k ɦ æ z ɨ ɡ̚ ɡ ɹ eɪ ʔ ɹ ɪ ð ə m 
/home/isaac/Projects/Thesis/data/timit/data/TRAIN/DR1/MJEB1/SX387.WAV,h# dh ix dcl jh ay ix n q r eh w uh dcl s sh ih m er dcl d pau ix n dh ix gcl g l ih s en iy ng s ah n h#, ð ɨ d̚ dʒ aɪ ɨ n ʔ ɹ ɛ w ʊ d̚ s ʃ ɪ m ɝ d̚ d  ɨ n ð ɨ ɡ̚ ɡ l ɪ s n̩ i ŋ s ʌ n 
/home/isaac/Projects/Thesis/data/timit/data/TRAIN/DR1/MJEB1/SX27.WAV,h# d ih dcl d ae dcl d ux ae kcl k ix dcl d eh m ix kcl b ih dx ih ng h#, d ɪ d̚ d æ d̚ d ʉ æ k̚ k ɨ d̚ d ɛ m ɨ k̚ b ɪ ɾ ɪ ŋ 
/home/isaac/Projects/Thesis/data/timit/data/TRAIN/DR1/MJEB1/SI1467.WAV,h# dh ax pcl p l ae f ao r m ax kcl s eh l ax r aa m ix dx axr z pau m ah s bcl b iy s l ay q l ix m aa dx ax f ay dcl f ax dh ix s pcl p axr s iy dcl jh axr h#, ð ə p̚ p l æ f ɔ ɹ m ə k̚ s ɛ l ə ɹ ɑ m ɨ ɾ ɚ z  m ʌ s b̚ b i s l aɪ ʔ l ɨ m ɑ ɾ ə f aɪ d̚ f ə ð ɨ s p̚ p ɚ s i d̚ dʒ ɚ 
/home/isaac/Projects/Thesis/data/timit/data/TRAIN/DR1/MJEB1/SI2097.WAV,h# l eh f epi m ay n pau m eh n iy ix tcl t ay m q ow n l iy sh iy n eh v axr n uw ix tcl h#, l ɛ f  m aɪ n  m ɛ n i ɨ t̚ t aɪ m ʔ oʊ n l i ʃ i n ɛ v ɚ n u ɨ t̚ 
/home/isaac/Projects/Thesis/data/timit/data/TRAIN/DR1/MJEB1/SX207.WAV,h# d ux y uw hv ih er dh ix s l ey bcl b eh l z r ih ng ih ng h#, d ʉ j u ɦ ɪ ɝ ð ɨ s l eɪ b̚ b ɛ l z ɹ ɪ ŋ ɪ ŋ 
/home/isaac/Projects/Thesis/data/timit/data/TRAIN/DR1/MTJS0/SX112.WAV,h# t ah gcl b ow tcl s ix kcl k ey pcl p ax bcl b ax l ax v hh ao l iy ng hh ux dcl jh l ow dcl z h#, t ʌ ɡ̚ b oʊ t̚ s ɨ k̚ k eɪ p̚ p ə b̚ b ə l ə v h ɔ l i ŋ h ʉ d̚ dʒ l oʊ d̚ z 
/home/isaac/Projects/Thesis/data/timit/data/TRAIN/DR1/MTJS0/SX22.WAV,h# w ax n ao l eh l s f ey l z y ux z f ao s h#, w ə n ɔ l ɛ l s f eɪ l z j ʉ z f ɔ s 
/home/isaac/Projects/Thesis/data/timit/data/TRAIN/DR1/MTJS0/SI1822.WAV,h# b ah tcl t ih dh iy ix n f y er r iy ey sh ix n ah v s ay ix n tcl t ix s pau f axr n ow n ow n r iy z ix n pau n aa tcl q ao l ax dh eh m dcl d ih dcl h#, b ʌ t̚ t ɪ ð i ɨ n f j ɝ ɹ i eɪ ʃ ɨ n ʌ v s aɪ ɨ n t̚ t ɨ s  f ɚ n oʊ n oʊ n ɹ i z ɨ n  n ɑ t̚ ʔ ɔ l ə ð ɛ m d̚ d ɪ d̚ 
/home/isaac/Projects/Thesis/data/timit/data/TRAIN/DR1/MTJS0/SI1192.WAV,h# s ow ah v kcl k ao s hh iy s tcl t ey dcl p uh tcl h#, s oʊ ʌ v k̚ k ɔ s h i s t̚ t eɪ d̚ p ʊ t̚ 
/home/isaac/Projects/Thesis/data/timit/data/TRAIN/DR1/MTJS0/SX292.WAV,h# dh iy z ix kcl k s kcl k l uw s ax v dcl d aa kcl k ax-h m ix n s epi m ah s tcl b iy l aa kcl d ah pcl p ix tcl q ao l tcl t ay m z h#, ð i z ɨ k̚ k s k̚ k l u s ə v d̚ d ɑ k̚ k ə̥ m ɨ n s  m ʌ s t̚ b i l ɑ k̚ d ʌ p̚ p ɨ t̚ ʔ ɔ l t̚ t aɪ m z 
/home/isaac/Projects/Thesis/data/timit/data/TRAIN/DR1/MTJS0/SI562.WAV,h# f ae m l iy l oy el tcl t iy z ix ng kcl k ax w aa pcl p axr tcl t ix f w er kcl k hh ix v bcl b ix n ah n bcl b r ow kcl k ix n f axr dcl jh eh n axr ey sh ix n s h#, f æ m l i l ɔɪ l̩ t̚ t i z ɨ ŋ k̚ k ə w ɑ p̚ p ɚ t̚ t ɨ f w ɝ k̚ k h ɨ v b̚ b ɨ n ʌ n b̚ b ɹ oʊ k̚ k ɨ n f ɚ d̚ dʒ ɛ n ɚ eɪ ʃ ɨ n s 
/home/isaac/Projects/Thesis/data/timit/data/TRAIN/DR1/MTJS0/SX202.WAV,h# hh ah m ah tcl ch ax l aw ax n s dcl d ix y ux gcl g eh tcl h#, h ʌ m ʌ t̚ tʃ ə l aʊ ə n s d̚ d ɨ j ʉ ɡ̚ ɡ ɛ t̚ 
/home/isaac/Projects/Thesis/data/timit/data/TRAIN/DR1/MTJS0/SX382.WAV,h# jh ao r dcl jh ix z pcl p eh axr n oy dcl d ix bcl b aw dx ax f ux tcl ch axr gcl g ae sh ao dx ix dcl jh h#, dʒ ɔ ɹ d̚ dʒ ɨ z p̚ p ɛ ɚ n ɔɪ d̚ d ɨ b̚ b aʊ ɾ ə f ʉ t̚ tʃ ɚ ɡ̚ ɡ æ ʃ ɔ ɾ ɨ d̚ dʒ 
/home/isaac/Projects/Thesis/data/timit/data/TRAIN/DR1/FMEM0/SX333.WAV,h# q ae n q ae dx ah l tcl pau m ey l pau b ae bcl b uw n z tcl t iy th pau q ax r n aa tcl pau s ux dx ax bcl b el f er q iy dx iy ng sh eh l f ih sh h#, ʔ æ n ʔ æ ɾ ʌ l t̚  m eɪ l  b æ b̚ b u n z t̚ t i θ  ʔ ə ɹ n ɑ t̚  s ʉ ɾ ə b̚ b l̩ f ɝ ʔ i ɾ i ŋ ʃ ɛ l f ɪ ʃ 
/home/isaac/Projects/Thesis/data/timit/data/TRAIN/DR1/FMEM0/SI1377.WAV,h# q eh z dh iy z epi m ae l ah dcl d iy z q ow v ax l ae pcl pau s ow m ah s dh ix kcl k y uh ax h#, ʔ ɛ z ð i z  m æ l ʌ d̚ d i z ʔ oʊ v ə l æ p̚  s oʊ m ʌ s ð ɨ k̚ k j ʊ ə 
/home/isaac/Projects/Thesis/data/timit/data/TRAIN/DR1/FMEM0/SX117.WAV,h# dh ax m ae ng gcl g ow pau q ix n dh ix pcl p ax pcl p ay y ax pau q aa r q ih n ax bcl b ow l h#, ð ə m æ ŋ ɡ̚ ɡ oʊ  ʔ ɨ n ð ɨ p̚ p ə p̚ p aɪ j ə  ʔ ɑ ɹ ʔ ɪ n ə b̚ b oʊ l 
/home/isaac/Projects/Thesis/data/timit/data/TRAIN/DR1/FMEM0/SX297.WAV,h# r aa kcl k q eh n r ow l m y ux z ih kcl k hh eh z ix gcl g r ey tcl pau r ih dh ix m h#, ɹ ɑ k̚ k ʔ ɛ n ɹ oʊ l m j ʉ z ɪ k̚ k h ɛ z ɨ ɡ̚ ɡ ɹ eɪ t̚  ɹ ɪ ð ɨ m 
/home/isaac/Projects/Thesis/data/timit/data/TRAIN/DR1/FMEM0/SI2007.WAV,h# t uw hv ih z pcl p ah z el m eh n tcl t pau dh eh s ah dcl en l iy w uh z epi n ow hh ey z h#, t u ɦ ɪ z p̚ p ʌ z l̩ m ɛ n t̚ t  ð ɛ s ʌ d̚ n̩ l i w ʊ z  n oʊ h eɪ z 
/home/isaac/Projects/Thesis/data/timit/data/TRAIN/DR1/FMEM0/SI747.WAV,h# q ae dcl d r iy m ey n iy ng q ih n gcl g r iy dx iy ih n tcl s pau q ix n bcl b r ih ng tcl t uw ax bcl b oy l h#, ʔ æ d̚ d ɹ i m eɪ n i ŋ ʔ ɪ n ɡ̚ ɡ ɹ i ɾ i ɪ n t̚ s  ʔ ɨ n b̚ b ɹ ɪ ŋ t̚ t u ə b̚ b ɔɪ l 
/home/isaac/Projects/Thesis/data/timit/data/TRAIN/DR1/FMEM0/SX387.WAV,h# dh ix dcl jh ay y ih n tcl pau r eh dcl w uh dcl z pau sh ih m ix dcl d pau q ih n dh ax gcl g l ih s epi n ih ng gcl s ah n h#, ð ɨ d̚ dʒ aɪ j ɪ n t̚  ɹ ɛ d̚ w ʊ d̚ z  ʃ ɪ m ɨ d̚ d  ʔ ɪ n ð ə ɡ̚ ɡ l ɪ s  n ɪ ŋ ɡ̚ s ʌ n 
/home/isaac/Projects/Thesis/data/timit/data/TRAIN/DR1/FMEM0/SX207.WAV,h# d ux y ux hv ih r dh ax s l ey bcl b eh l z r ih ng iy ng h#, d ʉ j ʉ ɦ ɪ ɹ ð ə s l eɪ b̚ b ɛ l z ɹ ɪ ŋ i ŋ 
/home/isaac/Projects/Thesis/data/timit/data/TRAIN/DR1/MJWT0/SX31.WAV,h# ax gcl g uh dcl q ae dx ax tcl t ux dcl q ih z pau q ah n bcl b iy dx ax bcl b el h#, ə ɡ̚ ɡ ʊ d̚ ʔ æ ɾ ə t̚ t ʉ d̚ ʔ ɪ z  ʔ ʌ n b̚ b i ɾ ə b̚ b l̩ 
/home/isaac/Projects/Thesis/data/timit/data/TRAIN/DR1/MJWT0/SX121.WAV,h# t r eh s pcl p ae s ix ng ix z f uh bcl b ih dx en q ax n s ah bcl jh eh kcl t ix pcl p eh n el tcl t iy h#, t ɹ ɛ s p̚ p æ s ɨ ŋ ɨ z f ʊ b̚ b ɪ ɾ n̩ ʔ ə n s ʌ b̚ dʒ ɛ k̚ t ɨ p̚ p ɛ n l̩ t̚ t i 
/home/isaac/Projects/Thesis/data/timit/data/TRAIN/DR1/MJWT0/SI751.WAV,h# s er v ix n f r ae ng kcl k f axr dx axr bcl b ah n s pau q axr ix z ax m iy tcl d ih sh h#, s ɝ v ɨ n f ɹ æ ŋ k̚ k f ɚ ɾ ɚ b̚ b ʌ n s  ʔ ɚ ɨ z ə m i t̚ d ɪ ʃ 
/home/isaac/Projects/Thesis/data/timit/data/TRAIN/DR1/MJWT0/SX211.WAV,h# ow n l ix dh ax bcl b eh s tcl p l ey er z ix n dcl jh oy pcl p aa pcl p ix l eh axr dx iy h#, oʊ n l ɨ ð ə b̚ b ɛ s t̚ p l eɪ ɝ z ɨ n d̚ dʒ ɔɪ p̚ p ɑ p̚ p ɨ l ɛ ɚ ɾ i 
/home/isaac/Projects/Thesis/data/timit/data/TRAIN/DR1/MJWT0/SX391.WAV,h# dh ey ao l ay kcl k l ao ng hh aa tcl sh aw axr s h#, ð eɪ ɔ l aɪ k̚ k l ɔ ŋ h ɑ t̚ ʃ aʊ ɚ s 
/home/isaac/Projects/Thesis/data/timit/data/TRAIN/DR1/MJWT0/SX301.WAV,h# w iy l ay kcl b l uw tcl ch iy z bcl b ax tcl t v ih kcl t axr pcl p axr f er s epi w ih s tcl ch iy s h#, w i l aɪ k̚ b l u t̚ tʃ i z b̚ b ə t̚ t v ɪ k̚ t ɚ p̚ p ɚ f ɝ s  w ɪ s t̚ tʃ i s 
/home/isaac/Projects/Thesis/data/timit/data/TRAIN/DR1/MJWT0/SI1381.WAV,h# b ah tcl b r iy f epi l iy pau dh ax tcl t aa pcl p iy ng kcl k ix n f ih gcl g y axr ey sh en m ah s tcl b iy ix gcl g z ae m ix n f ao axr tcl s ih n f axr ix n s ix s h#, b ʌ t̚ b ɹ i f  l i  ð ə t̚ t ɑ p̚ p i ŋ k̚ k ɨ n f ɪ ɡ̚ ɡ j ɚ eɪ ʃ n̩ m ʌ s t̚ b i ɨ ɡ̚ ɡ z æ m ɨ n f ɔ ɚ t̚ s ɪ n f ɚ ɨ n s ɨ s 
/home/isaac/Projects/Thesis/data/timit/data/TRAIN/DR1/MJWT0/SI1291.WAV,h# dh ey sh uh dcl d l ih v ix n m aa dx ax s er kcl k em s tcl t ae n s ix z pau ax v oy dx ih ng ao l kcl k ix n s pcl p ix kcl k y uw ax s kcl k ix n s ah m pcl p sh en h#, ð eɪ ʃ ʊ d̚ d l ɪ v ɨ n m ɑ ɾ ə s ɝ k̚ k m̩ s t̚ t æ n s ɨ z  ə v ɔɪ ɾ ɪ ŋ ɔ l k̚ k ɨ n s p̚ p ɨ k̚ k j u ə s k̚ k ɨ n s ʌ m p̚ p ʃ n̩ 
/home/isaac/Projects/Thesis/data/timit/data/TRAIN/DR1/MPSW0/SI2327.WAV,h# em s aa r ix v ix dx ae sh epi el hv ae f tcl t ax-h s er tcl ch ix z hh aw s h#, m̩ s ɑ ɹ ɨ v ɨ ɾ æ ʃ  l̩ ɦ æ f t̚ t ə̥ s ɝ t̚ tʃ ɨ z h aʊ s 
/home/isaac/Projects/Thesis/data/timit/data/TRAIN/DR1/MPSW0/SI1067.WAV,h# dh axr gcl g ey tcl ix z em pcl p aa s ax-h bcl b el dcl d ax kcl k en v ey ix n w er dcl d z h#, ð ɚ ɡ̚ ɡ eɪ t̚ ɨ z m̩ p̚ p ɑ s ə̥ b̚ b l̩ d̚ d ə k̚ k n̩ v eɪ ɨ n w ɝ d̚ d z 
/home/isaac/Projects/Thesis/data/timit/data/TRAIN/DR1/MPSW0/SX24.WAV,h# aa l dh ow aa w ix z ax l ow n w ix s ax v ay v h#, ɑ l ð oʊ ɑ w ɨ z ə l oʊ n w ɨ s ə v aɪ v 
/home/isaac/Projects/Thesis/data/timit/data/TRAIN/DR1/MPSW0/SX77.WAV,h# b ae gcl p ay pcl s ix n bcl b aa ng gcl g ow z ix m y ux z ix kcl k el ix n sh ax m ix tcl s h#, b æ ɡ̚ p aɪ p̚ s ɨ n b̚ b ɑ ŋ ɡ̚ ɡ oʊ z ɨ m j ʉ z ɨ k̚ k l̩ ɨ n ʃ ə m ɨ t̚ s 
/home/isaac/Projects/Thesis/data/timit/data/TRAIN/DR1/MPSW0/SX437.WAV,h# dh ey y ux z dcl d ix nx ix gcl g r eh s ix v pcl p l iy s epi m ax n tcl t ax f l ae gcl th aa q l ih s epi m ow dx axr ix s tcl s h#, ð eɪ j ʉ z d̚ d ɨ ɾ̃ ɨ ɡ̚ ɡ ɹ ɛ s ɨ v p̚ p l i s  m ə n t̚ t ə f l æ ɡ̚ θ ɑ ʔ l ɪ s  m oʊ ɾ ɚ ɨ s t̚ s 
/home/isaac/Projects/Thesis/data/timit/data/TRAIN/DR1/MPSW0/SI1697.WAV,h# w ix dx ix v bcl b ih nx iy z iy tcl t ux ah dcl d eh nx ix f ay z q ow pcl p iy ix m bcl b ay ix tcl s ow dx axr h#, w ɨ ɾ ɨ v b̚ b ɪ ɾ̃ i z i t̚ t ʉ ʌ d̚ d ɛ ɾ̃ ɨ f aɪ z ʔ oʊ p̚ p i ɨ m b̚ b aɪ ɨ t̚ s oʊ ɾ ɚ 
/home/isaac/Projects/Thesis/data/timit/data/TRAIN/DR1/MPSW0/SX257.WAV,h# w iy aa ow pcl p ax n eh v r ix m ah n iy v n ix n h#, w i ɑ oʊ p̚ p ə n ɛ v ɹ ɨ m ʌ n i v n ɨ n 
/home/isaac/Projects/Thesis/data/timit/data/TRAIN/DR1/MPSW0/SX167.WAV,h# p l oy ix l ey aa f s kcl k ow ix n s ay dx ix w ix th ix kcl k ah m pcl p ix nx iy z r ix ow gcl ix nx ix z ey sh epi en h#, p l ɔɪ ɨ l eɪ ɑ f s k̚ k oʊ ɨ n s aɪ ɾ ɨ w ɨ θ ɨ k̚ k ʌ m p̚ p ɨ ɾ̃ i z ɹ ɨ oʊ ɡ̚ ɨ ɾ̃ ɨ z eɪ ʃ  n̩ 
/home/isaac/Projects/Thesis/data/timit/data/TRAIN/DR1/MTPF0/SX335.WAV,h# g ah s ao pcl p ay n tcl t r iy z ix n r eh dcl w uh dcl d z aa nx ix z epi w ao kcl k th r uw s ix kcl k oy axr n ae sh epi n el f ao r ix s tcl t h#, ɡ ʌ s ɔ p̚ p aɪ n t̚ t ɹ i z ɨ n ɹ ɛ d̚ w ʊ d̚ d z ɑ ɾ̃ ɨ z  w ɔ k̚ k θ ɹ u s ɨ k̚ k ɔɪ ɚ n æ ʃ  n l̩ f ɔ ɹ ɨ s t̚ t 
/home/isaac/Projects/Thesis/data/timit/data/TRAIN/DR1/MTPF0/SX65.WAV,h# ch ae l ax n jh iy tcl ch dcl jh eh n axr el z ix n tcl t eh l ix dcl jh en tcl s h#, tʃ æ l ə n dʒ i t̚ tʃ d̚ dʒ ɛ n ɚ l̩ z ɨ n t̚ t ɛ l ɨ d̚ dʒ n̩ t̚ s 
/home/isaac/Projects/Thesis/data/timit/data/TRAIN/DR1/MTPF0/SI605.WAV,h# w iy w ix dcl d l ux z aa r eh kcl k s pcl p ao r tcl m aa r kcl k ix tcl t s ix n dcl d ax-h n ay aa r s eh l z iy ih m pcl p ao tcl t s epi w iy n iy dcl h#, w i w ɨ d̚ d l ʉ z ɑ ɹ ɛ k̚ k s p̚ p ɔ ɹ t̚ m ɑ ɹ k̚ k ɨ t̚ t s ɨ n d̚ d ə̥ n aɪ ɑ ɹ s ɛ l z i ɪ m p̚ p ɔ t̚ t s  w i n i d̚ 
/home/isaac/Projects/Thesis/data/timit/data/TRAIN/DR1/MTPF0/SI1235.WAV,h# w iy ao f en s ey ix v ax pcl p er s en eh dx iy l uh kcl k s y ah ng f axr ix z ey dcl jh axr ow l dcl d f axr ix z ey dcl jh h#, w i ɔ f n̩ s eɪ ɨ v ə p̚ p ɝ s n̩ ɛ ɾ i l ʊ k̚ k s j ʌ ŋ f ɚ ɨ z eɪ d̚ dʒ ɚ oʊ l d̚ d f ɚ ɨ z eɪ d̚ dʒ 
/home/isaac/Projects/Thesis/data/timit/data/TRAIN/DR1/MTPF0/SI1865.WAV,h# n aw dh ix z epi n ah th ix n l eh f tcl t ax v m iy h#, n aʊ ð ɨ z  n ʌ θ ɨ n l ɛ f t̚ t ə v m i 
/home/isaac/Projects/Thesis/data/timit/data/TRAIN/DR1/MTPF0/SX425.WAV,h# m uw v iy z epi n eh v axr hv ae v ix n ah f ih l ix n z h#, m u v i z  n ɛ v ɚ ɦ æ v ɨ n ʌ f ɪ l ɨ n z 
/home/isaac/Projects/Thesis/data/timit/data/TRAIN/DR1/MTPF0/SX155.WAV,h# dh ax w ao dx axr kcl k en tcl t ey n dcl t uw m ah tcl ch kcl k l ao r iy n ix n s tcl t ah ng ix z ay z h#, ð ə w ɔ ɾ ɚ k̚ k n̩ t̚ t eɪ n d̚ t u m ʌ t̚ tʃ k̚ k l ɔ ɹ i n ɨ n s t̚ t ʌ ŋ ɨ z aɪ z 
/home/isaac/Projects/Thesis/data/timit/data/TRAIN/DR1/MTPF0/SX245.WAV,h# d ix z hh ih n dcl d uw ay dcl d iy aa l ix dcl jh iy aa nx axr kcl k aw z h#, d ɨ z h ɪ n d̚ d u aɪ d̚ d i ɑ l ɨ d̚ dʒ i ɑ ɾ̃ ɚ k̚ k aʊ z 
/home/isaac/Projects/Thesis/data/timit/data/TRAIN/DR1/FCJF0/SX397.WAV,h# t ih m tcl t ey kcl sh iy l ih tcl t s ix m uw v ix z tcl t w ay s ax w iy kcl k h#, t ɪ m t̚ t eɪ k̚ ʃ i l ɪ t̚ t s ɨ m u v ɨ z t̚ t w aɪ s ə w i k̚ k 
/home/isaac/Projects/Thesis/data/timit/data/TRAIN/DR1/FCJF0/SX307.WAV,h# dh ix m iy dx iy ng ih z epi n aw ix dcl jh er n dcl d h#, ð ɨ m i ɾ i ŋ ɪ z  n aʊ ɨ d̚ dʒ ɝ n d̚ d 
/home/isaac/Projects/Thesis/data/timit/data/TRAIN/DR1/FCJF0/SX37.WAV,h# k r ih dx ih kcl k el ax kcl k w ih q m ix n iy dcl d z pcl p r aa pcl p axr m ey n tcl t ix n ix n tcl t s h#, k ɹ ɪ ɾ ɪ k̚ k l̩ ə k̚ k w ɪ ʔ m ɨ n i d̚ d z p̚ p ɹ ɑ p̚ p ɚ m eɪ n t̚ t ɨ n ɨ n t̚ t s 
/home/isaac/Projects/Thesis/data/timit/data/TRAIN/DR1/FCJF0/SI1657.WAV,h# q ao r bcl b aa r ax s em ah n ih f em s ah w ah n q eh ng gcl g ow hv ow m bcl b ay bcl b ah epi th h#, ʔ ɔ ɹ b̚ b ɑ ɹ ə s m̩ ʌ n ɪ f m̩ s ʌ w ʌ n ʔ ɛ ŋ ɡ̚ ɡ oʊ ɦ oʊ m b̚ b aɪ b̚ b ʌ  θ 
/home/isaac/Projects/Thesis/data/timit/data/TRAIN/DR1/FCJF0/SI1027.WAV,h# q iy v ih n eh n q ix f sh ix tcl t uh kcl k w ah n s tcl t ih pcl f ow w ix dcl d hh iy kcl k ix kcl k ae tcl ch epi axr h#, ʔ i v ɪ n ɛ n ʔ ɨ f ʃ ɨ t̚ t ʊ k̚ k w ʌ n s t̚ t ɪ p̚ f oʊ w ɨ d̚ d h i k̚ k ɨ k̚ k æ t̚ tʃ  ɚ 
/home/isaac/Projects/Thesis/data/timit/data/TRAIN/DR1/FCJF0/SI648.WAV,h# ax-h s ey l v ow q m ey hv ae v ax bcl b ow n ih n hv axr tcl t iy dh w ah n m ih n ih q ix n l ay bcl b ax-h kcl k aa m dh ix n eh kcl s tcl t h#, ə̥ s eɪ l v oʊ ʔ m eɪ ɦ æ v ə b̚ b oʊ n ɪ n ɦ ɚ t̚ t i ð w ʌ n m ɪ n ɪ ʔ ɨ n l aɪ b̚ b ə̥ k̚ k ɑ m ð ɨ n ɛ k̚ s t̚ t 
/home/isaac/Projects/Thesis/data/timit/data/TRAIN/DR1/FCJF0/SX127.WAV,h# dh iy q eh m pcl p r ix hv ae dx ix m iy n tcl t eh m pcl p axr h#, ð i ʔ ɛ m p̚ p ɹ ɨ ɦ æ ɾ ɨ m i n t̚ t ɛ m p̚ p ɚ 
/home/isaac/Projects/Thesis/data/timit/data/TRAIN/DR1/FCJF0/SX217.WAV,h# hh aw pcl p er m ix nx eh n aa dh eh r eh kcl k ix dcl d z h#, h aʊ p̚ p ɝ m ɨ ɾ̃ ɛ n ɑ ð ɛ ɹ ɛ k̚ k ɨ d̚ d z 
/home/isaac/Projects/Thesis/data/timit/data/TRAIN/DR1/FECD0/SI2048.WAV,h# dh eh kcl k ih dcl d hv ae s n ow m ae n er s bcl b oy s h#, ð ɛ k̚ k ɪ d̚ d ɦ æ s n oʊ m æ n ɝ s b̚ b ɔɪ s 
/home/isaac/Projects/Thesis/data/timit/data/TRAIN/DR1/FECD0/SX248.WAV,h# r iy dx iy ng q ix n pcl p ao r l ay tcl g ih v zh ux q ay s tcl t r ey n h#, ɹ i ɾ i ŋ ʔ ɨ n p̚ p ɔ ɹ l aɪ t̚ ɡ ɪ v ʒ ʉ ʔ aɪ s t̚ t ɹ eɪ n 
/home/isaac/Projects/Thesis/data/timit/data/TRAIN/DR1/FECD0/SX158.WAV,h# dh ix dcl d r ah ng kcl k er dcl q ix z ix s ow sh el q aw tcl k ey ae s tcl t h#, ð ɨ d̚ d ɹ ʌ ŋ k̚ k ɝ d̚ ʔ ɨ z ɨ s oʊ ʃ l̩ ʔ aʊ t̚ k eɪ æ s t̚ t 
/home/isaac/Projects/Thesis/data/timit/data/TRAIN/DR1/FECD0/SX428.WAV,h# q ey kcl k r ae bcl ch ae l ax n dcl jh dcl d m iy pau b ah tcl q ey kcl k w ih kcl k s tcl t ae bcl b v ae ng kcl k w ix sh tcl t hh ih m h#, ʔ eɪ k̚ k ɹ æ b̚ tʃ æ l ə n d̚ dʒ d̚ d m i  b ʌ t̚ ʔ eɪ k̚ k w ɪ k̚ k s t̚ t æ b̚ b v æ ŋ k̚ k w ɨ ʃ t̚ t h ɪ m 
/home/isaac/Projects/Thesis/data/timit/data/TRAIN/DR1/FECD0/SX68.WAV,h# ah f gcl g r ey dcl jh er s tcl t ae dx ih s tcl t axr r iy f l eh kcl ch axr epi w eh l epi th h#, ʌ f ɡ̚ ɡ ɹ eɪ d̚ dʒ ɝ s t̚ t æ ɾ ɪ s t̚ t ɚ ɹ i f l ɛ k̚ tʃ ɚ  w ɛ l  θ 
/home/isaac/Projects/Thesis/data/timit/data/TRAIN/DR1/FECD0/SX338.WAV,h# dh ih dcl d aa r kcl k m er kcl k iy l uh gcl g ux n w aw n dcl d axr r aw n d f axr m ay el s h#, ð ɪ d̚ d ɑ ɹ k̚ k m ɝ k̚ k i l ʊ ɡ̚ ɡ ʉ n w aʊ n d̚ d ɚ ɹ aʊ n d f ɚ m aɪ l̩ s 
/home/isaac/Projects/Thesis/data/timit/data/TRAIN/DR1/FECD0/SI1418.WAV,h# p er s en el pcl p r iy dcl d ih s pcl p ix z ih sh ix n s tcl t eh n dcl t ix bcl b l ah n tcl dh ix q ey ah pau q eh n ih n tcl t er n ax v oy s q ix z epi w eh l h#, p ɝ s n̩ l̩ p̚ p ɹ i d̚ d ɪ s p̚ p ɨ z ɪ ʃ ɨ n s t̚ t ɛ n d̚ t ɨ b̚ b l ʌ n t̚ ð ɨ ʔ eɪ ʌ  ʔ ɛ n ɪ n t̚ t ɝ n ə v ɔɪ s ʔ ɨ z  w ɛ l 
/home/isaac/Projects/Thesis/data/timit/data/TRAIN/DR1/FECD0/SI788.WAV,h# w iy eh v bcl b iy kcl k ah m q ae m axr tcl ch axr q ix n ch er ix n tcl s eh kcl s pcl p er tcl t s pau eh n f ay n f eh dh er dcl d y aa r dcl b er dcl d s h#, w i ɛ v b̚ b i k̚ k ʌ m ʔ æ m ɚ t̚ tʃ ɚ ʔ ɨ n tʃ ɝ ɨ n t̚ s ɛ k̚ s p̚ p ɝ t̚ t s  ɛ n f aɪ n f ɛ ð ɝ d̚ d j ɑ ɹ d̚ b ɝ d̚ d s 
/home/isaac/Projects/Thesis/data/timit/data/TRAIN/DR1/MMGG0/SI1709.WAV,h# dh ow z epi l ah v l iy w ao r ah l z hh iy tcl ch ao r dcl el dcl h#, ð oʊ z  l ʌ v l i w ɔ ɹ ʌ l z h i t̚ tʃ ɔ ɹ d̚ l̩ d̚ 
/home/isaac/Projects/Thesis/data/timit/data/TRAIN/DR1/MMGG0/SX269.WAV,h# d ux q ey tcl t ih pcl p ih kcl k el f aa r m axr z gcl g r ow ow tcl t s h#, d ʉ ʔ eɪ t̚ t ɪ p̚ p ɪ k̚ k l̩ f ɑ ɹ m ɚ z ɡ̚ ɡ ɹ oʊ oʊ t̚ t s 
/home/isaac/Projects/Thesis/data/timit/data/TRAIN/DR1/MMGG0/SX89.WAV,h# q ix tcl s hh aa r dcl t ix tcl t eh l ax n ax r ih dcl jh ix nx ax l epi f axr m ax f ao r dcl jh axr ix h#, ʔ ɨ t̚ s h ɑ ɹ d̚ t ɨ t̚ t ɛ l ə n ə ɹ ɪ d̚ dʒ ɨ ɾ̃ ə l  f ɚ m ə f ɔ ɹ d̚ dʒ ɚ ɨ 
/home/isaac/Projects/Thesis/data/timit/data/TRAIN/DR1/MMGG0/SI1079.WAV,h# b oy z ix n m eh n gcl g ow ax l ao ng n ix r ih v er bcl b ae ng kcl k q ao r tcl t ux dcl d iy q ae l kcl k ow v z q ix n dh ix tcl t aa pcl p aa r kcl k ey dcl d h#, b ɔɪ z ɨ n m ɛ n ɡ̚ ɡ oʊ ə l ɔ ŋ n ɨ ɹ ɪ v ɝ b̚ b æ ŋ k̚ k ʔ ɔ ɹ t̚ t ʉ d̚ d i ʔ æ l k̚ k oʊ v z ʔ ɨ n ð ɨ t̚ t ɑ p̚ p ɑ ɹ k̚ k eɪ d̚ d 
/home/isaac/Projects/Thesis/data/timit/data/TRAIN/DR1/MMGG0/SI2339.WAV,h# g aa sh epi dh ah hh aw s dcl d ah z th uh kcl k l ay kcl k ax m ao r gcl g ax epi dh ow h#, ɡ ɑ ʃ  ð ʌ h aʊ s d̚ d ʌ z θ ʊ k̚ k l aɪ k̚ k ə m ɔ ɹ ɡ̚ ɡ ə  ð oʊ 
/home/isaac/Projects/Thesis/data/timit/data/TRAIN/DR1/MMGG0/SX179.WAV,h# w ih kcl k ih dcl b eh r l iy s iy dh ih f iy ao r dcl z epi th r ux dh ix s epi n ow f l er ix s h#, w ɪ k̚ k ɪ d̚ b ɛ ɹ l i s i ð ɪ f i ɔ ɹ d̚ z  θ ɹ ʉ ð ɨ s  n oʊ f l ɝ ɨ s 
/home/isaac/Projects/Thesis/data/timit/data/TRAIN/DR1/MMGG0/SX449.WAV,h# r aa l f pcl p r ix pcl p eh r dcl r eh dcl d s epi n ae pcl p axr w ix th f r eh sh epi l eh m ix n s ao s f axr dcl d ih nx axr h#, ɹ ɑ l f p̚ p ɹ ɨ p̚ p ɛ ɹ d̚ ɹ ɛ d̚ d s  n æ p̚ p ɚ w ɨ θ f ɹ ɛ ʃ  l ɛ m ɨ n s ɔ s f ɚ d̚ d ɪ ɾ̃ ɚ 
/home/isaac/Projects/Thesis/data/timit/data/TRAIN/DR1/MMGG0/SX359.WAV,h# dh ix s ih s tcl t ix m ey bcl b r ey kcl d aw n s ux n pau s ax s ey v y axr f ay l z f r iy kcl k w ax n l ix h#, ð ɨ s ɪ s t̚ t ɨ m eɪ b̚ b ɹ eɪ k̚ d aʊ n s ʉ n  s ə s eɪ v j ɚ f aɪ l z f ɹ i k̚ k w ə n l ɨ 
/home/isaac/Projects/Thesis/data/timit/data/TRAIN/DR1/MWAD0/SI2322.WAV,h# hh ix tcl t ow l m ix s ow tcl t ix dx ey kcl k ah m ix ng ah pcl p ah n ix tcl t r ey n h#, h ɨ t̚ t oʊ l m ɨ s oʊ t̚ t ɨ ɾ eɪ k̚ k ʌ m ɨ ŋ ʌ p̚ p ʌ n ɨ t̚ t ɹ eɪ n 
/home/isaac/Projects/Thesis/data/timit/data/TRAIN/DR1/MWAD0/SX72.WAV,h# s pcl p r ih ng sh r iy ih sh tcl t r ey dx eh hv eh dcl h#, s p̚ p ɹ ɪ ŋ ʃ ɹ i ɪ ʃ t̚ t ɹ eɪ ɾ ɛ ɦ ɛ d̚ 
/home/isaac/Projects/Thesis/data/timit/data/TRAIN/DR1/MWAD0/SX252.WAV,h# dh ax gcl g ao r dcl zh ix s bcl b ah dx axr f l ay q ey dx ax l aa dx ax n eh kcl t axr h#, ð ə ɡ̚ ɡ ɔ ɹ d̚ ʒ ɨ s b̚ b ʌ ɾ ɚ f l aɪ ʔ eɪ ɾ ə l ɑ ɾ ə n ɛ k̚ t ɚ 
/home/isaac/Projects/Thesis/data/timit/data/TRAIN/DR1/MWAD0/SI1062.WAV,h# v ay dx ax l kcl k w eh sh ix n z w uh dcl b iy kcl k w ih kcl k l iy ae n tcl t s axr dx ix kcl k ao r dx ix ng tcl t ux ax pcl p r ix pcl p ix pcl p eh r dx ih dcl jh eh n dcl d ah h#, v aɪ ɾ ə l k̚ k w ɛ ʃ ɨ n z w ʊ d̚ b i k̚ k w ɪ k̚ k l i æ n t̚ t s ɚ ɾ ɨ k̚ k ɔ ɹ ɾ ɨ ŋ t̚ t ʉ ə p̚ p ɹ ɨ p̚ p ɨ p̚ p ɛ ɹ ɾ ɪ d̚ dʒ ɛ n d̚ d ʌ 
/home/isaac/Projects/Thesis/data/timit/data/TRAIN/DR1/MWAD0/SX342.WAV,h# t ey kcl ch aa r dcl jh ix v tcl ch ux z ix ng hv axr bcl b r ay dcl z m ey dcl z gcl g aw n epi s h#, t eɪ k̚ tʃ ɑ ɹ d̚ dʒ ɨ v t̚ tʃ ʉ z ɨ ŋ ɦ ɚ b̚ b ɹ aɪ d̚ z m eɪ d̚ z ɡ̚ ɡ aʊ n  s 
/home/isaac/Projects/Thesis/data/timit/data/TRAIN/DR1/MWAD0/SX432.WAV,h# k ao f iy ix z gcl g r ow nx ah n tcl s tcl t iy pcl jh ah ng gcl g ax l ay kcl k s l ow pcl p s ix n tcl t eh m pcl p r ix tcl z ow n epi s h#, k ɔ f i ɨ z ɡ̚ ɡ ɹ oʊ ɾ̃ ʌ n t̚ s t̚ t i p̚ dʒ ʌ ŋ ɡ̚ ɡ ə l aɪ k̚ k s l oʊ p̚ p s ɨ n t̚ t ɛ m p̚ p ɹ ɨ t̚ z oʊ n  s 
/home/isaac/Projects/Thesis/data/timit/data/TRAIN/DR1/MWAD0/SX162.WAV,h# hh axr q ao bcl er n hv eh r ix m ay nx ix dcl hv ix m ax v ao dx ax m l iy v s h#, h ɚ ʔ ɔ b̚ ɝ n ɦ ɛ ɹ ɨ m aɪ ɾ̃ ɨ d̚ ɦ ɨ m ə v ɔ ɾ ə m l i v s 
/home/isaac/Projects/Thesis/data/timit/data/TRAIN/DR1/MWAD0/SI1749.WAV,h# n eh v axr dh ax l eh s ix tcl s tcl t r ux h#, n ɛ v ɚ ð ə l ɛ s ɨ t̚ s t̚ t ɹ ʉ 
/home/isaac/Projects/Thesis/data/timit/data/TRAIN/DR6/MSJK0/SI1596.WAV,h# p r aa m pcl t ix dcl b ay ix gcl g ih l tcl t iy q er dcl jh pau hh iy hv ae dcl d ih s ow bcl b ey dcl dh iy ao dx axr ax v ax m ae n hh iy r ix s pcl p eh kcl t ix dcl h#, p ɹ ɑ m p̚ t ɨ d̚ b aɪ ɨ ɡ̚ ɡ ɪ l t̚ t i ʔ ɝ d̚ dʒ  h i ɦ æ d̚ d ɪ s oʊ b̚ b eɪ d̚ ð i ɔ ɾ ɚ ə v ə m æ n h i ɹ ɨ s p̚ p ɛ k̚ t ɨ d̚ 
/home/isaac/Projects/Thesis/data/timit/data/TRAIN/DR6/MSJK0/SX156.WAV,h# q aa r kcl s pcl p eh r ix m ih n s pcl p aa z ix dx ix v aw tcl k ah m w ah z q ah nx ix kcl k s pcl p eh kcl t ix dcl h#, ʔ ɑ ɹ k̚ s p̚ p ɛ ɹ ɨ m ɪ n s p̚ p ɑ z ɨ ɾ ɨ v aʊ t̚ k ʌ m w ʌ z ʔ ʌ ɾ̃ ɨ k̚ k s p̚ p ɛ k̚ t ɨ d̚ 
/home/isaac/Projects/Thesis/data/timit/data/TRAIN/DR6/MSJK0/SX336.WAV,h# r aa bcl m ey dcl d hv ah ng gcl g eh r iy ng gcl g uw l aa sh f uh r dcl d ih nx ah pau q ae n gcl g ux s bcl b er r iy pcl p ay f uh dcl d ix z er tcl h#, ɹ ɑ b̚ m eɪ d̚ d ɦ ʌ ŋ ɡ̚ ɡ ɛ ɹ i ŋ ɡ̚ ɡ u l ɑ ʃ f ʊ ɹ d̚ d ɪ ɾ̃ ʌ  ʔ æ n ɡ̚ ɡ ʉ s b̚ b ɝ ɹ i p̚ p aɪ f ʊ d̚ d ɨ z ɝ t̚ 
/home/isaac/Projects/Thesis/data/timit/data/TRAIN/DR6/MSJK0/SX66.WAV,h# w ix gcl g ah tcl d r eh n tcl ch f r ah m dh iy ah nx ix n tcl t axr ah pcl t ix dcl d r ey n h#, w ɨ ɡ̚ ɡ ʌ t̚ d ɹ ɛ n t̚ tʃ f ɹ ʌ m ð i ʌ ɾ̃ ɨ n t̚ t ɚ ʌ p̚ t ɨ d̚ d ɹ eɪ n 
/home/isaac/Projects/Thesis/data/timit/data/TRAIN/DR6/MSJK0/SX426.WAV,h# q ax m ao th z ih gcl z ae gcl d ax l ao ng dh ax pcl p ae th epi th r uw q aa dx ow ix z gcl g aa r dcl en h#, ʔ ə m ɔ θ z ɪ ɡ̚ z æ ɡ̚ d ə l ɔ ŋ ð ə p̚ p æ θ  θ ɹ u ʔ ɑ ɾ oʊ ɨ z ɡ̚ ɡ ɑ ɹ d̚ n̩ 
/home/isaac/Projects/Thesis/data/timit/data/TRAIN/DR6/MSJK0/SX246.WAV,h# hh aw w ey tcl ch ix n tcl t ih z dh ih s ah bcl b w ey q eh s kcl k ix l ey dx axr h#, h aʊ w eɪ t̚ tʃ ɨ n t̚ t ɪ z ð ɪ s ʌ b̚ b w eɪ ʔ ɛ s k̚ k ɨ l eɪ ɾ ɚ 
/home/isaac/Projects/Thesis/data/timit/data/TRAIN/DR6/MSJK0/SI2226.WAV,h# b ah tcl dh eh n pau r eh dcl hv eh dcl d z er ao f ix n pcl p ey l h#, b ʌ t̚ ð ɛ n  ɹ ɛ d̚ ɦ ɛ d̚ d z ɝ ɔ f ɨ n p̚ p eɪ l 
/home/isaac/Projects/Thesis/data/timit/data/TRAIN/DR6/MSJK0/SI966.WAV,h# q ey sh aa pcl t r eh m ax w ax z f aa l ax dcl b ay ix dcl jh er kcl k iy r ow l h#, ʔ eɪ ʃ ɑ p̚ t ɹ ɛ m ə w ə z f ɑ l ə d̚ b aɪ ɨ d̚ dʒ ɝ k̚ k i ɹ oʊ l 
/home/isaac/Projects/Thesis/data/timit/data/TRAIN/DR6/MRXB0/SX235.WAV,h# q ay q ay dx ah m ay z q ao l ax kcl k aw n tcl s en m ay q ey dcl jh en tcl t s iy h#, ʔ aɪ ʔ aɪ ɾ ʌ m aɪ z ʔ ɔ l ə k̚ k aʊ n t̚ s n̩ m aɪ ʔ eɪ d̚ dʒ n̩ t̚ t s i 
/home/isaac/Projects/Thesis/data/timit/data/TRAIN/DR6/MRXB0/SI2215.WAV,h# q ih tcl t w uh z ih z bcl b l ih s f ax l q eh n dcl f el f ih l ih ng q eh n ay tcl t ih z q eh n iy bcl b r ay dcl d q eh v er ix kcl k s pcl p axr iy ix n tcl s tcl t h#, ʔ ɪ t̚ t w ʊ z ɪ z b̚ b l ɪ s f ə l ʔ ɛ n d̚ f l̩ f ɪ l ɪ ŋ ʔ ɛ n aɪ t̚ t ɪ z ʔ ɛ n i b̚ b ɹ aɪ d̚ d ʔ ɛ v ɝ ɨ k̚ k s p̚ p ɚ i ɨ n t̚ s t̚ t 
/home/isaac/Projects/Thesis/data/timit/data/TRAIN/DR6/MRXB0/SX325.WAV,h# dh ax f uh l m uw n sh ow n bcl b r ay tcl t l iy dh ae tcl n ay tcl t h#, ð ə f ʊ l m u n ʃ oʊ n b̚ b ɹ aɪ t̚ t l i ð æ t̚ n aɪ t̚ t 
/home/isaac/Projects/Thesis/data/timit/data/TRAIN/DR6/MRXB0/SX415.WAV,h# m uw v dh ix gcl g aa r bcl b ih dcl jh n iy r er tcl t ix dh ax l aa r dcl jh w ix n dcl d ow h#, m u v ð ɨ ɡ̚ ɡ ɑ ɹ b̚ b ɪ d̚ dʒ n i ɹ ɝ t̚ t ɨ ð ə l ɑ ɹ d̚ dʒ w ɨ n d̚ d oʊ 
/home/isaac/Projects/Thesis/data/timit/data/TRAIN/DR6/MRXB0/SI955.WAV,h# w er s pau hh ix z pcl p r eh z ix n tcl k r uw q ix n kcl k l ux dx ix dcl f ay v m eh n hv uw ix dcl s ey l dcl w ax th hh ix m bcl b ax f ao r h#, w ɝ s  h ɨ z p̚ p ɹ ɛ z ɨ n t̚ k ɹ u ʔ ɨ n k̚ k l ʉ ɾ ɨ d̚ f aɪ v m ɛ n ɦ u ɨ d̚ s eɪ l d̚ w ə θ h ɨ m b̚ b ə f ɔ ɹ 
/home/isaac/Projects/Thesis/data/timit/data/TRAIN/DR6/MRXB0/SI1585.WAV,h# hh aw m eh n iy tcl ch ih l dcl d axr n dcl d ix y uw hv ae v pcl p r eh z en tcl t ix dcl d ey h#, h aʊ m ɛ n i t̚ tʃ ɪ l d̚ d ɚ n d̚ d ɨ j u ɦ æ v p̚ p ɹ ɛ z n̩ t̚ t ɨ d̚ d eɪ 
/home/isaac/Projects/Thesis/data/timit/data/TRAIN/DR6/MRXB0/SX55.WAV,h# dh ax l ae kcl k ix v hh iy tcl k ax m pcl p aw n dcl d ih dcl dh ix tcl t eh n en tcl s gcl g r iy v en tcl s ax z h#, ð ə l æ k̚ k ɨ v h i t̚ k ə m p̚ p aʊ n d̚ d ɪ d̚ ð ɨ t̚ t ɛ n n̩ t̚ s ɡ̚ ɡ ɹ i v n̩ t̚ s ə z 
/home/isaac/Projects/Thesis/data/timit/data/TRAIN/DR6/MRXB0/SX145.WAV,h# t uw m ah tcl ch kcl k y er iy aa s ix dx iy kcl k ix ng gcl g ey q y uw ix n tcl t ix tcl t r ah bcl b el h#, t u m ʌ t̚ tʃ k̚ k j ɝ i ɑ s ɨ ɾ i k̚ k ɨ ŋ ɡ̚ ɡ eɪ ʔ j u ɨ n t̚ t ɨ t̚ t ɹ ʌ b̚ b l̩ 
/home/isaac/Projects/Thesis/data/timit/data/TRAIN/DR6/MEJL0/SX242.WAV,h# m ey ay ao dx axr ix s tcl t r ao v er iy s ah n d ey ae f axr ay iy tcl d ih nx er h#, m eɪ aɪ ɔ ɾ ɚ ɨ s t̚ t ɹ ɔ v ɝ i s ʌ n d eɪ æ f ɚ aɪ i t̚ d ɪ ɾ̃ ɝ 
/home/isaac/Projects/Thesis/data/timit/data/TRAIN/DR6/MEJL0/SX152.WAV,h# m ix s kcl k iy dx ow z ix gcl z ih s tcl t ix n w ao r m hh y ux m ix dcl d kcl k l ay m ix tcl t s h#, m ɨ s k̚ k i ɾ oʊ z ɨ ɡ̚ z ɪ s t̚ t ɨ n w ɔ ɹ m h j ʉ m ɨ d̚ d k̚ k l aɪ m ɨ t̚ t s 
/home/isaac/Projects/Thesis/data/timit/data/TRAIN/DR6/MEJL0/SI1592.WAV,h# sh iy s pcl p r ae ng ah pcl ix n w ix n tcl t s w ih f tcl l iy tcl t ix dh ix bcl b eh dcl d r ax m h#, ʃ i s p̚ p ɹ æ ŋ ʌ p̚ ɨ n w ɨ n t̚ t s w ɪ f t̚ l i t̚ t ɨ ð ɨ b̚ b ɛ d̚ d ɹ ə m 
/home/isaac/Projects/Thesis/data/timit/data/TRAIN/DR6/MEJL0/SX422.WAV,h# w ah n tcl ch ux f ih nx ih sh gcl g r iy s ix ng y axr tcl ch ey n bcl b iy sh uh r dx ax w aa sh th er ax l iy h#, w ʌ n t̚ tʃ ʉ f ɪ ɾ̃ ɪ ʃ ɡ̚ ɡ ɹ i s ɨ ŋ j ɚ t̚ tʃ eɪ n b̚ b i ʃ ʊ ɹ ɾ ə w ɑ ʃ θ ɝ ə l i 
/home/isaac/Projects/Thesis/data/timit/data/TRAIN/DR6/MEJL0/SI962.WAV,h# l ay kcl k ix f eh n ah m b er ix bcl b uw q l eh gcl g axr z hh iy dcl d ih s epi l ay kcl t ae l kcl k ax hv ao l h#, l aɪ k̚ k ɨ f ɛ n ʌ m b ɝ ɨ b̚ b u ʔ l ɛ ɡ̚ ɡ ɚ z h i d̚ d ɪ s  l aɪ k̚ t æ l k̚ k ə ɦ ɔ l 
/home/isaac/Projects/Thesis/data/timit/data/TRAIN/DR6/MEJL0/SX62.WAV,h# q eh n iy kcl k ah n tcl t axr bcl b y ux sh ix n z w el bcl b iy gcl g r ey q l iy ax pcl p r iy sh iy eh dx ix dcl d h#, ʔ ɛ n i k̚ k ʌ n t̚ t ɚ b̚ b j ʉ ʃ ɨ n z w l̩ b̚ b i ɡ̚ ɡ ɹ eɪ ʔ l i ə p̚ p ɹ i ʃ i ɛ ɾ ɨ d̚ d 
/home/isaac/Projects/Thesis/data/timit/data/TRAIN/DR6/MEJL0/SI1654.WAV,h# y ix dx ow n hv ae f tcl t ix gcl g eh tcl n ae s tcl t iy h#, j ɨ ɾ oʊ n ɦ æ f t̚ t ɨ ɡ̚ ɡ ɛ t̚ n æ s t̚ t i 
/home/isaac/Projects/Thesis/data/timit/data/TRAIN/DR6/MEJL0/SX332.WAV,h# t aa dcl p l ey z tcl t aa pcl p r ay ao r dx iy ao ng gcl g eh dx ix ng ix z bcl b ay kcl k f ih kcl k s tcl t h#, t ɑ d̚ p l eɪ z t̚ t ɑ p̚ p ɹ aɪ ɔ ɹ ɾ i ɔ ŋ ɡ̚ ɡ ɛ ɾ ɨ ŋ ɨ z b̚ b aɪ k̚ k f ɪ k̚ k s t̚ t 
/home/isaac/Projects/Thesis/data/timit/data/TRAIN/DR6/MABC0/SX421.WAV,h# dh uh z hh ux tcl t iy tcl sh v ae l y ux z f axr s tcl t ix bcl b aa l ix sh tcl ch iy dx ix ng h#, ð ʊ z h ʉ t̚ t i t̚ ʃ v æ l j ʉ z f ɚ s t̚ t ɨ b̚ b ɑ l ɨ ʃ t̚ tʃ i ɾ ɨ ŋ 
/home/isaac/Projects/Thesis/data/timit/data/TRAIN/DR6/MABC0/SX331.WAV,h# dh ix bcl b ih gcl d ao gcl l ah v dcl t ax-h tcl ch ux ah nx iy ow l dcl r ae gcl d aa l h#, ð ɨ b̚ b ɪ ɡ̚ d ɔ ɡ̚ l ʌ v d̚ t ə̥ t̚ tʃ ʉ ʌ ɾ̃ i oʊ l d̚ ɹ æ ɡ̚ d ɑ l 
/home/isaac/Projects/Thesis/data/timit/data/TRAIN/DR6/MABC0/SI781.WAV,h# q gcl g eh n iy z bcl b l aa kcl s w axr s eh dx ix n r eh z en s ae tcl ch r ix dx ix dcl g l ae s kcl k l ao th ix n ey l dcl d h#, ʔ ɡ̚ ɡ ɛ n i z b̚ b l ɑ k̚ s w ɚ s ɛ ɾ ɨ n ɹ ɛ z n̩ s æ t̚ tʃ ɹ ɨ ɾ ɨ d̚ ɡ l æ s k̚ k l ɔ θ ɨ n eɪ l d̚ d 
/home/isaac/Projects/Thesis/data/timit/data/TRAIN/DR6/MABC0/SI2041.WAV,h# dh sh aa q r axr v er v axr ey dx ix dx ix n dcl d em ih nx ix sh ix ng w ix pcl p l ae sh ix z v s aw n dcl d h#, ð ʃ ɑ ʔ ɹ ɚ v ɝ v ɚ eɪ ɾ ɨ ɾ ɨ n d̚ d m̩ ɪ ɾ̃ ɨ ʃ ɨ ŋ w ɨ p̚ p l æ ʃ ɨ z v s aʊ n d̚ d 
/home/isaac/Projects/Thesis/data/timit/data/TRAIN/DR6/MABC0/SI1620.WAV,h# hh ih z hh eh dcl f l aa pcl b ae kcl k h#, h ɪ z h ɛ d̚ f l ɑ p̚ b æ k̚ k 
/home/isaac/Projects/Thesis/data/timit/data/TRAIN/DR6/MABC0/SX61.WAV,h# ch aa kcl k l ix q en r ow z ix z n eh v axr f ey l z axr r ax m ae nx ix kcl g ih f tcl t h#, tʃ ɑ k̚ k l ɨ ʔ n̩ ɹ oʊ z ɨ z n ɛ v ɚ f eɪ l z ɚ ɹ ə m æ ɾ̃ ɨ k̚ ɡ ɪ f t̚ t 
/home/isaac/Projects/Thesis/data/timit/data/TRAIN/DR6/MABC0/SX241.WAV,h# dh hv ao w ey ow pcl p ix n z ix n ux ix hh y ux dcl jh tcl ch ey m bcl b axr h#, ð ɦ ɔ w eɪ oʊ p̚ p ɨ n z ɨ n ʉ ɨ h j ʉ d̚ dʒ t̚ tʃ eɪ m b̚ b ɚ 
/home/isaac/Projects/Thesis/data/timit/data/TRAIN/DR6/MABC0/SX151.WAV,h# dh ix pcl p r iy v iy ix s pcl p iy kcl k er pcl p axr z eh nx ix dx ae m bcl b ih gcl y ux ix s r ix z ah l tcl t s h#, ð ɨ p̚ p ɹ i v i ɨ s p̚ p i k̚ k ɝ p̚ p ɚ z ɛ ɾ̃ ɨ ɾ æ m b̚ b ɪ ɡ̚ j ʉ ɨ s ɹ ɨ z ʌ l t̚ t s 
/home/isaac/Projects/Thesis/data/timit/data/TRAIN/DR6/MPGR1/SI1499.WAV,h# q w ax z l ay kcl f ay nx el iy gcl g eh dx ix ng ix n tcl t ax w ah n z ax q ow n ay tcl m eh axr z tcl t ax pcl p ah nx ix sh epi w ah n z dcl d r iy m z h#, ʔ w ə z l aɪ k̚ f aɪ ɾ̃ l̩ i ɡ̚ ɡ ɛ ɾ ɨ ŋ ɨ n t̚ t ə w ʌ n z ə ʔ oʊ n aɪ t̚ m ɛ ɚ z t̚ t ə p̚ p ʌ ɾ̃ ɨ ʃ  w ʌ n z d̚ d ɹ i m z 
/home/isaac/Projects/Thesis/data/timit/data/TRAIN/DR6/MPGR1/SI1269.WAV,h# r ax-h s ih s tcl t en s th axr m aa m ax dx er s h#, ɹ ə̥ s ɪ s t̚ t n̩ s θ ɚ m ɑ m ə ɾ ɝ s 
/home/isaac/Projects/Thesis/data/timit/data/TRAIN/DR6/MPGR1/SX59.WAV,h# dh s ih ng axr z f ih ng er hv ah dx ax s pcl p l ah n tcl t axr h#, ð s ɪ ŋ ɚ z f ɪ ŋ ɝ ɦ ʌ ɾ ə s p̚ p l ʌ n t̚ t ɚ 
/home/isaac/Projects/Thesis/data/timit/data/TRAIN/DR6/MPGR1/SX239.WAV,h# p y er ey s em f r uw tcl b ax f ao r pcl p axr pcl p eh r ix n dh ix s kcl k y uw axr s h#, p j ɝ eɪ s m̩ f ɹ u t̚ b ə f ɔ ɹ p̚ p ɚ p̚ p ɛ ɹ ɨ n ð ɨ s k̚ k j u ɚ s 
/home/isaac/Projects/Thesis/data/timit/data/TRAIN/DR6/MPGR1/SX149.WAV,h# el w ey dx iy ng f axr tcl ch ih pcl p er sh ix kcl k r ih s kcl k r ao s tcl z ax s kcl k w eh r m eh n iy tcl t ay m z h#, l̩ w eɪ ɾ i ŋ f ɚ t̚ tʃ ɪ p̚ p ɝ ʃ ɨ k̚ k ɹ ɪ s k̚ k ɹ ɔ s t̚ z ə s k̚ k w ɛ ɹ m ɛ n i t̚ t aɪ m z 
/home/isaac/Projects/Thesis/data/timit/data/TRAIN/DR6/MPGR1/SX419.WAV,h# dh f uh tcl b uh l tcl t iy m kcl k ow tcl ch hh eh z ax w aa tcl ch th ih n ih z ih dcl d ay m h#, ð f ʊ t̚ b ʊ l t̚ t i m k̚ k oʊ t̚ tʃ h ɛ z ə w ɑ t̚ tʃ θ ɪ n ɪ z ɪ d̚ d aɪ m 
/home/isaac/Projects/Thesis/data/timit/data/TRAIN/DR6/MPGR1/SI2129.WAV,h# hh ix z bcl b aa dx iy pcl p ih tcl ch tcl t bcl b ae kcl k en f ao r th pau q ax n dh ax bcl b eh n tcl ch h#, h ɨ z b̚ b ɑ ɾ i p̚ p ɪ t̚ tʃ t̚ t b̚ b æ k̚ k n̩ f ɔ ɹ θ  ʔ ə n ð ə b̚ b ɛ n t̚ tʃ 
/home/isaac/Projects/Thesis/data/timit/data/TRAIN/DR6/MPGR1/SX329.WAV,h# ch ih pcl p ow s pcl p ow n dcl d ae l m ow nx ix pcl p eh m ix n s ax n tcl t el dh ax l ey dx ih s tcl p aa s ax-h bcl b el dcl d ey tcl t h#, tʃ ɪ p̚ p oʊ s p̚ p oʊ n d̚ d æ l m oʊ ɾ̃ ɨ p̚ p ɛ m ɨ n s ə n t̚ t l̩ ð ə l eɪ ɾ ɪ s t̚ p ɑ s ə̥ b̚ b l̩ d̚ d eɪ t̚ t 
/home/isaac/Projects/Thesis/data/timit/data/TRAIN/DR6/MSMR0/SX235.WAV,h# q ay ay dx ax m ay z ao l ix kcl k aw n tcl s ix n m ay ey dcl jh ix n s q iy h#, ʔ aɪ aɪ ɾ ə m aɪ z ɔ l ɨ k̚ k aʊ n t̚ s ɨ n m aɪ eɪ d̚ dʒ ɨ n s ʔ i 
/home/isaac/Projects/Thesis/data/timit/data/TRAIN/DR6/MSMR0/SX325.WAV,h# dh ix f uh l m uw n sh ow n bcl b r ay q l iy dh ae tcl n ay tcl h#, ð ɨ f ʊ l m u n ʃ oʊ n b̚ b ɹ aɪ ʔ l i ð æ t̚ n aɪ t̚ 
/home/isaac/Projects/Thesis/data/timit/data/TRAIN/DR6/MSMR0/SX415.WAV,h# m uw v dh ix gcl g aa r bcl ix dcl jh epi n ih er tcl t ix dh ax l aa r dcl jh w ih n ow h#, m u v ð ɨ ɡ̚ ɡ ɑ ɹ b̚ ɨ d̚ dʒ  n ɪ ɝ t̚ t ɨ ð ə l ɑ ɹ d̚ dʒ w ɪ n oʊ 
/home/isaac/Projects/Thesis/data/timit/data/TRAIN/DR6/MSMR0/SX55.WAV,h# dh ax l ae kcl ah v hh iy tcl k aa m pcl p aw n dcl ix dcl dh ix tcl t eh nx ix n tcl s gcl g r iy v en s ix z h#, ð ə l æ k̚ ʌ v h i t̚ k ɑ m p̚ p aʊ n d̚ ɨ d̚ ð ɨ t̚ t ɛ ɾ̃ ɨ n t̚ s ɡ̚ ɡ ɹ i v n̩ s ɨ z 
/home/isaac/Projects/Thesis/data/timit/data/TRAIN/DR6/MSMR0/SX145.WAV,h# t uw m ah tcl ch kcl k er iy aa s ix dx iy kcl k eng gcl g eh tcl ch ux q ih n tcl t ix tcl t r ah bcl el h#, t u m ʌ t̚ tʃ k̚ k ɝ i ɑ s ɨ ɾ i k̚ k ŋ̍ ɡ̚ ɡ ɛ t̚ tʃ ʉ ʔ ɪ n t̚ t ɨ t̚ t ɹ ʌ b̚ l̩ 
/home/isaac/Projects/Thesis/data/timit/data/TRAIN/DR6/MSMR0/SI1150.WAV,h# w ix th dh ow z pcl p ey n tcl t ih ng z ah v bcl b ih gcl k en s tcl t r ah kcl k sh en z kcl k r eh sh ix ng dcl d aw n hv iy f eh l tcl t iy kcl k ix dcl s tcl t aa pcl h#, w ɨ θ ð oʊ z p̚ p eɪ n t̚ t ɪ ŋ z ʌ v b̚ b ɪ ɡ̚ k n̩ s t̚ t ɹ ʌ k̚ k ʃ n̩ z k̚ k ɹ ɛ ʃ ɨ ŋ d̚ d aʊ n ɦ i f ɛ l t̚ t i k̚ k ɨ d̚ s t̚ t ɑ p̚ 
/home/isaac/Projects/Thesis/data/timit/data/TRAIN/DR6/MSMR0/SI1405.WAV,h# ix n dh ax l ao v er tcl ch el iy ix gcl g n ao r dcl dh ix s ix tcl ch uw ey sh ix n h#, ɨ n ð ə l ɔ v ɝ t̚ tʃ l̩ i ɨ ɡ̚ ɡ n ɔ ɹ d̚ ð ɨ s ɨ t̚ tʃ u eɪ ʃ ɨ n 
/home/isaac/Projects/Thesis/data/timit/data/TRAIN/DR6/MSMR0/SI775.WAV,h# th r eh dcl m ae tcl ch iy ng y aa r n q ix n tcl t ae pcl p ix s tcl t r iy n iy dx el h#, θ ɹ ɛ d̚ m æ t̚ tʃ i ŋ j ɑ ɹ n ʔ ɨ n t̚ t æ p̚ p ɨ s t̚ t ɹ i n i ɾ l̩ 
/home/isaac/Projects/Thesis/data/timit/data/TRAIN/DR6/MSVS0/SI1568.WAV,h# hh iy bcl b iy gcl g ae n tcl t ax-h pcl p ae kcl dh ix s ae dx el bcl b ae gcl z h#, h i b̚ b i ɡ̚ ɡ æ n t̚ t ə̥ p̚ p æ k̚ ð ɨ s æ ɾ l̩ b̚ b æ ɡ̚ z 
/home/isaac/Projects/Thesis/data/timit/data/TRAIN/DR6/MSVS0/SI938.WAV,h# s ix pcl p ih er axr n ux m ix tcl t ih r ix el f uh q ao r th ix dcl d aa nx ix kcl k w er kcl k ix z ax n ah dh axr r iy z ah l tcl t axr v r iy s epi axr tcl ch h#, s ɨ p̚ p ɪ ɝ ɚ n ʉ m ɨ t̚ t ɪ ɹ ɨ l̩ f ʊ ʔ ɔ ɹ θ ɨ d̚ d ɑ ɾ̃ ɨ k̚ k w ɝ k̚ k ɨ z ə n ʌ ð ɚ ɹ i z ʌ l t̚ t ɚ v ɹ i s  ɚ t̚ tʃ 
/home/isaac/Projects/Thesis/data/timit/data/TRAIN/DR6/MSVS0/SX308.WAV,h# sh ih pcl b ih l dcl d ix ng q ix z ix m ow s f ae s ix n ey dx ix ng pcl p r aa s eh s h#, ʃ ɪ p̚ b ɪ l d̚ d ɨ ŋ ʔ ɨ z ɨ m oʊ s f æ s ɨ n eɪ ɾ ɨ ŋ p̚ p ɹ ɑ s ɛ s 
/home/isaac/Projects/Thesis/data/timit/data/TRAIN/DR6/MSVS0/SX38.WAV,h# y ah ng pcl p iy pcl p el pcl p aa r tcl t ih s ix pcl p ey q ih nx ae th l eh dx ix kcl k q ae kcl t ih v ix dx iy z h#, j ʌ ŋ p̚ p i p̚ p l̩ p̚ p ɑ ɹ t̚ t ɪ s ɨ p̚ p eɪ ʔ ɪ ɾ̃ æ θ l ɛ ɾ ɨ k̚ k ʔ æ k̚ t ɪ v ɨ ɾ i z 
/home/isaac/Projects/Thesis/data/timit/data/TRAIN/DR6/MSVS0/SX398.WAV,h# ch ih l dcl d r ix n kcl k iy ng kcl k ih n s ux m eh n iy f r ux tcl k ae n dcl d iy z q ix n w ah n s ih dx ih ng h#, tʃ ɪ l d̚ d ɹ ɨ n k̚ k i ŋ k̚ k ɪ n s ʉ m ɛ n i f ɹ ʉ t̚ k æ n d̚ d i z ʔ ɨ n w ʌ n s ɪ ɾ ɪ ŋ 
/home/isaac/Projects/Thesis/data/timit/data/TRAIN/DR6/MSVS0/SX128.WAV,h# l aa tcl s ax f ao r axr n m uw v iy z hh ae v s ah bcl t ay q el epi z h#, l ɑ t̚ s ə f ɔ ɹ ɚ n m u v i z h æ v s ʌ b̚ t aɪ ʔ l̩  z 
/home/isaac/Projects/Thesis/data/timit/data/TRAIN/DR6/MSVS0/SX218.WAV,h# t r ay tcl t ax-h r iy kcl k ao l dh iy ix v eh n tcl s q ih n kcl k r aa nx aa l aa dcl jh ix kcl k el q ao r dx axr h#, t ɹ aɪ t̚ t ə̥ ɹ i k̚ k ɔ l ð i ɨ v ɛ n t̚ s ʔ ɪ n k̚ k ɹ ɑ ɾ̃ ɑ l ɑ d̚ dʒ ɨ k̚ k l̩ ʔ ɔ ɹ ɾ ɚ 
/home/isaac/Projects/Thesis/data/timit/data/TRAIN/DR6/MSVS0/SI2198.WAV,h# b uh dx ih f sh iy w ah z ix n ih n tcl t axr s tcl t ih dcl d pau sh iy dcl jh uh s gcl g ow bcl b ae kcl t ix dh ix s ey m l ay f sh iy dcl l eh f tcl t h#, b ʊ ɾ ɪ f ʃ i w ʌ z ɨ n ɪ n t̚ t ɚ s t̚ t ɪ d̚ d  ʃ i d̚ dʒ ʊ s ɡ̚ ɡ oʊ b̚ b æ k̚ t ɨ ð ɨ s eɪ m l aɪ f ʃ i d̚ l ɛ f t̚ t 
/home/isaac/Projects/Thesis/data/timit/data/TRAIN/DR6/FKLC1/SI1678.WAV,h# t w ay s ix n ih l iy f eh l h#, t w aɪ s ɨ n ɪ l i f ɛ l 
/home/isaac/Projects/Thesis/data/timit/data/TRAIN/DR6/FKLC1/SX328.WAV,h# g r eh gcl g r iy ih n tcl t aa m tcl ch ow z tcl t ax-h w aa tcl ch kcl k aa r tcl t ux n z ix n ih ae f tcl t ix n ux n h#, ɡ ɹ ɛ ɡ̚ ɡ ɹ i ɪ n t̚ t ɑ m t̚ tʃ oʊ z t̚ t ə̥ w ɑ t̚ tʃ k̚ k ɑ ɹ t̚ t ʉ n z ɨ n ɪ æ f t̚ t ɨ n ʉ n 
/home/isaac/Projects/Thesis/data/timit/data/TRAIN/DR6/FKLC1/SX418.WAV,h# q ay r ih s th ih ng kcl k s dh ih s ux hv ae z ix l eh v ix n t s pcl p ae n ix sh pau z iy bcl b r ah z h#, ʔ aɪ ɹ ɪ s θ ɪ ŋ k̚ k s ð ɪ s ʉ ɦ æ z ɨ l ɛ v ɨ n t s p̚ p æ n ɨ ʃ  z i b̚ b ɹ ʌ z 
/home/isaac/Projects/Thesis/data/timit/data/TRAIN/DR6/FKLC1/SX58.WAV,h# w iy ix kcl k s pcl p ih r iy ix n tcl t s dcl d ix s tcl t r eh s q eh n epi f ah s tcl t r ey sh ix nx ah bcl t ey nx ih ng aw dcl d ix gcl g r iy z h#, w i ɨ k̚ k s p̚ p ɪ ɹ i ɨ n t̚ t s d̚ d ɨ s t̚ t ɹ ɛ s ʔ ɛ n  f ʌ s t̚ t ɹ eɪ ʃ ɨ ɾ̃ ʌ b̚ t eɪ ɾ̃ ɪ ŋ aʊ d̚ d ɨ ɡ̚ ɡ ɹ i z 
/home/isaac/Projects/Thesis/data/timit/data/TRAIN/DR6/FKLC1/SI1048.WAV,h# dh ax l ay v er iy hv ae z q ow pcl p ix n sh epi eh l v z pau q iy v ix n ix n iy q ah n bcl b aw n dcl p ih r iy aa dx ix kcl k el s tcl t aa kcl k r uh m h#, ð ə l aɪ v ɝ i ɦ æ z ʔ oʊ p̚ p ɨ n ʃ  ɛ l v z  ʔ i v ɨ n ɨ n i ʔ ʌ n b̚ b aʊ n d̚ p ɪ ɹ i ɑ ɾ ɨ k̚ k l̩ s t̚ t ɑ k̚ k ɹ ʊ m 
/home/isaac/Projects/Thesis/data/timit/data/TRAIN/DR6/FKLC1/SX148.WAV,h# m ow s pcl p r iy s ih ng kcl k s pau hv ae dx ah th er dx ah v dh ax v ow tcl t s kcl k aw n tcl t eh dcl h#, m oʊ s p̚ p ɹ i s ɪ ŋ k̚ k s  ɦ æ ɾ ʌ θ ɝ ɾ ʌ v ð ə v oʊ t̚ t s k̚ k aʊ n t̚ t ɛ d̚ 
/home/isaac/Projects/Thesis/data/timit/data/TRAIN/DR6/FKLC1/SI2308.WAV,h# m ey ay gcl g ih tcl t s em ao kcl k uh kcl k iy z epi n ao r aa hh h#, m eɪ aɪ ɡ̚ ɡ ɪ t̚ t s m̩ ɔ k̚ k ʊ k̚ k i z  n ɔ ɹ ɑ h 
/home/isaac/Projects/Thesis/data/timit/data/TRAIN/DR6/FKLC1/SX238.WAV,h# q ah dcl d aa kcl t ax w ax z ix n ix q ae m bcl b y ix el n tcl s epi w ax th dh ix pcl p ey sh ix n tcl h#, ʔ ʌ d̚ d ɑ k̚ t ə w ə z ɨ n ɨ ʔ æ m b̚ b j ɨ l̩ n t̚ s  w ə θ ð ɨ p̚ p eɪ ʃ ɨ n t̚ 
/home/isaac/Projects/Thesis/data/timit/data/TRAIN/DR6/FSDJ0/SX125.WAV,h# w eh s tcl ch eh s t er ix z ix kcl k aw n tcl t iy ih n ux y ao r kcl k h#, w ɛ s t̚ tʃ ɛ s t ɝ ɨ z ɨ k̚ k aʊ n t̚ t i ɪ n ʉ j ɔ ɹ k̚ k 
/home/isaac/Projects/Thesis/data/timit/data/TRAIN/DR6/FSDJ0/SI1745.WAV,h# dh ih s w ah n kcl k ey m ax bcl b ih hv ay ix tcl th er dx iy th aw z ix nx axr m ao r h#, ð ɪ s w ʌ n k̚ k eɪ m ə b̚ b ɪ ɦ aɪ ɨ t̚ θ ɝ ɾ i θ aʊ z ɨ ɾ̃ ɚ m ɔ ɹ 
/home/isaac/Projects/Thesis/data/timit/data/TRAIN/DR6/FSDJ0/SI1115.WAV,h# hh iy dcl d ix dcl n ao hv aw eh v er pau s eh dx el bcl b ae kcl k ix n tcl t ix q ae kcl k w iy eh s en s epi w ix th ih ng z q ae z dh ey w er h#, h i d̚ d ɨ d̚ n ɔ ɦ aʊ ɛ v ɝ  s ɛ ɾ l̩ b̚ b æ k̚ k ɨ n t̚ t ɨ ʔ æ k̚ k w i ɛ s n̩ s  w ɨ θ ɪ ŋ z ʔ æ z ð eɪ w ɝ 
/home/isaac/Projects/Thesis/data/timit/data/TRAIN/DR6/FSDJ0/SX215.WAV,h# dh ax s er m ix n q eh m f ax s ay z dcl dh ix n iy dcl d f ao r ax f er m ax dx ih v ae kcl sh ix n h#, ð ə s ɝ m ɨ n ʔ ɛ m f ə s aɪ z d̚ ð ɨ n i d̚ d f ɔ ɹ ə f ɝ m ə ɾ ɪ v æ k̚ ʃ ɨ n 
/home/isaac/Projects/Thesis/data/timit/data/TRAIN/DR6/FSDJ0/SX35.WAV,h# hh eh l pcl p s eh l ax bcl r ey q y axr bcl b r ah dh axr s ix kcl s eh s h#, h ɛ l p̚ p s ɛ l ə b̚ ɹ eɪ ʔ j ɚ b̚ b ɹ ʌ ð ɚ s ɨ k̚ s ɛ s 
/home/isaac/Projects/Thesis/data/timit/data/TRAIN/DR6/FSDJ0/SX305.WAV,h# k aa dx ix dcl jh ch iy z w ix th tcl ch ay v z q ix z dcl d ax l ih sh ix s h#, k ɑ ɾ ɨ d̚ dʒ tʃ i z w ɨ θ t̚ tʃ aɪ v z ʔ ɨ z d̚ d ə l ɪ ʃ ɨ s 
/home/isaac/Projects/Thesis/data/timit/data/TRAIN/DR6/FSDJ0/SX395.WAV,h# ay tcl t uh kcl k hh er w er f ao r ix tcl b ax dx ix sh iy r ih l iy gcl g ow ix ng w ix th y uw h#, aɪ t̚ t ʊ k̚ k h ɝ w ɝ f ɔ ɹ ɨ t̚ b ə ɾ ɨ ʃ i ɹ ɪ l i ɡ̚ ɡ oʊ ɨ ŋ w ɨ θ j u 
/home/isaac/Projects/Thesis/data/timit/data/TRAIN/DR6/FSDJ0/SI485.WAV,h# b ow th kcl k aa r z w axr s epi l ay q l iy dcl d ae m ix dcl jh dcl h#, b oʊ θ k̚ k ɑ ɹ z w ɚ s  l aɪ ʔ l i d̚ d æ m ɨ d̚ dʒ d̚ 
/home/isaac/Projects/Thesis/data/timit/data/TRAIN/DR6/FAPB0/SX253.WAV,h# b ay q iy dcl d iy ng y ow gcl g er dcl pau y ux m ey l ih v l ao ng gcl g axr h#, b aɪ ʔ i d̚ d i ŋ j oʊ ɡ̚ ɡ ɝ d̚  j ʉ m eɪ l ɪ v l ɔ ŋ ɡ̚ ɡ ɚ 
/home/isaac/Projects/Thesis/data/timit/data/TRAIN/DR6/FAPB0/SX73.WAV,h# k l ih f s dcl d ih s pcl p l ey epi w ah s epi m ix s pcl p l ey s tcl t q aa n dh ix s kcl k r iy n h#, k l ɪ f s d̚ d ɪ s p̚ p l eɪ  w ʌ s  m ɨ s p̚ p l eɪ s t̚ t ʔ ɑ n ð ɨ s k̚ k ɹ i n 
/home/isaac/Projects/Thesis/data/timit/data/TRAIN/DR6/FAPB0/SX343.WAV,h# dh ix f r ay tcl en tcl ch ay l dcl w ix z dcl jh eh n tcl l iy s ah bcl d ux dcl d bcl b ay hv ix z bcl b ih gcl b r ah dh axr h#, ð ɨ f ɹ aɪ t̚ n̩ t̚ tʃ aɪ l d̚ w ɨ z d̚ dʒ ɛ n t̚ l i s ʌ b̚ d ʉ d̚ d b̚ b aɪ ɦ ɨ z b̚ b ɪ ɡ̚ b ɹ ʌ ð ɚ 
/home/isaac/Projects/Thesis/data/timit/data/TRAIN/DR6/FAPB0/SI1693.WAV,h# ih tcl w ix z q ao kcl k w ax dcl pau v eh r iy q ao kcl k w axr dcl h#, ɪ t̚ w ɨ z ʔ ɔ k̚ k w ə d̚  v ɛ ɹ i ʔ ɔ k̚ k w ɚ d̚ 
/home/isaac/Projects/Thesis/data/timit/data/TRAIN/DR6/FAPB0/SX163.WAV,h# dh ey r iy m ey n dcl d epi l ay f l ah ng epi f r eh n dcl z q ae n kcl k em pcl p ae n y ix n tcl s h#, ð eɪ ɹ i m eɪ n d̚ d  l aɪ f l ʌ ŋ  f ɹ ɛ n d̚ z ʔ æ n k̚ k m̩ p̚ p æ n j ɨ n t̚ s 
/home/isaac/Projects/Thesis/data/timit/data/TRAIN/DR6/FAPB0/SX433.WAV,h# dh iy q ow v ax w ey tcl ch aa r m ax kcl k ux dcl d s epi l ih pcl p oy z ih n q ih n tcl t uw q eh n iy w ah n z tcl t iy h#, ð i ʔ oʊ v ə w eɪ t̚ tʃ ɑ ɹ m ə k̚ k ʉ d̚ d s  l ɪ p̚ p ɔɪ z ɪ n ʔ ɪ n t̚ t u ʔ ɛ n i w ʌ n z t̚ t i 
/home/isaac/Projects/Thesis/data/timit/data/TRAIN/DR6/FAPB0/SI1063.WAV,h# n ow kcl k w eh sh tcl ch ix n v r ah f el z hh ih m q ow ax kcl k ao s ix s hv ih m tcl t ux hv eh z ix tcl t ey tcl h#, n oʊ k̚ k w ɛ ʃ t̚ tʃ ɨ n v ɹ ʌ f l̩ z h ɪ m ʔ oʊ ə k̚ k ɔ s ɨ s ɦ ɪ m t̚ t ʉ ɦ ɛ z ɨ t̚ t eɪ t̚ 
/home/isaac/Projects/Thesis/data/timit/data/TRAIN/DR6/FAPB0/SI2323.WAV,h# w eh w iy l eh f epi w aa epi sh epi eng tcl t ix n hv ih s ah n tcl t ae dcl d epi w ih z q ih l q ae n m ix s ix z l ih ng kcl k eh n pau hh ix s tcl t eh r axr kcl k el h#, w ɛ w i l ɛ f  w ɑ  ʃ  ŋ̍ t̚ t ɨ n ɦ ɪ s ʌ n t̚ t æ d̚ d  w ɪ z ʔ ɪ l ʔ æ n m ɨ s ɨ z l ɪ ŋ k̚ k ɛ n  h ɨ s t̚ t ɛ ɹ ɚ k̚ k l̩ 
/home/isaac/Projects/Thesis/data/timit/data/TRAIN/DR6/FLAG0/SX384.WAV,h# p l iy z sh ao r q en dh ix s kcl k er tcl t f axr dcl jh oy s h#, p l i z ʃ ɔ ɹ ʔ n̩ ð ɨ s k̚ k ɝ t̚ t f ɚ d̚ dʒ ɔɪ s 
/home/isaac/Projects/Thesis/data/timit/data/TRAIN/DR6/FLAG0/SX204.WAV,h# q iy v ix n ay ix kcl k ey zh en el l iy gcl g eh tcl dh ax m ah n dcl d ey bcl b l ux s h#, ʔ i v ɨ n aɪ ɨ k̚ k eɪ ʒ n̩ l̩ l i ɡ̚ ɡ ɛ t̚ ð ə m ʌ n d̚ d eɪ b̚ b l ʉ s 
/home/isaac/Projects/Thesis/data/timit/data/TRAIN/DR6/FLAG0/SI2094.WAV,h# hh iy s kcl k aw el dcl d ae dx axr f l aw er s h#, h i s k̚ k aʊ l̩ d̚ d æ ɾ ɚ f l aʊ ɝ s 
/home/isaac/Projects/Thesis/data/timit/data/TRAIN/DR6/FLAG0/SX114.WAV,h# dh ix kcl k aa r tcl t ux n f iy tcl ch axr z ey m ah s kcl k r ae tcl eh n dcl d ix tcl t ae dcl p ow l h#, ð ɨ k̚ k ɑ ɹ t̚ t ʉ n f i t̚ tʃ ɚ z eɪ m ʌ s k̚ k ɹ æ t̚ ɛ n d̚ d ɨ t̚ t æ d̚ p oʊ l 
/home/isaac/Projects/Thesis/data/timit/data/TRAIN/DR6/FLAG0/SX24.WAV,h# ao l dh ow q ow ih z ax l ow n w iy s axr v ay v h#, ɔ l ð oʊ ʔ oʊ ɪ z ə l oʊ n w i s ɚ v aɪ v 
/home/isaac/Projects/Thesis/data/timit/data/TRAIN/DR6/FLAG0/SI1464.WAV,h# m ae n y uw el l eh v el ih ng r axr kcl k w ay er z ax nx axr pcl p r er pcl p r iy ix tcl d ix s pcl p l ey ih v dh ih kcl k s eh l axr r aa m ix dx er q aw pcl p uh tcl t s h#, m æ n j u l̩ l ɛ v l̩ ɪ ŋ ɹ ɚ k̚ k w aɪ ɝ z ə ɾ̃ ɚ p̚ p ɹ ɝ p̚ p ɹ i ɨ t̚ d ɨ s p̚ p l eɪ ɪ v ð ɪ k̚ k s ɛ l ɚ ɹ ɑ m ɨ ɾ ɝ ʔ aʊ p̚ p ʊ t̚ t s 
/home/isaac/Projects/Thesis/data/timit/data/TRAIN/DR6/FLAG0/SI834.WAV,h# ih t hv ae z epi m uh l tcl t ax pcl p el q ih m pcl p l ax kcl k ey sh ix n z q ax n pcl p aa s ax bcl b el hv eh dx ey kcl k s f ux y axr m aa r kcl k ix dx iy ng pcl p r ow gcl g r ae m h#, ɪ t ɦ æ z  m ʊ l t̚ t ə p̚ p l̩ ʔ ɪ m p̚ p l ə k̚ k eɪ ʃ ɨ n z ʔ ə n p̚ p ɑ s ə b̚ b l̩ ɦ ɛ ɾ eɪ k̚ k s f ʉ j ɚ m ɑ ɹ k̚ k ɨ ɾ i ŋ p̚ p ɹ oʊ ɡ̚ ɡ ɹ æ m 
/home/isaac/Projects/Thesis/data/timit/data/TRAIN/DR6/FLAG0/SX294.WAV,h# sh uh dcl jh axr r ae f s bcl b iy kcl k eh pcl t ix n s epi m ao l z ux s h#, ʃ ʊ d̚ dʒ ɚ ɹ æ f s b̚ b i k̚ k ɛ p̚ t ɨ n s  m ɔ l z ʉ s 
/home/isaac/Projects/Thesis/data/timit/data/TRAIN/DR6/MRMB0/SX51.WAV,h# q ae m bcl b ih dcl d eh kcl sh r ih s pcl p ih kcl p aa kcl k ih tcl t s ix kcl k aa m pcl p l ix sh epi m ao r h#, ʔ æ m b̚ b ɪ d̚ d ɛ k̚ ʃ ɹ ɪ s p̚ p ɪ k̚ p ɑ k̚ k ɪ t̚ t s ɨ k̚ k ɑ m p̚ p l ɨ ʃ  m ɔ ɹ 
/home/isaac/Projects/Thesis/data/timit/data/TRAIN/DR6/MRMB0/SI951.WAV,h# q ao l tcl t ux ao f tcl t ix n hv aa r l ae ng w ix dcl jh ax-h z ah n dcl d ux l iy hv aa r sh h#, ʔ ɔ l t̚ t ʉ ɔ f t̚ t ɨ n ɦ ɑ ɹ l æ ŋ w ɨ d̚ dʒ ə̥ z ʌ n d̚ d ʉ l i ɦ ɑ ɹ ʃ 
/home/isaac/Projects/Thesis/data/timit/data/TRAIN/DR6/MRMB0/SX141.WAV,h# p l eh dcl jh tcl t ux pcl p axr tcl t ix z ax-h pcl p ey tcl en ax v aa dx ih z ix kcl k w ae dx ix kcl k aa m pcl p ix tcl t ix sh en h#, p l ɛ d̚ dʒ t̚ t ʉ p̚ p ɚ t̚ t ɨ z ə̥ p̚ p eɪ t̚ n̩ ə v ɑ ɾ ɪ z ɨ k̚ k w æ ɾ ɨ k̚ k ɑ m p̚ p ɨ t̚ t ɨ ʃ n̩ 
/home/isaac/Projects/Thesis/data/timit/data/TRAIN/DR6/MRMB0/SI1581.WAV,h# hh aw bcl b aw q m iy tcl t r ay ng tcl t ux hv eh l pcl p er gcl g ih tcl hv axr dcl jh aa bcl b ae kcl k h#, h aʊ b̚ b aʊ ʔ m i t̚ t ɹ aɪ ŋ t̚ t ʉ ɦ ɛ l p̚ p ɝ ɡ̚ ɡ ɪ t̚ ɦ ɚ d̚ dʒ ɑ b̚ b æ k̚ k 
/home/isaac/Projects/Thesis/data/timit/data/TRAIN/DR6/MRMB0/SX321.WAV,h# dh ix gcl g r aw n hv aa gcl k l ih l iy s ao hv ix sh ae dx ow pau b ix tcl s tcl t ey dx aw q ow l iy ix m ow m ix n tcl h#, ð ɨ ɡ̚ ɡ ɹ aʊ n ɦ ɑ ɡ̚ k l ɪ l i s ɔ ɦ ɨ ʃ æ ɾ oʊ  b ɨ t̚ s t̚ t eɪ ɾ aʊ ʔ oʊ l i ɨ m oʊ m ɨ n t̚ 
/home/isaac/Projects/Thesis/data/timit/data/TRAIN/DR6/MRMB0/SX411.WAV,h# b ah dx er s kcl k aa tcl ch f ah dcl jh gcl g ow z w eh l w ih th v ix nx eh l axr ay s kcl k r iy m h#, b ʌ ɾ ɝ s k̚ k ɑ t̚ tʃ f ʌ d̚ dʒ ɡ̚ ɡ oʊ z w ɛ l w ɪ θ v ɨ ɾ̃ ɛ l ɚ aɪ s k̚ k ɹ i m 
/home/isaac/Projects/Thesis/data/timit/data/TRAIN/DR6/MRMB0/SI2211.WAV,h# hh iy w ih z f uh l ah v hh eh v iy f ae m l iy hv r eh m ix n ih s en tcl t s h#, h i w ɪ z f ʊ l ʌ v h ɛ v i f æ m l i ɦ ɹ ɛ m ɨ n ɪ s n̩ t̚ t s 
/home/isaac/Projects/Thesis/data/timit/data/TRAIN/DR6/MRMB0/SX231.WAV,h# hh ay aa nx er m ay m aa m h#, h aɪ ɑ ɾ̃ ɝ m aɪ m ɑ m 
/home/isaac/Projects/Thesis/data/timit/data/TRAIN/DR6/FTAJ0/SX69.WAV,h# q iy q y er r ey z ix n z aw q dcl d ao r z ax n dh ix pcl p ao r tcl sh tcl t eh pcl p s h#, ʔ i ʔ j ɝ ɹ eɪ z ɨ n z aʊ ʔ d̚ d ɔ ɹ z ə n ð ɨ p̚ p ɔ ɹ t̚ ʃ t̚ t ɛ p̚ p s 
/home/isaac/Projects/Thesis/data/timit/data/TRAIN/DR6/FTAJ0/SX249.WAV,h# q ay q ey tcl q eh v r iy q oy s tcl t axr aa n ao axr z pcl p l ey q h#, ʔ aɪ ʔ eɪ t̚ ʔ ɛ v ɹ i ʔ ɔɪ s t̚ t ɚ ɑ n ɔ ɚ z p̚ p l eɪ ʔ 
/home/isaac/Projects/Thesis/data/timit/data/TRAIN/DR6/FTAJ0/SI699.WAV,h# y axr n aa q l ih v ix ng ah pcl t y axr ow n pcl p r ih n s pcl p el sh iy tcl t ow l m ay dcl d ix s kcl k er axr dcl jh pcl p iy pcl p el h#, j ɚ n ɑ ʔ l ɪ v ɨ ŋ ʌ p̚ t j ɚ oʊ n p̚ p ɹ ɪ n s p̚ p l̩ ʃ i t̚ t oʊ l m aɪ d̚ d ɨ s k̚ k ɝ ɚ d̚ dʒ p̚ p i p̚ p l̩ 
/home/isaac/Projects/Thesis/data/timit/data/TRAIN/DR6/FTAJ0/SX429.WAV,h# ix tcl t ux th pcl p ey s tcl t ux bcl sh uh bcl b iy s kcl k w iy z dcl f r em dh ax bcl b aa dx ax m h#, ɨ t̚ t ʉ θ p̚ p eɪ s t̚ t ʉ b̚ ʃ ʊ b̚ b i s k̚ k w i z d̚ f ɹ m̩ ð ə b̚ b ɑ ɾ ə m 
/home/isaac/Projects/Thesis/data/timit/data/TRAIN/DR6/FTAJ0/SI1329.WAV,h# dh ih s bcl b axr th epi l eh ng th s iy m z tcl t ix bcl b iy tcl t ix pcl p ax kcl k el h#, ð ɪ s b̚ b ɚ θ  l ɛ ŋ θ s i m z t̚ t ɨ b̚ b i t̚ t ɨ p̚ p ə k̚ k l̩ 
/home/isaac/Projects/Thesis/data/timit/data/TRAIN/DR6/FTAJ0/SX339.WAV,h# d ih dcl sh ao ng kcl k eh tcl sh dh eh tcl b ih gcl g ux s epi w ix dh aw tcl hv eh l pcl h#, d ɪ d̚ ʃ ɔ ŋ k̚ k ɛ t̚ ʃ ð ɛ t̚ b ɪ ɡ̚ ɡ ʉ s  w ɨ ð aʊ t̚ ɦ ɛ l p̚ 
/home/isaac/Projects/Thesis/data/timit/data/TRAIN/DR6/FTAJ0/SI474.WAV,h# dh ix gcl g ao l f ix ng f aa dh axr z epi r uw l dcl d ix n hv ix z f ey v axr h#, ð ɨ ɡ̚ ɡ ɔ l f ɨ ŋ f ɑ ð ɚ z  ɹ u l d̚ d ɨ n ɦ ɨ z f eɪ v ɚ 
/home/isaac/Projects/Thesis/data/timit/data/TRAIN/DR6/FTAJ0/SX159.WAV,h# dh ix gcl g ah axr m ix n q s ao dx ao th axr ix z ey sh en ax v hv ix s ih dx ix z ix n sh ih pcl h#, ð ɨ ɡ̚ ɡ ʌ ɚ m ɨ n ʔ s ɔ ɾ ɔ θ ɚ ɨ z eɪ ʃ n̩ ə v ɦ ɨ s ɪ ɾ ɨ z ɨ n ʃ ɪ p̚ 
/home/isaac/Projects/Thesis/data/timit/data/TRAIN/DR6/MBMA1/SI2214.WAV,h# q eh n eh v ih sh ow m ay f ey s ax m ay tcl t r ah kcl k axr aw n hv ih axr ih gcl g eh n h#, ʔ ɛ n ɛ v ɪ ʃ oʊ m aɪ f eɪ s ə m aɪ t̚ t ɹ ʌ k̚ k ɚ aʊ n ɦ ɪ ɚ ɪ ɡ̚ ɡ ɛ n 
/home/isaac/Projects/Thesis/data/timit/data/TRAIN/DR6/MBMA1/SX234.WAV,h# dh ix pcl p ey pcl p ax bcl b oy bcl b ao tcl t ux ae pcl p el z ix n dcl th r iy ay s ax-h s h#, ð ɨ p̚ p eɪ p̚ p ə b̚ b ɔɪ b̚ b ɔ t̚ t ʉ æ p̚ p l̩ z ɨ n d̚ θ ɹ i aɪ s ə̥ s 
/home/isaac/Projects/Thesis/data/timit/data/TRAIN/DR6/MBMA1/SX54.WAV,h# dh ix iy s tcl s ix n kcl k ow s tcl s ix z ix pcl p l ey s f ax pcl p y ao pcl p l eh zh axr ix nx ix kcl s ay tcl m en tcl h#, ð ɨ i s t̚ s ɨ n k̚ k oʊ s t̚ s ɨ z ɨ p̚ p l eɪ s f ə p̚ p j ɔ p̚ p l ɛ ʒ ɚ ɨ ɾ̃ ɨ k̚ s aɪ t̚ m n̩ t̚ 
/home/isaac/Projects/Thesis/data/timit/data/TRAIN/DR6/MBMA1/SI954.WAV,h# f er s tcl dh ey w ao nx ix dcl t ix kcl k l ae axr f ay eh tcl t ae n tcl t ax l ay z ix ng bcl b ix z aa r q ix n ih gcl g m ax h#, f ɝ s t̚ ð eɪ w ɔ ɾ̃ ɨ d̚ t ɨ k̚ k l æ ɚ f aɪ ɛ t̚ t æ n t̚ t ə l aɪ z ɨ ŋ b̚ b ɨ z ɑ ɹ ʔ ɨ n ɪ ɡ̚ ɡ m ə 
/home/isaac/Projects/Thesis/data/timit/data/TRAIN/DR6/MBMA1/SX144.WAV,h# dh ax w ih l ih w iy w uh m ih n hh pau w ao r ah m ah s kcl k r ae tcl k ow tcl h#, ð ə w ɪ l ɪ w i w ʊ m ɪ n h  w ɔ ɹ ʌ m ʌ s k̚ k ɹ æ t̚ k oʊ t̚ 
/home/isaac/Projects/Thesis/data/timit/data/TRAIN/DR6/MBMA1/SX324.WAV,h# dh ax l ow kcl k el dcl d r ah gcl s tcl t ow w ix s tcl ch ao zh w ix tcl q iy l iy gcl ax l iy dcl d ix s pcl p eh n s ix n tcl t r ae ng kcl k w ax l ay z ax-h s h#, ð ə l oʊ k̚ k l̩ d̚ d ɹ ʌ ɡ̚ s t̚ t oʊ w ɨ s t̚ tʃ ɔ ʒ w ɨ t̚ ʔ i l i ɡ̚ ə l i d̚ d ɨ s p̚ p ɛ n s ɨ n t̚ t ɹ æ ŋ k̚ k w ə l aɪ z ə̥ s 
/home/isaac/Projects/Thesis/data/timit/data/TRAIN/DR6/MBMA1/SX414.WAV,h# q ay r ih sh y ah ng s tcl t ih z pau iy tcl f r eh sh kcl k ih pcl p ix z f ax bcl b r eh kcl k f ax-h s tcl t h#, ʔ aɪ ɹ ɪ ʃ j ʌ ŋ s t̚ t ɪ z  i t̚ f ɹ ɛ ʃ k̚ k ɪ p̚ p ɨ z f ə b̚ b ɹ ɛ k̚ k f ə̥ s t̚ t 
/home/isaac/Projects/Thesis/data/timit/data/TRAIN/DR6/MBMA1/SI2207.WAV,h# q ae z w iy ey tcl w iy tcl t ao kcl t h#, ʔ æ z w i eɪ t̚ w i t̚ t ɔ k̚ t 
/home/isaac/Projects/Thesis/data/timit/data/TRAIN/DR6/MSDS0/SX357.WAV,h# dh ax m oy sh er q ih n m ay ay z q ix z f r ah m pau q ay dcl d r aa f s pau n aa tcl f r ax m tcl t iy ix z h#, ð ə m ɔɪ ʃ ɝ ʔ ɪ n m aɪ aɪ z ʔ ɨ z f ɹ ʌ m  ʔ aɪ d̚ d ɹ ɑ f s  n ɑ t̚ f ɹ ə m t̚ t i ɨ z 
/home/isaac/Projects/Thesis/data/timit/data/TRAIN/DR6/MSDS0/SX177.WAV,h# d ix z kcl k r iy ow kcl k uh kcl k iy ng epi y ux z kcl k ah r iy h#, d ɨ z k̚ k ɹ i oʊ k̚ k ʊ k̚ k i ŋ  j ʉ z k̚ k ʌ ɹ i 
/home/isaac/Projects/Thesis/data/timit/data/TRAIN/DR6/MSDS0/SI2337.WAV,h# q ae l ix s pau q ay tcl t eh l y ux m ay f iy tcl q ah l ay kcl ch aa pcl b iy f s th ey kcl h#, ʔ æ l ɨ s  ʔ aɪ t̚ t ɛ l j ʉ m aɪ f i t̚ ʔ ʌ l aɪ k̚ tʃ ɑ p̚ b i f s θ eɪ k̚ 
/home/isaac/Projects/Thesis/data/timit/data/TRAIN/DR6/MSDS0/SX267.WAV,h# d r ao r q eh v r iy q aw dx er l ay n f er s pau dh eh n f ih l epi q eh n dh iy q ix n tcl t ih r iy ix h#, d ɹ ɔ ɹ ʔ ɛ v ɹ i ʔ aʊ ɾ ɝ l aɪ n f ɝ s  ð ɛ n f ɪ l  ʔ ɛ n ð i ʔ ɨ n t̚ t ɪ ɹ i ɨ 
/home/isaac/Projects/Thesis/data/timit/data/TRAIN/DR6/MSDS0/SX447.WAV,h# f er s tcl q ae dcl m ih l kcl t ux dh ix sh r eh dx ix dcl ch iy s h#, f ɝ s t̚ ʔ æ d̚ m ɪ l k̚ t ʉ ð ɨ ʃ ɹ ɛ ɾ ɨ d̚ tʃ i s 
/home/isaac/Projects/Thesis/data/timit/data/TRAIN/DR6/MSDS0/SI1077.WAV,h# dh iy ow dx ix hv iy ix w ix z epi m ao r pcl p aw el f el dh ax n dh ae tcl pau w ax tcl s axr r aw n d ih dcl dh ix tcl t aw n pau q ae bcl b axr r ih dcl jh ix n ix s h#, ð i oʊ ɾ ɨ ɦ i ɨ w ɨ z  m ɔ ɹ p̚ p aʊ l̩ f l̩ ð ə n ð æ t̚  w ə t̚ s ɚ ɹ aʊ n d ɪ d̚ ð ɨ t̚ t aʊ n  ʔ æ b̚ b ɚ ɹ ɪ d̚ dʒ ɨ n ɨ s 
/home/isaac/Projects/Thesis/data/timit/data/TRAIN/DR6/MSDS0/SX87.WAV,h# p r ih m ix dx ix v tcl t r ay bcl s pau hh ae v ix n ah pcl b iy tcl q ae dx ix tcl t ux dcl h#, p ɹ ɪ m ɨ ɾ ɨ v t̚ t ɹ aɪ b̚ s  h æ v ɨ n ʌ p̚ b i t̚ ʔ æ ɾ ɨ t̚ t ʉ d̚ 
/home/isaac/Projects/Thesis/data/timit/data/TRAIN/DR6/MSDS0/SI1707.WAV,h# f ao r ey m ae n q ah v hh ih z epi m ae s hh iy w ix z kcl k y er ix s epi l iy sh ao ix tcl h#, f ɔ ɹ eɪ m æ n ʔ ʌ v h ɪ z  m æ s h i w ɨ z k̚ k j ɝ ɨ s  l i ʃ ɔ ɨ t̚ 
/home/isaac/Projects/Thesis/data/timit/data/TRAIN/DR6/MMDB0/SI1358.WAV,h# b ah tcl dh iy ix f axr m ey sh en ah n dh ah dcl d ay n ae m ih kcl s ix v pcl p aa pcl p y ix l ey sh ix n w ax z ao f en kcl k w ay tcl m ix s l iy dx ix ng h#, b ʌ t̚ ð i ɨ f ɚ m eɪ ʃ n̩ ʌ n ð ʌ d̚ d aɪ n æ m ɪ k̚ s ɨ v p̚ p ɑ p̚ p j ɨ l eɪ ʃ ɨ n w ə z ɔ f n̩ k̚ k w aɪ t̚ m ɨ s l i ɾ ɨ ŋ 
/home/isaac/Projects/Thesis/data/timit/data/TRAIN/DR6/MMDB0/SX357.WAV,h# dh ix m oy sh er ix m ay ay z ix z f r ax m ay dcl d r aa pcl s pau n aa q f r em tcl t ih axr z h#, ð ɨ m ɔɪ ʃ ɝ ɨ m aɪ aɪ z ɨ z f ɹ ə m aɪ d̚ d ɹ ɑ p̚ s  n ɑ ʔ f ɹ m̩ t̚ t ɪ ɚ z 
/home/isaac/Projects/Thesis/data/timit/data/TRAIN/DR6/MMDB0/SI1617.WAV,h# hh iy tcl t s bcl b ae dcl f axr f r ao s bcl b ay tcl t h#, h i t̚ t s b̚ b æ d̚ f ɚ f ɹ ɔ s b̚ b aɪ t̚ t 
/home/isaac/Projects/Thesis/data/timit/data/TRAIN/DR6/MMDB0/SX177.WAV,h# d ah z kcl k r iy ow l kcl k uh kcl k iy ng y ux z kcl k ah r iy h#, d ʌ z k̚ k ɹ i oʊ l k̚ k ʊ k̚ k i ŋ j ʉ z k̚ k ʌ ɹ i 
/home/isaac/Projects/Thesis/data/timit/data/TRAIN/DR6/MMDB0/SX267.WAV,h# d r ao q eh v r iy aw dx ax l ay n f er s pau dh eh n f ih l ix n iy ix n tcl t ih r iy ax h#, d ɹ ɔ ʔ ɛ v ɹ i aʊ ɾ ə l aɪ n f ɝ s  ð ɛ n f ɪ l ɨ n i ɨ n t̚ t ɪ ɹ i ə 
/home/isaac/Projects/Thesis/data/timit/data/TRAIN/DR6/MMDB0/SX447.WAV,h# f er s tcl t ae dcl m ih l kcl t ix dx ix sh r eh dx ix dcl ch iy z h#, f ɝ s t̚ t æ d̚ m ɪ l k̚ t ɨ ɾ ɨ ʃ ɹ ɛ ɾ ɨ d̚ tʃ i z 
/home/isaac/Projects/Thesis/data/timit/data/TRAIN/DR6/MMDB0/SX87.WAV,h# p r ih nx ih tcl t ih tcl t r ay bcl z hh ae v ix n ah pcl b iy tcl ae dx ix tcl t ux dcl d h#, p ɹ ɪ ɾ̃ ɪ t̚ t ɪ t̚ t ɹ aɪ b̚ z h æ v ɨ n ʌ p̚ b i t̚ æ ɾ ɨ t̚ t ʉ d̚ d 
/home/isaac/Projects/Thesis/data/timit/data/TRAIN/DR6/MMDB0/SI987.WAV,h# f ao r w aa s pcl s tcl t ih ng z pau q ah n y ih n dcl jh ux s ax bcl t ey n bcl b ay s kcl k r ey pcl ix ng ix nx ah nx y ix n gcl g ey v kcl k w ix kcl k r ax l iy f h#, f ɔ ɹ w ɑ s p̚ s t̚ t ɪ ŋ z  ʔ ʌ n j ɪ n d̚ dʒ ʉ s ə b̚ t eɪ n b̚ b aɪ s k̚ k ɹ eɪ p̚ ɨ ŋ ɨ ɾ̃ ʌ ɾ̃ j ɨ n ɡ̚ ɡ eɪ v k̚ k w ɨ k̚ k ɹ ə l i f 
/home/isaac/Projects/Thesis/data/timit/data/TRAIN/DR6/MAJP0/SX264.WAV,h# w ix s ao q ey tcl t ay nx iy q ay s ix kcl k ax l z bcl b ix l ow q aw axr r uw f h#, w ɨ s ɔ ʔ eɪ t̚ t aɪ ɾ̃ i ʔ aɪ s ɨ k̚ k ə l z b̚ b ɨ l oʊ ʔ aʊ ɚ ɹ u f 
/home/isaac/Projects/Thesis/data/timit/data/TRAIN/DR6/MAJP0/SX174.WAV,h# dh ax hh ao n tcl t ix dcl d hv aw s epi w ax z eh hv ih tcl d ux tcl t ux q aw tcl t s tcl t ae n ix ng q ao dx iy ow v ix zh uw el q ah f eh kcl k th h#, ð ə h ɔ n t̚ t ɨ d̚ d ɦ aʊ s  w ə z ɛ ɦ ɪ t̚ d ʉ t̚ t ʉ ʔ aʊ t̚ t s t̚ t æ n ɨ ŋ ʔ ɔ ɾ i oʊ v ɨ ʒ u l̩ ʔ ʌ f ɛ k̚ k θ 
/home/isaac/Projects/Thesis/data/timit/data/TRAIN/DR6/MAJP0/SX354.WAV,h# q ey l oy er w ax dh ah pcl p oy n tcl t ix dcl t ix q eh kcl k s ix kcl k y ux tcl hv er w ih l h#, ʔ eɪ l ɔɪ ɝ w ə ð ʌ p̚ p ɔɪ n t̚ t ɨ d̚ t ɨ ʔ ɛ k̚ k s ɨ k̚ k j ʉ t̚ ɦ ɝ w ɪ l 
/home/isaac/Projects/Thesis/data/timit/data/TRAIN/DR6/MAJP0/SX444.WAV,h# dh ah tcl t aa dcl l axr f aw n dcl d ah kcl k l ae m epi sh eh l epi n ih r dh ix kcl k ae m pcl p s ay tcl h#, ð ʌ t̚ t ɑ d̚ l ɚ f aʊ n d̚ d ʌ k̚ k l æ m  ʃ ɛ l  n ɪ ɹ ð ɨ k̚ k æ m p̚ p s aɪ t̚ 
/home/isaac/Projects/Thesis/data/timit/data/TRAIN/DR6/MAJP0/SI2334.WAV,h# b ah dx ay m s ow s epi ah n bcl b axr n dcl dh eh tcl q eh v r ih m uw v ay m ey kcl k ix z q ae gcl ix n iy h#, b ʌ ɾ aɪ m s oʊ s  ʌ n b̚ b ɚ n d̚ ð ɛ t̚ ʔ ɛ v ɹ ɪ m u v aɪ m eɪ k̚ k ɨ z ʔ æ ɡ̚ ɨ n i 
/home/isaac/Projects/Thesis/data/timit/data/TRAIN/DR6/MAJP0/SI1074.WAV,h# hh iy gcl g ey z dcl d ax w ey f r ax m ah s eh z w iy ix pcl p r ow tcl ch dcl d h#, h i ɡ̚ ɡ eɪ z d̚ d ə w eɪ f ɹ ə m ʌ s ɛ z w i ɨ p̚ p ɹ oʊ t̚ tʃ d̚ d 
/home/isaac/Projects/Thesis/data/timit/data/TRAIN/DR6/MAJP0/SI1704.WAV,h# y axr ix tcl t ae kcl k s pcl p ey er pau hh aw s hh ow l dcl d axr epi l ae n l ao r dcl d h#, j ɚ ɨ t̚ t æ k̚ k s p̚ p eɪ ɝ  h aʊ s h oʊ l d̚ d ɚ  l æ n l ɔ ɹ d̚ d 
/home/isaac/Projects/Thesis/data/timit/data/TRAIN/DR6/MAJP0/SX84.WAV,h# k ow ah pcl p axr ey sh ix nx ah l ao ng w ix q ah n dcl d axr s tcl t ae n dcl d ix ng q eh l iy v y ey tcl d ix s pcl p y ux tcl t h#, k oʊ ʌ p̚ p ɚ eɪ ʃ ɨ ɾ̃ ʌ l ɔ ŋ w ɨ ʔ ʌ n d̚ d ɚ s t̚ t æ n d̚ d ɨ ŋ ʔ ɛ l i v j eɪ t̚ d ɨ s p̚ p j ʉ t̚ t 
/home/isaac/Projects/Thesis/data/timit/data/TRAIN/DR6/FSGF0/SI927.WAV,h# n ae tcl ch axr l iy pau n ow w uh m ih n kcl k ix n eh v axr kcl k ax m pcl p l iy q l iy m ax n aa pcl p el ay z epi dh ax s eh kcl k sh uw el ih n ih sh ix tcl t ih v h#, n æ t̚ tʃ ɚ l i  n oʊ w ʊ m ɪ n k̚ k ɨ n ɛ v ɚ k̚ k ə m p̚ p l i ʔ l i m ə n ɑ p̚ p l̩ aɪ z  ð ə s ɛ k̚ k ʃ u l̩ ɪ n ɪ ʃ ɨ t̚ t ɪ v 
/home/isaac/Projects/Thesis/data/timit/data/TRAIN/DR6/FSGF0/SX117.WAV,h# dh ix m ae ng gcl g ow eh n dh ix pcl p ax pcl p ay ah pau aa r ih nx ix bcl b ow l h#, ð ɨ m æ ŋ ɡ̚ ɡ oʊ ɛ n ð ɨ p̚ p ə p̚ p aɪ ʌ  ɑ ɹ ɪ ɾ̃ ɨ b̚ b oʊ l 
/home/isaac/Projects/Thesis/data/timit/data/TRAIN/DR6/FSGF0/SX297.WAV,h# r aa kcl k en r ow l m y ux z ix kcl k hh eh z ix gcl g r ey q r ih dh ax m h#, ɹ ɑ k̚ k n̩ ɹ oʊ l m j ʉ z ɨ k̚ k h ɛ z ɨ ɡ̚ ɡ ɹ eɪ ʔ ɹ ɪ ð ə m 
/home/isaac/Projects/Thesis/data/timit/data/TRAIN/DR6/FSGF0/SX387.WAV,h# dh ix dcl jh ay ih n tcl r eh dcl w uh dcl d sh ih m er dcl d ih n dh ix gcl g l ih s epi n ih ng s ah n h#, ð ɨ d̚ dʒ aɪ ɪ n t̚ ɹ ɛ d̚ w ʊ d̚ d ʃ ɪ m ɝ d̚ d ɪ n ð ɨ ɡ̚ ɡ l ɪ s  n ɪ ŋ s ʌ n 
/home/isaac/Projects/Thesis/data/timit/data/TRAIN/DR6/FSGF0/SX27.WAV,h# d ih dcl d ae dcl d ux w ae kcl k ix dcl d eh m ix kcl b ih dx ih ng h#, d ɪ d̚ d æ d̚ d ʉ w æ k̚ k ɨ d̚ d ɛ m ɨ k̚ b ɪ ɾ ɪ ŋ 
/home/isaac/Projects/Thesis/data/timit/data/TRAIN/DR6/FSGF0/SI1557.WAV,h# dh ey hv ae dcl v axr m uw th s ih dx iy ng ih n f r ah nx ix v ix kcl k ae f ey h#, ð eɪ ɦ æ d̚ v ɚ m u θ s ɪ ɾ i ŋ ɪ n f ɹ ʌ ɾ̃ ɨ v ɨ k̚ k æ f eɪ 
/home/isaac/Projects/Thesis/data/timit/data/TRAIN/DR6/FSGF0/SX207.WAV,h# d ux y ih hv ih ix dh ix s l ey bcl b eh l z epi r ih ng ih ng h#, d ʉ j ɪ ɦ ɪ ɨ ð ɨ s l eɪ b̚ b ɛ l z  ɹ ɪ ŋ ɪ ŋ 
/home/isaac/Projects/Thesis/data/timit/data/TRAIN/DR6/FSGF0/SI2187.WAV,h# hh iy dcl d ey dcl d r iy m dcl d aa n dh ax r aa kcl k w ah l sh iy s epi w ae m ix n s pcl p l ae sh tcl t axr r aw n dcl d h#, h i d̚ d eɪ d̚ d ɹ i m d̚ d ɑ n ð ə ɹ ɑ k̚ k w ʌ l ʃ i s  w æ m ɨ n s p̚ p l æ ʃ t̚ t ɚ ɹ aʊ n d̚ d 
/home/isaac/Projects/Thesis/data/timit/data/TRAIN/DR6/FSBK0/SX259.WAV,h# t uh r n ey dx ih z aa f ix n d ix sh tcl t r oy q ey kcl k er z ah f aa r m l ae n dcl d h#, t ʊ ɹ n eɪ ɾ ɪ z ɑ f ɨ n d ɨ ʃ t̚ t ɹ ɔɪ ʔ eɪ k̚ k ɝ z ʌ f ɑ ɹ m l æ n d̚ d 
/home/isaac/Projects/Thesis/data/timit/data/TRAIN/DR6/FSBK0/SX79.WAV,h# w ax l y ux pcl p l iy z dcl z ix s kcl k r ay bcl dh iy ih dcl d iy aa dx ix kcl p r ix dcl d ih kcl k ix m eh n tcl h#, w ə l j ʉ p̚ p l i z d̚ z ɨ s k̚ k ɹ aɪ b̚ ð i ɪ d̚ d i ɑ ɾ ɨ k̚ p ɹ ɨ d̚ d ɪ k̚ k ɨ m ɛ n t̚ 
/home/isaac/Projects/Thesis/data/timit/data/TRAIN/DR6/FSBK0/SX349.WAV,h# dh ix pcl p r iy s kcl k uw l er kcl k uh dcl d en q v er v el ay z hh axr f iy l ih ng z ix bcl b aw tcl dh iy ix m er dcl jh ix n s iy kcl k ix n dcl d ih sh ix n z h#, ð ɨ p̚ p ɹ i s k̚ k u l ɝ k̚ k ʊ d̚ d n̩ ʔ v ɝ v l̩ aɪ z h ɚ f i l ɪ ŋ z ɨ b̚ b aʊ t̚ ð i ɨ m ɝ d̚ dʒ ɨ n s i k̚ k ɨ n d̚ d ɪ ʃ ɨ n z 
/home/isaac/Projects/Thesis/data/timit/data/TRAIN/DR6/FSBK0/SI1069.WAV,h# p axr hv ae pcl p s dh ih s ix z epi w ah tcl g ih v z dh iy ae bcl b er ih dcl jh ix n iy hv ix z aa dcl d eh r ah v dcl d ih gcl n ix tcl t iy h#, p ɚ ɦ æ p̚ p s ð ɪ s ɨ z  w ʌ t̚ ɡ ɪ v z ð i æ b̚ b ɝ ɪ d̚ dʒ ɨ n i ɦ ɨ z ɑ d̚ d ɛ ɹ ʌ v d̚ d ɪ ɡ̚ n ɨ t̚ t i 
/home/isaac/Projects/Thesis/data/timit/data/TRAIN/DR6/FSBK0/SX439.WAV,h# dh eh tcl t s tcl t ih ng ih ng v ey pcl p er w ix z kcl k ao z bcl b ay kcl k l ao r ay dcl v ey pcl p axr ih z ey sh en h#, ð ɛ t̚ t s t̚ t ɪ ŋ ɪ ŋ v eɪ p̚ p ɝ w ɨ z k̚ k ɔ z b̚ b aɪ k̚ k l ɔ ɹ aɪ d̚ v eɪ p̚ p ɚ ɪ z eɪ ʃ n̩ 
/home/isaac/Projects/Thesis/data/timit/data/TRAIN/DR6/FSBK0/SI2329.WAV,h# q ae n ey th ih n dcl d ih dcl hh iy s iy dh eh m tcl t ux h#, ʔ æ n eɪ θ ɪ n d̚ d ɪ d̚ h i s i ð ɛ m t̚ t ʉ 
/home/isaac/Projects/Thesis/data/timit/data/TRAIN/DR6/FSBK0/SX169.WAV,h# hh aw w ih dcl jh ux iy v ae l y ux w ey tcl dh ih s ae l dcl jh ix bcl b r ey ih kcl k q ix kcl k s pcl p r eh sh ix n h#, h aʊ w ɪ d̚ dʒ ʉ i v æ l j ʉ w eɪ t̚ ð ɪ s æ l d̚ dʒ ɨ b̚ b ɹ eɪ ɪ k̚ k ʔ ɨ k̚ k s p̚ p ɹ ɛ ʃ ɨ n 
/home/isaac/Projects/Thesis/data/timit/data/TRAIN/DR6/FSBK0/SI1699.WAV,h# w eh l dh eh n hv ux bcl b r ao dx ih tcl h#, w ɛ l ð ɛ n ɦ ʉ b̚ b ɹ ɔ ɾ ɪ t̚ 
/home/isaac/Projects/Thesis/data/timit/data/TRAIN/DR6/MDRD0/SI752.WAV,h# p r iy tcl t eh n dcl d hh ae m pau m ey kcl k r ih s kcl k r ao s gcl g ae sh ax z q ax n w ah n s ay dx ax v s kcl k ih n l ix s f r ae n kcl f axr dx axr z h#, p ɹ i t̚ t ɛ n d̚ d h æ m  m eɪ k̚ k ɹ ɪ s k̚ k ɹ ɔ s ɡ̚ ɡ æ ʃ ə z ʔ ə n w ʌ n s aɪ ɾ ə v s k̚ k ɪ n l ɨ s f ɹ æ n k̚ f ɚ ɾ ɚ z 
/home/isaac/Projects/Thesis/data/timit/data/TRAIN/DR6/MDRD0/SI1382.WAV,h# dh ey axr bcl b ow th tcl t r eh n dcl f aw el w iy ng m eh th ix dcl s h#, ð eɪ ɚ b̚ b oʊ θ t̚ t ɹ ɛ n d̚ f aʊ l̩ w i ŋ m ɛ θ ɨ d̚ s 
/home/isaac/Projects/Thesis/data/timit/data/TRAIN/DR6/MDRD0/SX392.WAV,h# ah y ah ng m aw s kcl k ae m pcl p axr dx ax kcl k r ao s ix f iy l dcl d ix n dcl d ih s ix pcl p ih er dcl d h#, ʌ j ʌ ŋ m aʊ s k̚ k æ m p̚ p ɚ ɾ ə k̚ k ɹ ɔ s ɨ f i l d̚ d ɨ n d̚ d ɪ s ɨ p̚ p ɪ ɝ d̚ d 
/home/isaac/Projects/Thesis/data/timit/data/TRAIN/DR6/MDRD0/SX212.WAV,h# q ay gcl g ey v dh eh m s eh v r el tcl ch oy s eh z q ax n l eh tcl dh eh m epi s eh tcl dh ax pcl p r ay ao axr dx iy s h#, ʔ aɪ ɡ̚ ɡ eɪ v ð ɛ m s ɛ v ɹ l̩ t̚ tʃ ɔɪ s ɛ z ʔ ə n l ɛ t̚ ð ɛ m  s ɛ t̚ ð ə p̚ p ɹ aɪ ɔ ɚ ɾ i s 
/home/isaac/Projects/Thesis/data/timit/data/TRAIN/DR6/MDRD0/SX302.WAV,h# t ow f ux ih z m ey dcl f r ax m pcl p r aa s eh s tcl s oy bcl b iy n s h#, t oʊ f ʉ ɪ z m eɪ d̚ f ɹ ə m p̚ p ɹ ɑ s ɛ s t̚ s ɔɪ b̚ b i n s 
/home/isaac/Projects/Thesis/data/timit/data/TRAIN/DR6/MDRD0/SX32.WAV,h# q ih tcl s f ah n tcl t ix r ow s epi m aa r sh m eh l ow z ao nx ix gcl g ae s bcl b er n axr h#, ʔ ɪ t̚ s f ʌ n t̚ t ɨ ɹ oʊ s  m ɑ ɹ ʃ m ɛ l oʊ z ɔ ɾ̃ ɨ ɡ̚ ɡ æ s b̚ b ɝ n ɚ 
/home/isaac/Projects/Thesis/data/timit/data/TRAIN/DR6/MDRD0/SI2012.WAV,h# hh ix z w ay f dcl d ix dcl en tcl g ih v ax s ay n sh iy dcl d hv er dcl d h#, h ɨ z w aɪ f d̚ d ɨ d̚ n̩ t̚ ɡ ɪ v ə s aɪ n ʃ i d̚ d ɦ ɝ d̚ d 
/home/isaac/Projects/Thesis/data/timit/data/TRAIN/DR6/MDRD0/SX122.WAV,h# q en s ay kcl k l ax pcl p iy dx iy ax s eh l dx ax m pcl p r ix z eh n tcl ae nx eh kcl d ow dx el q eh v ax dx ax n tcl s h#, ʔ n̩ s aɪ k̚ k l ə p̚ p i ɾ i ə s ɛ l ɾ ə m p̚ p ɹ ɨ z ɛ n t̚ æ ɾ̃ ɛ k̚ d oʊ ɾ l̩ ʔ ɛ v ə ɾ ə n t̚ s 
/home/isaac/Projects/Thesis/data/timit/data/TRAIN/DR6/FHXS0/SX355.WAV,h# d aa l f ih n epi z q aa r ix n tcl t eh l ah dcl jh ix n tcl m axr r iy n m ae m ax l s h#, d ɑ l f ɪ n  z ʔ ɑ ɹ ɨ n t̚ t ɛ l ʌ d̚ dʒ ɨ n t̚ m ɚ ɹ i n m æ m ə l s 
/home/isaac/Projects/Thesis/data/timit/data/TRAIN/DR6/FHXS0/SI1075.WAV,h# dh eh w ix z q ao l s ow q ah bcl b uw m ax r ae ng pau iy l ae bcl b er tcl l iy kcl k aa r v dcl d h#, ð ɛ w ɨ z ʔ ɔ l s oʊ ʔ ʌ b̚ b u m ə ɹ æ ŋ  i l æ b̚ b ɝ t̚ l i k̚ k ɑ ɹ v d̚ d 
/home/isaac/Projects/Thesis/data/timit/data/TRAIN/DR6/FHXS0/SI2302.WAV,h# hv uw s ow eh v ax v ay l ey tcl s q aa r ux f tcl t r iy dh ax l eh dcl jh en epi s tcl t ey tcl s kcl k ae n ix kcl k s pcl p eh kcl t pau m ae kcl k s ix m ah l s aa r ow h#, ɦ u s oʊ ɛ v ə v aɪ l eɪ t̚ s ʔ ɑ ɹ ʉ f t̚ t ɹ i ð ə l ɛ d̚ dʒ n̩  s t̚ t eɪ t̚ s k̚ k æ n ɨ k̚ k s p̚ p ɛ k̚ t  m æ k̚ k s ɨ m ʌ l s ɑ ɹ oʊ 
/home/isaac/Projects/Thesis/data/timit/data/TRAIN/DR6/FHXS0/SX445.WAV,h# w ah dx ih z ih s epi l ao dcl jh th ih ng bcl b ay dh iy aa r n ix ng bcl b ao ah dcl h#, w ʌ ɾ ɪ z ɪ s  l ɔ d̚ dʒ θ ɪ ŋ b̚ b aɪ ð i ɑ ɹ n ɨ ŋ b̚ b ɔ ʌ d̚ 
/home/isaac/Projects/Thesis/data/timit/data/TRAIN/DR6/FHXS0/SX85.WAV,h# s ix m eh n tcl t q ix z epi m eh zh ix dcl q ix n kcl k y ux bcl b ih kcl k y aa r dcl d s h#, s ɨ m ɛ n t̚ t ʔ ɨ z  m ɛ ʒ ɨ d̚ ʔ ɨ n k̚ k j ʉ b̚ b ɪ k̚ k j ɑ ɹ d̚ d s 
/home/isaac/Projects/Thesis/data/timit/data/TRAIN/DR6/FHXS0/SX175.WAV,h# s ix v iy ah m ay ow pcl p iy ah kcl k ix n tcl t r ih bcl b y ux dx ih dcl t ux r aa n epi z ix n epi f iy r iy aa r ih dx iy kcl k aa m pcl p l eh kcl k s h#, s ɨ v i ʌ m aɪ oʊ p̚ p i ʌ k̚ k ɨ n t̚ t ɹ ɪ b̚ b j ʉ ɾ ɪ d̚ t ʉ ɹ ɑ n  z ɨ n  f i ɹ i ɑ ɹ ɪ ɾ i k̚ k ɑ m p̚ p l ɛ k̚ k s 
/home/isaac/Projects/Thesis/data/timit/data/TRAIN/DR6/FHXS0/SI2335.WAV,h# m ey ay gcl g ow ix n gcl g eh tcl k ix s ae n dcl d r ah m aa m ah h#, m eɪ aɪ ɡ̚ ɡ oʊ ɨ n ɡ̚ ɡ ɛ t̚ k ɨ s æ n d̚ d ɹ ʌ m ɑ m ʌ 
/home/isaac/Projects/Thesis/data/timit/data/TRAIN/DR6/FHXS0/SX265.WAV,h# dh ax s ao r ih z bcl b r ow kcl k ix n tcl s ah tcl ch aa pcl p dh ax w uh dcl en s tcl t eh dcl h#, ð ə s ɔ ɹ ɪ z b̚ b ɹ oʊ k̚ k ɨ n t̚ s ʌ t̚ tʃ ɑ p̚ p ð ə w ʊ d̚ n̩ s t̚ t ɛ d̚ 
/home/isaac/Projects/Thesis/data/timit/data/TRAIN/DR6/MJRK0/SI2103.WAV,h# s iy y uw ix nx ax bcl b aw dx ix n aw axr h#, s i j u ɨ ɾ̃ ə b̚ b aʊ ɾ ɨ n aʊ ɚ 
/home/isaac/Projects/Thesis/data/timit/data/TRAIN/DR6/MJRK0/SX340.WAV,h# d ah kcl k s hh ae v w eh bcl d f iy tcl t q en kcl k ah l axr f el f eh dh axr s h#, d ʌ k̚ k s h æ v w ɛ b̚ d f i t̚ t ʔ n̩ k̚ k ʌ l ɚ f l̩ f ɛ ð ɚ s 
/home/isaac/Projects/Thesis/data/timit/data/TRAIN/DR6/MJRK0/SI1662.WAV,h# d ih dx eh nx iy w ah n s iy m ay kcl k ae bcl b h#, d ɪ ɾ ɛ ɾ̃ i w ʌ n s i m aɪ k̚ k æ b̚ b 
/home/isaac/Projects/Thesis/data/timit/data/TRAIN/DR6/MJRK0/SX70.WAV,h# d ih dcl jh ux w iy tcl t y eh tcl t h#, d ɪ d̚ dʒ ʉ w i t̚ t j ɛ t̚ t 
/home/isaac/Projects/Thesis/data/timit/data/TRAIN/DR6/MJRK0/SI880.WAV,h# dh ax r eh v el ux sh ix n aw w ax n dcl d ax w ey ix n m ix tcl t ih r ix el z hh ae n l iy ng m ey kcl k s dh ih s epi m ah tcl ch iy z iy axr h#, ð ə ɹ ɛ v l̩ ʉ ʃ ɨ n aʊ w ə n d̚ d ə w eɪ ɨ n m ɨ t̚ t ɪ ɹ ɨ l̩ z h æ n l i ŋ m eɪ k̚ k s ð ɪ s  m ʌ t̚ tʃ i z i ɚ 
/home/isaac/Projects/Thesis/data/timit/data/TRAIN/DR6/MJRK0/SX430.WAV,h# dh ow z hh uw axr n aa tcl p y er ix s y ux z kcl k ae n v eh dcl jh tcl t ax bcl b el z epi w ax n m ey kcl k ix n s tcl t ux h#, ð oʊ z h u ɚ n ɑ t̚ p j ɝ ɨ s j ʉ z k̚ k æ n v ɛ d̚ dʒ t̚ t ə b̚ b l̩ z  w ə n m eɪ k̚ k ɨ n s t̚ t ʉ 
/home/isaac/Projects/Thesis/data/timit/data/TRAIN/DR6/MJRK0/SX160.WAV,h# ix z kcl k ow ao th er z w ix pcl p axr z eh nx ix dx aa r n ux bcl b uh kcl t ax dh ax hh ao dx iy q ao dx iy ix n tcl t s h#, ɨ z k̚ k oʊ ɔ θ ɝ z w ɨ p̚ p ɚ z ɛ ɾ̃ ɨ ɾ ɑ ɹ n ʉ b̚ b ʊ k̚ t ə ð ə h ɔ ɾ i ʔ ɔ ɾ i ɨ n t̚ t s 
/home/isaac/Projects/Thesis/data/timit/data/TRAIN/DR6/MJRK0/SX250.WAV,h# dh bcl b ao s tcl t en bcl b ae l ey q ow v ax kcl k ey m dh eh r f ah n dcl d iy n sh ao r dx ix dcl jh h#, ð b̚ b ɔ s t̚ t n̩ b̚ b æ l eɪ ʔ oʊ v ə k̚ k eɪ m ð ɛ ɹ f ʌ n d̚ d i n ʃ ɔ ɹ ɾ ɨ d̚ dʒ 
/home/isaac/Projects/Thesis/data/timit/data/TRAIN/DR6/MTJU0/SI760.WAV,h# q ow pcl p ey kcl k ae n tcl t ax-h l ow pcl ax n tcl t r eh n s pcl p er ix n tcl w uh dcl b r aw n w axr y ux z dcl d h#, ʔ oʊ p̚ p eɪ k̚ k æ n t̚ t ə̥ l oʊ p̚ ə n t̚ t ɹ ɛ n s p̚ p ɝ ɨ n t̚ w ʊ d̚ b ɹ aʊ n w ɚ j ʉ z d̚ d 
/home/isaac/Projects/Thesis/data/timit/data/TRAIN/DR6/MTJU0/SX400.WAV,h# jh ah s tcl d r aa pcl p n ow dx ih s ix z q ix n q eh n iy s ax-h dcl jh eh sh tcl ch ix n bcl b aa kcl k s h#, dʒ ʌ s t̚ d ɹ ɑ p̚ p n oʊ ɾ ɪ s ɨ z ʔ ɨ n ʔ ɛ n i s ə̥ d̚ dʒ ɛ ʃ t̚ tʃ ɨ n b̚ b ɑ k̚ k s 
/home/isaac/Projects/Thesis/data/timit/data/TRAIN/DR6/MTJU0/SX310.WAV,h# dh ax hv uh dx ax v dh ax dcl jh iy pcl p pau w ax s tcl t iy m iy ng ix n dh ax hh aa tcl t s ah n h#, ð ə ɦ ʊ ɾ ə v ð ə d̚ dʒ i p̚ p  w ə s t̚ t i m i ŋ ɨ n ð ə h ɑ t̚ t s ʌ n 
/home/isaac/Projects/Thesis/data/timit/data/TRAIN/DR6/MTJU0/SX40.WAV,h# s tcl t ix m y ax l ey dx iy ng dcl d ix s kcl k ah sh ax n z kcl k iy pcl p s tcl t ux dcl d en tcl t s q ax tcl t eh n sh en h#, s t̚ t ɨ m j ə l eɪ ɾ i ŋ d̚ d ɨ s k̚ k ʌ ʃ ə n z k̚ k i p̚ p s t̚ t ʉ d̚ d n̩ t̚ t s ʔ ə t̚ t ɛ n ʃ n̩ 
/home/isaac/Projects/Thesis/data/timit/data/TRAIN/DR6/MTJU0/SI2020.WAV,h# dh iy ow l dcl d w uh m ix n q ax r ow s tcl t ix f l iy q ax n l eh dcl d m iy tcl t uw ax kcl k l ih axr iy ng pau w eh axr s epi m ao l hh ah tcl t s tcl t ux dcl h#, ð i oʊ l d̚ d w ʊ m ɨ n ʔ ə ɹ oʊ s t̚ t ɨ f l i ʔ ə n l ɛ d̚ d m i t̚ t u ə k̚ k l ɪ ɚ i ŋ  w ɛ ɚ s  m ɔ l h ʌ t̚ t s t̚ t ʉ d̚ 
/home/isaac/Projects/Thesis/data/timit/data/TRAIN/DR6/MTJU0/SX130.WAV,h# hh iy q ey tcl f ao r q eh kcl s tcl t r axr q ey gcl g z f ao bcl b r eh kcl k f ix s tcl t h#, h i ʔ eɪ t̚ f ɔ ɹ ʔ ɛ k̚ s t̚ t ɹ ɚ ʔ eɪ ɡ̚ ɡ z f ɔ b̚ b ɹ ɛ k̚ k f ɨ s t̚ t 
/home/isaac/Projects/Thesis/data/timit/data/TRAIN/DR6/MTJU0/SI2269.WAV,h# k uh dx ix tcl d uw q ah dh axr w ay z h#, k ʊ ɾ ɨ t̚ d u ʔ ʌ ð ɚ w aɪ z 
/home/isaac/Projects/Thesis/data/timit/data/TRAIN/DR6/MTJU0/SX220.WAV,h# dh ax m ow s tcl t r iy s ix n tcl jh iy ax l aa dcl jh ax-h kcl k el s er v ey f aw n dcl d s ay z epi m ix kcl k ae kcl t ix v ix dx ix h#, ð ə m oʊ s t̚ t ɹ i s ɨ n t̚ dʒ i ə l ɑ d̚ dʒ ə̥ k̚ k l̩ s ɝ v eɪ f aʊ n d̚ d s aɪ z  m ɨ k̚ k æ k̚ t ɨ v ɨ ɾ ɨ 
/home/isaac/Projects/Thesis/data/timit/data/TRAIN/DR6/MTXS0/SX340.WAV,h# d ah kcl k s hh eh v w eh bcl f iy tcl en kcl k ah l ax f el f eh dh axr z h#, d ʌ k̚ k s h ɛ v w ɛ b̚ f i t̚ n̩ k̚ k ʌ l ə f l̩ f ɛ ð ɚ z 
/home/isaac/Projects/Thesis/data/timit/data/TRAIN/DR6/MTXS0/SX70.WAV,h# d ih dcl d y ux w iy tcl y eh tcl h#, d ɪ d̚ d j ʉ w i t̚ j ɛ t̚ 
/home/isaac/Projects/Thesis/data/timit/data/TRAIN/DR6/MTXS0/SI1060.WAV,h# dh ey ix n hv ae v ix dx ix s iy kcl k ax tcl w er l dcl d s eh nx axr dx ao n gcl g ow kcl k ow dcl d z ix n gcl g ow l dcl d f ow n epi s h#, ð eɪ ɨ n ɦ æ v ɨ ɾ ɨ s i k̚ k ə t̚ w ɝ l d̚ d s ɛ ɾ̃ ɚ ɾ ɔ n ɡ̚ ɡ oʊ k̚ k oʊ d̚ d z ɨ n ɡ̚ ɡ oʊ l d̚ d f oʊ n  s 
/home/isaac/Projects/Thesis/data/timit/data/TRAIN/DR6/MTXS0/SI2320.WAV,h# dh ih s ix z epi z ax-h s eh kcl k ix tcl y ih ix y ux m ah dh axr z dcl d ow n ey dx ix dcl m ay f ih sh ix ng tcl t ae kcl k el tcl t ax dh ax bcl b ix z aa r h#, ð ɪ s ɨ z  z ə̥ s ɛ k̚ k ɨ t̚ j ɪ ɨ j ʉ m ʌ ð ɚ z d̚ d oʊ n eɪ ɾ ɨ d̚ m aɪ f ɪ ʃ ɨ ŋ t̚ t æ k̚ k l̩ t̚ t ə ð ə b̚ b ɨ z ɑ ɹ 
/home/isaac/Projects/Thesis/data/timit/data/TRAIN/DR6/MTXS0/SX430.WAV,h# dh ow z hh uw axr n aa tcl p y er ix sh y ux z kcl k ae n v eh dcl jh tcl t ax-h bcl b el z epi w en m ey kcl k ix ng s tcl t ux h#, ð oʊ z h u ɚ n ɑ t̚ p j ɝ ɨ ʃ j ʉ z k̚ k æ n v ɛ d̚ dʒ t̚ t ə̥ b̚ b l̩ z  w n̩ m eɪ k̚ k ɨ ŋ s t̚ t ʉ 
/home/isaac/Projects/Thesis/data/timit/data/TRAIN/DR6/MTXS0/SI1690.WAV,h# hh ey kcl k ah m bcl b ae kcl k hh ix sh aw dx ix dcl h#, h eɪ k̚ k ʌ m b̚ b æ k̚ k h ɨ ʃ aʊ ɾ ɨ d̚ 
/home/isaac/Projects/Thesis/data/timit/data/TRAIN/DR6/MTXS0/SX160.WAV,h# q eh z kcl k ow w ao th ih z epi w ix pcl p r ix z eh nx eh dx aa r n ux bcl b uh kcl k tcl t ix dh ah hh ao dx iy ao dx iy ix n tcl s h#, ʔ ɛ z k̚ k oʊ w ɔ θ ɪ z  w ɨ p̚ p ɹ ɨ z ɛ ɾ̃ ɛ ɾ ɑ ɹ n ʉ b̚ b ʊ k̚ k t̚ t ɨ ð ʌ h ɔ ɾ i ɔ ɾ i ɨ n t̚ s 
/home/isaac/Projects/Thesis/data/timit/data/TRAIN/DR6/MTXS0/SX250.WAV,h# dh ax bcl b ao s tcl en bcl b ae l ey q ow v ix kcl k ey m dh eh r f ah n d ix ng sh ao r dx ix dcl jh h#, ð ə b̚ b ɔ s t̚ n̩ b̚ b æ l eɪ ʔ oʊ v ɨ k̚ k eɪ m ð ɛ ɹ f ʌ n d ɨ ŋ ʃ ɔ ɹ ɾ ɨ d̚ dʒ 
/home/isaac/Projects/Thesis/data/timit/data/TRAIN/DR6/MSAT1/SX173.WAV,h# hh uw eh v er kcl k ax w aa pcl p er ey tcl t s ix n epi f ay n ix ng n ae n z kcl k ae m iy ow w ax bcl b iy r ax w ao r dx ix dcl h#, h u ɛ v ɝ k̚ k ə w ɑ p̚ p ɝ eɪ t̚ t s ɨ n  f aɪ n ɨ ŋ n æ n z k̚ k æ m i oʊ w ə b̚ b i ɹ ə w ɔ ɹ ɾ ɨ d̚ 
/home/isaac/Projects/Thesis/data/timit/data/TRAIN/DR6/MSAT1/SI1703.WAV,h# w eh n hv iy l ah f tcl sh ix n ux sh ix w ix dcl n eh v er s iy ih m ix gcl g eh n h#, w ɛ n ɦ i l ʌ f t̚ ʃ ɨ n ʉ ʃ ɨ w ɨ d̚ n ɛ v ɝ s i ɪ m ɨ ɡ̚ ɡ ɛ n 
/home/isaac/Projects/Thesis/data/timit/data/TRAIN/DR6/MSAT1/SX263.WAV,h# hh aw oy l iy dcl d ix y ux l ay kcl k y axr s ae l ix dcl d r ah s eng h#, h aʊ ɔɪ l i d̚ d ɨ j ʉ l aɪ k̚ k j ɚ s æ l ɨ d̚ d ɹ ʌ s ŋ̍ 
/home/isaac/Projects/Thesis/data/timit/data/TRAIN/DR6/MSAT1/SI1073.WAV,h# dh eh l m uw v er aw n dh ae q r aa kcl k aa l dcl d ey epi f aa l ax w ix ng ix sh ey dcl h#, ð ɛ l m u v ɝ aʊ n ð æ ʔ ɹ ɑ k̚ k ɑ l d̚ d eɪ  f ɑ l ə w ɨ ŋ ɨ ʃ eɪ d̚ 
/home/isaac/Projects/Thesis/data/timit/data/TRAIN/DR6/MSAT1/SX353.WAV,h# q ax kcl k aa n ax s er w el ix n dcl jh oy dh ix s sh eh l f ax sh dcl d ax sh h#, ʔ ə k̚ k ɑ n ə s ɝ w l̩ ɨ n d̚ dʒ ɔɪ ð ɨ s ʃ ɛ l f ə ʃ d̚ d ə ʃ 
/home/isaac/Projects/Thesis/data/timit/data/TRAIN/DR6/MSAT1/SX83.WAV,h# m ay ix n s tcl t r ah kcl k sh ax n z dcl d eh s pcl p er q l iy n iy dx ah pcl d ey dx ix ng h#, m aɪ ɨ n s t̚ t ɹ ʌ k̚ k ʃ ə n z d̚ d ɛ s p̚ p ɝ ʔ l i n i ɾ ʌ p̚ d eɪ ɾ ɨ ŋ 
/home/isaac/Projects/Thesis/data/timit/data/TRAIN/DR6/MSAT1/SX443.WAV,h# q ax l ow n s tcl t aa r sh ow nx ix n iy er l iy v n ix ng s kcl k ay h#, ʔ ə l oʊ n s t̚ t ɑ ɹ ʃ oʊ ɾ̃ ɨ n i ɝ l i v n ɨ ŋ s k̚ k aɪ 
/home/isaac/Projects/Thesis/data/timit/data/TRAIN/DR6/MSAT1/SI2333.WAV,h# y ix tcl t ix r ix pcl p ao r tcl b ae kcl t eh hv eh dcl k ao r dx ix z ix q w ah n tcl s h#, j ɨ t̚ t ɨ ɹ ɨ p̚ p ɔ ɹ t̚ b æ k̚ t ɛ ɦ ɛ d̚ k ɔ ɹ ɾ ɨ z ɨ ʔ w ʌ n t̚ s 
/home/isaac/Projects/Thesis/data/timit/data/TRAIN/DR6/FPAD0/SX356.WAV,h# d ay ae n m ey s pcl p l er dcl jh ix n bcl b ay ax tcl t er kcl k oy s epi n eh kcl k l ax s h#, d aɪ æ n m eɪ s p̚ p l ɝ d̚ dʒ ɨ n b̚ b aɪ ə t̚ t ɝ k̚ k ɔɪ s  n ɛ k̚ k l ə s 
/home/isaac/Projects/Thesis/data/timit/data/TRAIN/DR6/FPAD0/SI1976.WAV,h# w iy ng m ih n pau s tcl t ey kcl k l ih r hv iy pcl p r ey dcl d h#, w i ŋ m ɪ n  s t̚ t eɪ k̚ k l ɪ ɹ ɦ i p̚ p ɹ eɪ d̚ d 
/home/isaac/Projects/Thesis/data/timit/data/TRAIN/DR6/FPAD0/SX176.WAV,h# b ay ih ng ah th ah r ow bcl b r eh dcl d hh ao r s r ax kcl k w ay axr z q ih n tcl t uw ih sh ix n eh n eh kcl k s pcl p axr tcl t iy s h#, b aɪ ɪ ŋ ʌ θ ʌ ɹ oʊ b̚ b ɹ ɛ d̚ d h ɔ ɹ s ɹ ə k̚ k w aɪ ɚ z ʔ ɪ n t̚ t u ɪ ʃ ɨ n ɛ n ɛ k̚ k s p̚ p ɚ t̚ t i s 
/home/isaac/Projects/Thesis/data/timit/data/TRAIN/DR6/FPAD0/SX266.WAV,h# w ix th dcl d r ao q ow n l iy ix z epi m ah tcl ch epi m ah nx iy ih z y ux n iy dcl d h#, w ɨ θ d̚ d ɹ ɔ ʔ oʊ n l i ɨ z  m ʌ t̚ tʃ  m ʌ ɾ̃ i ɪ z j ʉ n i d̚ d 
/home/isaac/Projects/Thesis/data/timit/data/TRAIN/DR6/FPAD0/SI716.WAV,h# dh ih r q aa r kcl k ix n ux z ay dcl d iy l f axr f ih sh ix ng ix n pcl p axr tcl t eh kcl t ix dcl d w ao dcl d axr z axr f axr kcl k ae m pcl p ix ng tcl t r ih pcl p s h#, ð ɪ ɹ ʔ ɑ ɹ k̚ k ɨ n ʉ z aɪ d̚ d i l f ɚ f ɪ ʃ ɨ ŋ ɨ n p̚ p ɚ t̚ t ɛ k̚ t ɨ d̚ d w ɔ d̚ d ɚ z ɚ f ɚ k̚ k æ m p̚ p ɨ ŋ t̚ t ɹ ɪ p̚ p s 
/home/isaac/Projects/Thesis/data/timit/data/TRAIN/DR6/FPAD0/SX86.WAV,h# hh ix s pcl p ae n ih kcl k aa s tcl t y ix m z axr kcl k w ay tcl k ah l axr f el h#, h ɨ s p̚ p æ n ɪ k̚ k ɑ s t̚ t j ɨ m z ɚ k̚ k w aɪ t̚ k ʌ l ɚ f l̩ 
/home/isaac/Projects/Thesis/data/timit/data/TRAIN/DR6/FPAD0/SX446.WAV,h# t aa m ah s dh ih ng kcl k s ax l aa r dcl jh axr kcl k l ae m pcl p s ao l v z dh ix pcl p r aa bcl b l ax m h#, t ɑ m ʌ s ð ɪ ŋ k̚ k s ə l ɑ ɹ d̚ dʒ ɚ k̚ k l æ m p̚ p s ɔ l v z ð ɨ p̚ p ɹ ɑ b̚ b l ə m 
/home/isaac/Projects/Thesis/data/timit/data/TRAIN/DR6/FPAD0/SI1346.WAV,h# k ah n s ih dcl d er kcl k ah pcl p el z v ih z ih dcl d ih ng ix q eh n ax q aa r q m ux z iy ix m h#, k ʌ n s ɪ d̚ d ɝ k̚ k ʌ p̚ p l̩ z v ɪ z ɪ d̚ d ɪ ŋ ɨ ʔ ɛ n ə ʔ ɑ ɹ ʔ m ʉ z i ɨ m 
/home/isaac/Projects/Thesis/data/timit/data/TRAIN/DR6/FJDM2/SI1582.WAV,h# dh ey w er ih nx eh z epi w eh l pcl p ey dx ix z dh ey sh uh dx ah v bcl b eh n h#, ð eɪ w ɝ ɪ ɾ̃ ɛ z  w ɛ l p̚ p eɪ ɾ ɨ z ð eɪ ʃ ʊ ɾ ʌ v b̚ b ɛ n 
/home/isaac/Projects/Thesis/data/timit/data/TRAIN/DR6/FJDM2/SX52.WAV,h# hh axr kcl k l ae s ix kcl k el pcl p axr f ao r m ix n s gcl g ey n dcl d kcl k r ih dx ih kcl k el ax kcl k l ey m h#, h ɚ k̚ k l æ s ɨ k̚ k l̩ p̚ p ɚ f ɔ ɹ m ɨ n s ɡ̚ ɡ eɪ n d̚ d k̚ k ɹ ɪ ɾ ɪ k̚ k l̩ ə k̚ k l eɪ m 
/home/isaac/Projects/Thesis/data/timit/data/TRAIN/DR6/FJDM2/SI1964.WAV,h# dh ax pcl p ay l ih tcl s hh eh dcl s epi l uh kcl t r iy dcl d ih kcl k y ih l ih s epi l iy s epi m ao l h#, ð ə p̚ p aɪ l ɪ t̚ s h ɛ d̚ s  l ʊ k̚ t ɹ i d̚ d ɪ k̚ k j ɪ l ɪ s  l i s  m ɔ l 
/home/isaac/Projects/Thesis/data/timit/data/TRAIN/DR6/FJDM2/SX322.WAV,h# q ah l eh dh er hv ae n dcl b ae gcl w ix dcl b iy ix s ux dx ax bcl b el gcl g ih f tcl t h#, ʔ ʌ l ɛ ð ɝ ɦ æ n d̚ b æ ɡ̚ w ɨ d̚ b i ɨ s ʉ ɾ ə b̚ b l̩ ɡ̚ ɡ ɪ f t̚ t 
/home/isaac/Projects/Thesis/data/timit/data/TRAIN/DR6/FJDM2/SX412.WAV,h# g w eh n pcl p l ae n tcl t ix dcl d gcl g r iy n bcl b iy n s ix n hv er v eh tcl ch tcl t ix bcl b el gcl g aa r dcl en h#, ɡ w ɛ n p̚ p l æ n t̚ t ɨ d̚ d ɡ̚ ɡ ɹ i n b̚ b i n s ɨ n ɦ ɝ v ɛ t̚ tʃ t̚ t ɨ b̚ b l̩ ɡ̚ ɡ ɑ ɹ d̚ n̩ 
/home/isaac/Projects/Thesis/data/timit/data/TRAIN/DR6/FJDM2/SI2212.WAV,h# dh axr r ay dcl z w axr tcl t ey m ix n aa f pau m ow s l ix w iy tcl t ao kcl t h#, ð ɚ ɹ aɪ d̚ z w ɚ t̚ t eɪ m ɨ n ɑ f  m oʊ s l ɨ w i t̚ t ɔ k̚ t 
/home/isaac/Projects/Thesis/data/timit/data/TRAIN/DR6/FJDM2/SX142.WAV,h# w ih tcl ch l ao ng aa r dx ih kcl k el w ix z ow pcl p ey gcl ix n iy dx ih dcl k l ae r f ix kcl k ey sh ix n h#, w ɪ t̚ tʃ l ɔ ŋ ɑ ɹ ɾ ɪ k̚ k l̩ w ɨ z oʊ p̚ p eɪ ɡ̚ ɨ n i ɾ ɪ d̚ k l æ ɹ f ɨ k̚ k eɪ ʃ ɨ n 
/home/isaac/Projects/Thesis/data/timit/data/TRAIN/DR6/FJDM2/SX232.WAV,h# hh ih z epi f eh l y axr tcl t ix q ow pcl p ix n ix s tcl t ao r bcl b ay q ey tcl k ao s tcl t ix m ix z dcl jh y aa bcl h#, h ɪ z  f ɛ l j ɚ t̚ t ɨ ʔ oʊ p̚ p ɨ n ɨ s t̚ t ɔ ɹ b̚ b aɪ ʔ eɪ t̚ k ɔ s t̚ t ɨ m ɨ z d̚ dʒ j ɑ b̚ 
/home/isaac/Projects/Thesis/data/timit/data/TRAIN/DR6/FMJU0/SI759.WAV,h# t r ih m ax q eh kcl k s eh s kcl k l ey q ax w ey f axr m q aw dx axr q eh dcl jh ix s h#, t ɹ ɪ m ə ʔ ɛ k̚ k s ɛ s k̚ k l eɪ ʔ ə w eɪ f ɚ m ʔ aʊ ɾ ɚ ʔ ɛ d̚ dʒ ɨ s 
/home/isaac/Projects/Thesis/data/timit/data/TRAIN/DR6/FMJU0/SI2019.WAV,h# l ey dx axr y ux sh ae l n ow w ix tcl b eh dx er h#, l eɪ ɾ ɚ j ʉ ʃ æ l n oʊ w ɨ t̚ b ɛ ɾ ɝ 
/home/isaac/Projects/Thesis/data/timit/data/TRAIN/DR6/FMJU0/SX129.WAV,h# q ae ng gcl g ao r ax kcl k ae tcl t s ax f er ih axr dh ix n s ay ix m iy s h#, ʔ æ ŋ ɡ̚ ɡ ɔ ɹ ə k̚ k æ t̚ t s ə f ɝ ɪ ɚ ð ɨ n s aɪ ɨ m i s 
/home/isaac/Projects/Thesis/data/timit/data/TRAIN/DR6/FMJU0/SX399.WAV,h# dh ey ix s ux m n ow bcl b er gcl g l axr w el q eh v axr q eh n tcl t axr hv iy er h#, ð eɪ ɨ s ʉ m n oʊ b̚ b ɝ ɡ̚ ɡ l ɚ w l̩ ʔ ɛ v ɚ ʔ ɛ n t̚ t ɚ ɦ i ɝ 
/home/isaac/Projects/Thesis/data/timit/data/TRAIN/DR6/FMJU0/SX39.WAV,h# b aa r bcl b z gcl g ow l dcl b r ey s l ix tcl w ax z ax gcl g r ae dcl jh uw ey sh ix n pcl p r eh z ix n tcl h#, b ɑ ɹ b̚ b z ɡ̚ ɡ oʊ l d̚ b ɹ eɪ s l ɨ t̚ w ə z ə ɡ̚ ɡ ɹ æ d̚ dʒ u eɪ ʃ ɨ n p̚ p ɹ ɛ z ɨ n t̚ 
/home/isaac/Projects/Thesis/data/timit/data/TRAIN/DR6/FMJU0/SX309.WAV,h# dh ax pcl p r ux f dh eh tcl y uw aa r s iy kcl k iy ng q ix z n ao tcl ax v eh l bcl b el q ix n bcl b uh kcl k s h#, ð ə p̚ p ɹ ʉ f ð ɛ t̚ j u ɑ ɹ s i k̚ k i ŋ ʔ ɨ z n ɔ t̚ ə v ɛ l b̚ b l̩ ʔ ɨ n b̚ b ʊ k̚ k s 
/home/isaac/Projects/Thesis/data/timit/data/TRAIN/DR6/FMJU0/SI1389.WAV,h# q ey kcl k l ih l iy r eh kcl k ax gcl g n ay z ix kcl k s eh pcl p sh ix n q ix z ax s tcl t ae tcl ch ax tcl t ao r iy m er dcl jh axr q ao r kcl k en s aa l ix dcl d ey sh ix n h#, ʔ eɪ k̚ k l ɪ l i ɹ ɛ k̚ k ə ɡ̚ ɡ n aɪ z ɨ k̚ k s ɛ p̚ p ʃ ɨ n ʔ ɨ z ə s t̚ t æ t̚ tʃ ə t̚ t ɔ ɹ i m ɝ d̚ dʒ ɚ ʔ ɔ ɹ k̚ k n̩ s ɑ l ɨ d̚ d eɪ ʃ ɨ n 
/home/isaac/Projects/Thesis/data/timit/data/TRAIN/DR6/FMJU0/SX219.WAV,h# n aa n pcl p r aa f ix tcl ao gcl g ax n ix z ey sh en s hh ae f r iy kcl k w ix n tcl f ah n r ey z er s h#, n ɑ n p̚ p ɹ ɑ f ɨ t̚ ɔ ɡ̚ ɡ ə n ɨ z eɪ ʃ n̩ s h æ f ɹ i k̚ k w ɨ n t̚ f ʌ n ɹ eɪ z ɝ s 
/home/isaac/Projects/Thesis/data/timit/data/TRAIN/DR6/MEAL0/SX197.WAV,h# d r ao q iy tcl ch gcl g r ae f ah nx ey n uw ae kcl k s ix s h#, d ɹ ɔ ʔ i t̚ tʃ ɡ̚ ɡ ɹ æ f ʌ ɾ̃ eɪ n u æ k̚ k s ɨ s 
/home/isaac/Projects/Thesis/data/timit/data/TRAIN/DR6/MEAL0/SI917.WAV,h# s ah m w ax m ix ng gcl g eh dx ix r ih l th r ih l aw dx ax v hv aw s w axr kcl k h#, s ʌ m w ə m ɨ ŋ ɡ̚ ɡ ɛ ɾ ɨ ɹ ɪ l θ ɹ ɪ l aʊ ɾ ə v ɦ aʊ s w ɚ k̚ k 
/home/isaac/Projects/Thesis/data/timit/data/TRAIN/DR6/MEAL0/SX347.WAV,h# dh ix pcl p ey sh ix n tcl t q eh n dh ax s er dcl jh ix nx axr bcl b ow th axr kcl k uw pcl p r eh dx ix ng f axr m dh ix l eh ng th iy ah pcl p er ey sh en h#, ð ɨ p̚ p eɪ ʃ ɨ n t̚ t ʔ ɛ n ð ə s ɝ d̚ dʒ ɨ ɾ̃ ɚ b̚ b oʊ θ ɚ k̚ k u p̚ p ɹ ɛ ɾ ɨ ŋ f ɚ m ð ɨ l ɛ ŋ θ i ʌ p̚ p ɝ eɪ ʃ n̩ 
/home/isaac/Projects/Thesis/data/timit/data/TRAIN/DR6/MEAL0/SX107.WAV,h# b er th dcl d ey pcl p aa r dx iy z hh eh v kcl k ah pcl k ey kcl k s ix nx ay s kcl k r iy m h#, b ɝ θ d̚ d eɪ p̚ p ɑ ɹ ɾ i z h ɛ v k̚ k ʌ p̚ k eɪ k̚ k s ɨ ɾ̃ aɪ s k̚ k ɹ i m 
/home/isaac/Projects/Thesis/data/timit/data/TRAIN/DR6/MEAL0/SI1547.WAV,h# q ix dx ih z iy s ey m ow l s ey m pau t eh l m iy ix tcl t s n ey m h#, ʔ ɨ ɾ ɪ z i s eɪ m oʊ l s eɪ m  t ɛ l m i ɨ t̚ t s n eɪ m 
/home/isaac/Projects/Thesis/data/timit/data/TRAIN/DR6/MEAL0/SX287.WAV,h# en ah l ao ng r ah n ix tcl p ey z tcl t ix bcl b ay kcl k w ao l ax dx ix kcl k l ow dh ix ng h#, n̩ ʌ l ɔ ŋ ɹ ʌ n ɨ t̚ p eɪ z t̚ t ɨ b̚ b aɪ k̚ k w ɔ l ə ɾ ɨ k̚ k l oʊ ð ɨ ŋ 
/home/isaac/Projects/Thesis/data/timit/data/TRAIN/DR6/MEAL0/SX377.WAV,h# sh ix q ow ix zh dcl jh ow kcl k s bcl b ah tcl t ux m ah tcl ch gcl g aa r l ix kcl k ix nx ix z f uw dcl d h#, ʃ ɨ ʔ oʊ ɨ ʒ d̚ dʒ oʊ k̚ k s b̚ b ʌ t̚ t ʉ m ʌ t̚ tʃ ɡ̚ ɡ ɑ ɹ l ɨ k̚ k ɨ ɾ̃ ɨ z f u d̚ d 
/home/isaac/Projects/Thesis/data/timit/data/TRAIN/DR6/MEAL0/SI2177.WAV,h# sh uw w ax z hh ow l dx ix ng q aa nx uh hv ih z r aa kcl k w ax dh w ah n hv ae n dcl d h#, ʃ u w ə z h oʊ l ɾ ɨ ŋ ʔ ɑ ɾ̃ ʊ ɦ ɪ z ɹ ɑ k̚ k w ə ð w ʌ n ɦ æ n d̚ d 
/home/isaac/Projects/Thesis/data/timit/data/TRAIN/DR6/MESJ0/SX97.WAV,h# p ey ng gcl g w ih n z epi l ih v n ih dh iy ay s iy ae nx aa r dx ix kcl k h#, p eɪ ŋ ɡ̚ ɡ w ɪ n z  l ɪ v n ɪ ð i aɪ s i æ ɾ̃ ɑ ɹ ɾ ɨ k̚ k 
/home/isaac/Projects/Thesis/data/timit/data/TRAIN/DR6/MESJ0/SX7.WAV,h# n ah tcl th ix ng ix z ax z ow f eh n t s ix v eh z ih n ix s en tcl t s h#, n ʌ t̚ θ ɨ ŋ ɨ z ə z oʊ f ɛ n t s ɨ v ɛ z ɪ n ɨ s n̩ t̚ t s 
/home/isaac/Projects/Thesis/data/timit/data/TRAIN/DR6/MESJ0/SI2257.WAV,h# b ah dx ih z r eh z ax l uw sh en hh aa r dcl d l ix s iy m dcl d ix hv eh l pcl p h#, b ʌ ɾ ɪ z ɹ ɛ z ə l u ʃ n̩ h ɑ ɹ d̚ d l ɨ s i m d̚ d ɨ ɦ ɛ l p̚ p 
/home/isaac/Projects/Thesis/data/timit/data/TRAIN/DR6/MESJ0/SI2039.WAV,h# hh ih z s ix pcl p ih r iy ih z hh eh dx ao s ax pcl p r ih tcl ch th eh s pau s ey ng w uh z th ax w ey f ao r q iy tcl t er nx el q aa n axr h#, h ɪ z s ɨ p̚ p ɪ ɹ i ɪ z h ɛ ɾ ɔ s ə p̚ p ɹ ɪ t̚ tʃ θ ɛ s  s eɪ ŋ w ʊ z θ ə w eɪ f ɔ ɹ ʔ i t̚ t ɝ ɾ̃ l̩ ʔ ɑ n ɚ 
/home/isaac/Projects/Thesis/data/timit/data/TRAIN/DR6/MESJ0/SX187.WAV,h# dh ey ao f tcl t ix ng gcl g ow aa q ix n dh iy v n ix ng h#, ð eɪ ɔ f t̚ t ɨ ŋ ɡ̚ ɡ oʊ ɑ ʔ ɨ n ð i v n ɨ ŋ 
/home/isaac/Projects/Thesis/data/timit/data/TRAIN/DR6/MESJ0/SI997.WAV,h# b ow th l ah v ax dh iy aw dx ax v dcl d ao ax z ix ng kcl k l ux dx ix ng m aw q en kcl k l ay m ix ng ix n hh ao s bcl b ae kcl k r ay dx ix ng h#, b oʊ θ l ʌ v ə ð i aʊ ɾ ə v d̚ d ɔ ə z ɨ ŋ k̚ k l ʉ ɾ ɨ ŋ m aʊ ʔ n̩ k̚ k l aɪ m ɨ ŋ ɨ n h ɔ s b̚ b æ k̚ k ɹ aɪ ɾ ɨ ŋ 
/home/isaac/Projects/Thesis/data/timit/data/TRAIN/DR6/MESJ0/SX367.WAV,h# dh ix s er pcl p l ih sh ux z epi ax s ow l eh dx eh dcl d ih s kcl k aw n tcl p r ay s h#, ð ɨ s ɝ p̚ p l ɪ ʃ ʉ z  ə s oʊ l ɛ ɾ ɛ d̚ d ɪ s k̚ k aʊ n t̚ p ɹ aɪ s 
/home/isaac/Projects/Thesis/data/timit/data/TRAIN/DR6/MESJ0/SX277.WAV,h# dh ax r ow z kcl k uh s aa dcl s epi m eh l dcl s epi w iy tcl t h#, ð ə ɹ oʊ z k̚ k ʊ s ɑ d̚ s  m ɛ l d̚ s  w i t̚ t 
/home/isaac/Projects/Thesis/data/timit/data/TRAIN/DR6/MKLN0/SX248.WAV,h# r iy dx iy ng ix n pcl p ao r l ay tcl g ih v zh y ux ay s tcl t r ey n h#, ɹ i ɾ i ŋ ɨ n p̚ p ɔ ɹ l aɪ t̚ ɡ ɪ v ʒ j ʉ aɪ s t̚ t ɹ eɪ n 
/home/isaac/Projects/Thesis/data/timit/data/TRAIN/DR6/MKLN0/SX158.WAV,h# dh ax dcl d r ah ng kcl k er dx ih z ix s ow sh ix l aw tcl t kcl k ae s tcl t h#, ð ə d̚ d ɹ ʌ ŋ k̚ k ɝ ɾ ɪ z ɨ s oʊ ʃ ɨ l aʊ t̚ t k̚ k æ s t̚ t 
/home/isaac/Projects/Thesis/data/timit/data/TRAIN/DR6/MKLN0/SI1598.WAV,h# dh ix f l ae tcl b aa dx ax m bcl b ow tcl s epi w ah ng g s l ow l iy tcl t ux dh ax pcl p uh l ax v dh ix kcl k eh r ix n tcl h#, ð ɨ f l æ t̚ b ɑ ɾ ə m b̚ b oʊ t̚ s  w ʌ ŋ ɡ s l oʊ l i t̚ t ʉ ð ə p̚ p ʊ l ə v ð ɨ k̚ k ɛ ɹ ɨ n t̚ 
/home/isaac/Projects/Thesis/data/timit/data/TRAIN/DR6/MKLN0/SX428.WAV,h# ax kcl k r ae bcl ch ae l ax n jh dcl m iy pau b uh dx ix kcl k w ih kcl s tcl t ae bcl v ae ng kcl k w ix sh tcl t hh ih m h#, ə k̚ k ɹ æ b̚ tʃ æ l ə n dʒ d̚ m i  b ʊ ɾ ɨ k̚ k w ɪ k̚ s t̚ t æ b̚ v æ ŋ k̚ k w ɨ ʃ t̚ t h ɪ m 
/home/isaac/Projects/Thesis/data/timit/data/TRAIN/DR6/MKLN0/SI2228.WAV,h# s ax-h pcl p ow z w ah tcl s ih z epi n ey m gcl g aa dx ax s ah n bcl b er n h#, s ə̥ p̚ p oʊ z w ʌ t̚ s ɪ z  n eɪ m ɡ̚ ɡ ɑ ɾ ə s ʌ n b̚ b ɝ n 
/home/isaac/Projects/Thesis/data/timit/data/TRAIN/DR6/MKLN0/SX68.WAV,h# q ah pcl g r ey dcl jh uh s tcl t ae dx ix s tcl t ux r ix f l eh kcl t y axr w eh l th h#, ʔ ʌ p̚ ɡ ɹ eɪ d̚ dʒ ʊ s t̚ t æ ɾ ɨ s t̚ t ʉ ɹ ɨ f l ɛ k̚ t j ɚ w ɛ l θ 
/home/isaac/Projects/Thesis/data/timit/data/TRAIN/DR6/MKLN0/SX338.WAV,h# dh ax dcl d aa r kcl m er kcl k iy l ih gcl g uw n q w aw n dcl d axr aw n dcl f ax m ay l epi s h#, ð ə d̚ d ɑ ɹ k̚ m ɝ k̚ k i l ɪ ɡ̚ ɡ u n ʔ w aʊ n d̚ d ɚ aʊ n d̚ f ə m aɪ l  s 
/home/isaac/Projects/Thesis/data/timit/data/TRAIN/DR6/MKLN0/SI968.WAV,h# q ax l ow n dh ax m ey n epi th eh r ow f eh r s hh aa r dcl d l iy eh hh aw s hh eh dcl n aa tcl b ih n pcl p eh pcl p axr dcl d h#, ʔ ə l oʊ n ð ə m eɪ n  θ ɛ ɹ oʊ f ɛ ɹ s h ɑ ɹ d̚ d l i ɛ h aʊ s h ɛ d̚ n ɑ t̚ b ɪ n p̚ p ɛ p̚ p ɚ d̚ d 
/home/isaac/Projects/Thesis/data/timit/data/TRAIN/DR6/MKES0/SX173.WAV,h# hh uw eh v axr kcl k ow aa pcl p axr ey tcl t s en f ay n d iy n ae n z kcl k ae m iy ow w el bcl b iy r iy w ao r dx ix dcl d h#, h u ɛ v ɚ k̚ k oʊ ɑ p̚ p ɚ eɪ t̚ t s n̩ f aɪ n d i n æ n z k̚ k æ m i oʊ w l̩ b̚ b i ɹ i w ɔ ɹ ɾ ɨ d̚ d 
/home/isaac/Projects/Thesis/data/timit/data/TRAIN/DR6/MKES0/SX263.WAV,h# hh aw q oy l iy dcl d ux y uw l ay kcl k y axr s ae l ax dcl d r eh s ix ng h#, h aʊ ʔ ɔɪ l i d̚ d ʉ j u l aɪ k̚ k j ɚ s æ l ə d̚ d ɹ ɛ s ɨ ŋ 
/home/isaac/Projects/Thesis/data/timit/data/TRAIN/DR6/MKES0/SX353.WAV,h# ix kcl k aa nx ah s uh er w uh l q ix n dcl jh oy dh ih s pau sh eh l f ih sh pau d ih sh h#, ɨ k̚ k ɑ ɾ̃ ʌ s ʊ ɝ w ʊ l ʔ ɨ n d̚ dʒ ɔɪ ð ɪ s  ʃ ɛ l f ɪ ʃ  d ɪ ʃ 
/home/isaac/Projects/Thesis/data/timit/data/TRAIN/DR6/MKES0/SX83.WAV,h# m ay ix n s tcl t r ah kcl k sh en z dcl d eh s pcl p axr tcl l iy epi n iy dcl d q ah pcl d ey dx iy ng h#, m aɪ ɨ n s t̚ t ɹ ʌ k̚ k ʃ n̩ z d̚ d ɛ s p̚ p ɚ t̚ l i  n i d̚ d ʔ ʌ p̚ d eɪ ɾ i ŋ 
/home/isaac/Projects/Thesis/data/timit/data/TRAIN/DR6/MKES0/SI1883.WAV,h# s ah m tcl t ao r ix n tcl t aa er l iy th r uw dh ax w ih pcl p s ao dcl d pcl p ow s tcl t q ow kcl k h#, s ʌ m t̚ t ɔ ɹ ɨ n t̚ t ɑ ɝ l i θ ɹ u ð ə w ɪ p̚ p s ɔ d̚ d p̚ p oʊ s t̚ t ʔ oʊ k̚ k 
/home/isaac/Projects/Thesis/data/timit/data/TRAIN/DR6/MKES0/SI623.WAV,h# hh iy sh ow dcl p y ux nx iy m eh n ax tcl t ae kcl t bcl b ay s pcl p l eh n dcl d ix dcl d l iy tcl t axr r ae n ih kcl k el m ix sh iy n epi s h#, h i ʃ oʊ d̚ p j ʉ ɾ̃ i m ɛ n ə t̚ t æ k̚ t b̚ b aɪ s p̚ p l ɛ n d̚ d ɨ d̚ d l i t̚ t ɚ ɹ æ n ɪ k̚ k l̩ m ɨ ʃ i n  s 
/home/isaac/Projects/Thesis/data/timit/data/TRAIN/DR6/MKES0/SX443.WAV,h# ey l ow n s tcl t aa r sh ow n ix n dh eh q er l iy q iy v n iy n s kcl k ay h#, eɪ l oʊ n s t̚ t ɑ ɹ ʃ oʊ n ɨ n ð ɛ ʔ ɝ l i ʔ i v n i n s k̚ k aɪ 
/home/isaac/Projects/Thesis/data/timit/data/TRAIN/DR6/MKES0/SI1253.WAV,h# m ow s tcl t ax v aa r q ey dcl d w el gcl g ow tcl t ix dh ow z n ih r iy ng s eh l f s ax f ih sh en s iy h#, m oʊ s t̚ t ə v ɑ ɹ ʔ eɪ d̚ d w l̩ ɡ̚ ɡ oʊ t̚ t ɨ ð oʊ z n ɪ ɹ i ŋ s ɛ l f s ə f ɪ ʃ n̩ s i 
/home/isaac/Projects/Thesis/data/timit/data/TRAIN/DR6/MCAE0/SX97.WAV,h# p eh ng gcl g w ih n z l ih v n ih ax dh ih q ay s iy ae n aa r tcl t ix kcl k h#, p ɛ ŋ ɡ̚ ɡ w ɪ n z l ɪ v n ɪ ə ð ɪ ʔ aɪ s i æ n ɑ ɹ t̚ t ɨ k̚ k 
/home/isaac/Projects/Thesis/data/timit/data/TRAIN/DR6/MCAE0/SX7.WAV,h# n ah th ih ng q ih z q ae z pau q ao f eh n s ih v q ae z q ih n ih s eh n s h#, n ʌ θ ɪ ŋ ʔ ɪ z ʔ æ z  ʔ ɔ f ɛ n s ɪ v ʔ æ z ʔ ɪ n ɪ s ɛ n s 
/home/isaac/Projects/Thesis/data/timit/data/TRAIN/DR6/MCAE0/SI1447.WAV,h# m aa kcl k r ow q ao gcl ix n ih z em z pau q aa q ao f tcl t ih n axr s pcl p aa n s bcl b el f ao dh ax r ae pcl p ih dcl s pcl p oy l ih dcl jh pau q ax v f uw dcl s h#, m ɑ k̚ k ɹ oʊ ʔ ɔ ɡ̚ ɨ n ɪ z m̩ z  ʔ ɑ ʔ ɔ f t̚ t ɪ n ɚ s p̚ p ɑ n s b̚ b l̩ f ɔ ð ə ɹ æ p̚ p ɪ d̚ s p̚ p ɔɪ l ɪ d̚ dʒ  ʔ ə v f u d̚ s 
/home/isaac/Projects/Thesis/data/timit/data/TRAIN/DR6/MCAE0/SX187.WAV,h# dh ey ao f tcl t ih n gcl g ow aw tcl q ih n dh iy v n ih ng h#, ð eɪ ɔ f t̚ t ɪ n ɡ̚ ɡ oʊ aʊ t̚ ʔ ɪ n ð i v n ɪ ŋ 
/home/isaac/Projects/Thesis/data/timit/data/TRAIN/DR6/MCAE0/SX367.WAV,h# dh ix s er pcl p l ah sh ux z pau w axr s ow dx ae dx eh dcl d ih s kcl k aw n tcl p r ay s h#, ð ɨ s ɝ p̚ p l ʌ ʃ ʉ z  w ɚ s oʊ ɾ æ ɾ ɛ d̚ d ɪ s k̚ k aʊ n t̚ p ɹ aɪ s 
/home/isaac/Projects/Thesis/data/timit/data/TRAIN/DR6/MCAE0/SI817.WAV,h# dh ih s epi w uh l pcl p axr v ih n tcl pau f l ae tcl f ao l z q ix n tcl t ow q ih n zh axr ix s h#, ð ɪ s  w ʊ l p̚ p ɚ v ɪ n t̚  f l æ t̚ f ɔ l z ʔ ɨ n t̚ t oʊ ʔ ɪ n ʒ ɚ ɨ s 
/home/isaac/Projects/Thesis/data/timit/data/TRAIN/DR6/MCAE0/SI2077.WAV,h# m ey bcl iy y uw pau q eh n m iy w ih l pau g er l iy pau b ah tcl dh iy z tcl t ux pau q ey n tcl g ow ih n ow w eh ax h#, m eɪ b̚ i j u  ʔ ɛ n m i w ɪ l  ɡ ɝ l i  b ʌ t̚ ð i z t̚ t ʉ  ʔ eɪ n t̚ ɡ oʊ ɪ n oʊ w ɛ ə 
/home/isaac/Projects/Thesis/data/timit/data/TRAIN/DR6/MCAE0/SX277.WAV,h# dh ax r ow z kcl k uh s aa zh pau s epi m eh l tcl t s epi w iy tcl h#, ð ə ɹ oʊ z k̚ k ʊ s ɑ ʒ  s  m ɛ l t̚ t s  w i t̚ 
/home/isaac/Projects/Thesis/data/timit/data/TRAIN/DR6/FRJB0/SI1427.WAV,h# k en f ae bcl b y ix l ey sh ix n hv eh z kcl k ah m tcl t ax dcl d ix tcl t er m ix n s tcl t r ah kcl ch axr h#, k n̩ f æ b̚ b j ɨ l eɪ ʃ ɨ n ɦ ɛ z k̚ k ʌ m t̚ t ə d̚ d ɨ t̚ t ɝ m ɨ n s t̚ t ɹ ʌ k̚ tʃ ɚ 
/home/isaac/Projects/Thesis/data/timit/data/TRAIN/DR6/FRJB0/SI1794.WAV,h# b ah tcl w ay pcl p ey hv er bcl b ih l z h#, b ʌ t̚ w aɪ p̚ p eɪ ɦ ɝ b̚ b ɪ l z 
/home/isaac/Projects/Thesis/data/timit/data/TRAIN/DR6/FRJB0/SI1470.WAV,h# jh ay r ah kcl k aa m pcl p ix s hh eh dx ih ng h#, dʒ aɪ ɹ ʌ k̚ k ɑ m p̚ p ɨ s h ɛ ɾ ɪ ŋ 
/home/isaac/Projects/Thesis/data/timit/data/TRAIN/DR6/FRJB0/SX347.WAV,h# dh ih pcl p ey sh ix n tcl t ih n ih s er dcl jh ix n aa r bcl b ow th r ix kcl k uw pcl p axr ey dx ix ng f axr m dh ax l ah n th l iy aa pcl p axr ey sh ix n h#, ð ɪ p̚ p eɪ ʃ ɨ n t̚ t ɪ n ɪ s ɝ d̚ dʒ ɨ n ɑ ɹ b̚ b oʊ θ ɹ ɨ k̚ k u p̚ p ɚ eɪ ɾ ɨ ŋ f ɚ m ð ə l ʌ n θ l i ɑ p̚ p ɚ eɪ ʃ ɨ n 
/home/isaac/Projects/Thesis/data/timit/data/TRAIN/DR6/FRJB0/SX77.WAV,h# b ae gcl p ay pcl p s ix n bcl b aa ng gcl g ow z aa r m y ux z ix kcl k ax l ih n s tcl t r ix m ih n tcl t s h#, b æ ɡ̚ p aɪ p̚ p s ɨ n b̚ b ɑ ŋ ɡ̚ ɡ oʊ z ɑ ɹ m j ʉ z ɨ k̚ k ə l ɪ n s t̚ t ɹ ɨ m ɪ n t̚ t s 
/home/isaac/Projects/Thesis/data/timit/data/TRAIN/DR6/FRJB0/SX437.WAV,h# dh ey y ux z ix nx ih gcl g r eh s ix v pcl p el iy s epi m ih n tcl t ax f l ae gcl g th ao q l ix s epi m ow dx axr ix s tcl t s h#, ð eɪ j ʉ z ɨ ɾ̃ ɪ ɡ̚ ɡ ɹ ɛ s ɨ v p̚ p l̩ i s  m ɪ n t̚ t ə f l æ ɡ̚ ɡ θ ɔ ʔ l ɨ s  m oʊ ɾ ɚ ɨ s t̚ t s 
/home/isaac/Projects/Thesis/data/timit/data/TRAIN/DR6/FRJB0/SX257.WAV,h# w iy aa r ow pcl p ix n eh v r iy m ah n dcl d ey iy v n ix ng h#, w i ɑ ɹ oʊ p̚ p ɨ n ɛ v ɹ i m ʌ n d̚ d eɪ i v n ɨ ŋ 
/home/isaac/Projects/Thesis/data/timit/data/TRAIN/DR6/FRJB0/SX167.WAV,h# q ix m pcl p l oy iy l ey ao f s kcl k ow ix n s ay dx ix dcl w ix dh iy kcl k ah m pcl p ix n iy z r iy ao r gcl g ix nx ix z ey sh ix n h#, ʔ ɨ m p̚ p l ɔɪ i l eɪ ɔ f s k̚ k oʊ ɨ n s aɪ ɾ ɨ d̚ w ɨ ð i k̚ k ʌ m p̚ p ɨ n i z ɹ i ɔ ɹ ɡ̚ ɡ ɨ ɾ̃ ɨ z eɪ ʃ ɨ n 
/home/isaac/Projects/Thesis/data/timit/data/TRAIN/DR6/FBCH0/SI1586.WAV,h# y axr v oy s ix z dcl d ax l ay tcl f el hh iy ix pcl p r ux v dcl d w ix dh ax w ao r m s m ay l h#, j ɚ v ɔɪ s ɨ z d̚ d ə l aɪ t̚ f l̩ h i ɨ p̚ p ɹ ʉ v d̚ d w ɨ ð ə w ɔ ɹ m s m aɪ l 
/home/isaac/Projects/Thesis/data/timit/data/TRAIN/DR6/FBCH0/SX56.WAV,h# q ae kcl k ix dcl d ae m ih kcl k q ae pcl t ax-h tcl t ux dcl d gcl g eh er ix n tcl t iy z y axr dcl d ix pcl p l ow m ah h#, ʔ æ k̚ k ɨ d̚ d æ m ɪ k̚ k ʔ æ p̚ t ə̥ t̚ t ʉ d̚ d ɡ̚ ɡ ɛ ɝ ɨ n t̚ t i z j ɚ d̚ d ɨ p̚ p l oʊ m ʌ 
/home/isaac/Projects/Thesis/data/timit/data/TRAIN/DR6/FBCH0/SX326.WAV,h# s tcl t iy v kcl k ax l eh kcl k s epi r eh er q eh n aa v el kcl k oy n epi s h#, s t̚ t i v k̚ k ə l ɛ k̚ k s  ɹ ɛ ɝ ʔ ɛ n ɑ v l̩ k̚ k ɔɪ n  s 
/home/isaac/Projects/Thesis/data/timit/data/TRAIN/DR6/FBCH0/SX416.WAV,h# q ey hh y ux dcl jh pcl p aw er q aw dx ix dcl jh r eh l iy q ix kcl k er s h#, ʔ eɪ h j ʉ d̚ dʒ p̚ p aʊ ɝ ʔ aʊ ɾ ɨ d̚ dʒ ɹ ɛ l i ʔ ɨ k̚ k ɝ s 
/home/isaac/Projects/Thesis/data/timit/data/TRAIN/DR6/FBCH0/SX236.WAV,h# k l ih r pcl p r ax n ah n tcl s ih ey sh ix n eh z ix pcl p r ix sh ix ey dx ix dcl h#, k l ɪ ɹ p̚ p ɹ ə n ʌ n t̚ s ɪ eɪ ʃ ɨ n ɛ z ɨ p̚ p ɹ ɨ ʃ ɨ eɪ ɾ ɨ d̚ 
/home/isaac/Projects/Thesis/data/timit/data/TRAIN/DR6/FBCH0/SI959.WAV,h# s ah m tcl t ay m z epi s ow dcl jh er z epi r ow q l ae dx er z epi w aa l bcl b uh l ih tcl s epi w axr w ih z ix n ah bcl b aw tcl dh eh r hh eh dcl d z h#, s ʌ m t̚ t aɪ m z  s oʊ d̚ dʒ ɝ z  ɹ oʊ ʔ l æ ɾ ɝ z  w ɑ l b̚ b ʊ l ɪ t̚ s  w ɚ w ɪ z ɨ n ʌ b̚ b aʊ t̚ ð ɛ ɹ h ɛ d̚ d z 
/home/isaac/Projects/Thesis/data/timit/data/TRAIN/DR6/FBCH0/SI956.WAV,h# t er bcl b y ih l eh n tcl t ay dcl d z r ow z ax z epi m ah tcl ch ix z f ih f tcl t iy f iy tcl t h#, t ɝ b̚ b j ɪ l ɛ n t̚ t aɪ d̚ d z ɹ oʊ z ə z  m ʌ t̚ tʃ ɨ z f ɪ f t̚ t i f i t̚ t 
/home/isaac/Projects/Thesis/data/timit/data/TRAIN/DR6/FBCH0/SX146.WAV,h# s ih kcl k l ax kcl k ow pcl p r ow gcl er m z w el n eh v axr kcl k ax m pcl p ay l h#, s ɪ k̚ k l ə k̚ k oʊ p̚ p ɹ oʊ ɡ̚ ɝ m z w l̩ n ɛ v ɚ k̚ k ə m p̚ p aɪ l 
/home/isaac/Projects/Thesis/data/timit/data/TRAIN/DR3/FSLS0/SI1056.WAV,h# k ix n th er m ow n uw kcl k l iy axr w ao r bcl b iy s eh dx aa f bcl b ay q ae kcl k s ix dx eh n tcl t h#, k ɨ n θ ɝ m oʊ n u k̚ k l i ɚ w ɔ ɹ b̚ b i s ɛ ɾ ɑ f b̚ b aɪ ʔ æ k̚ k s ɨ ɾ ɛ n t̚ t 
/home/isaac/Projects/Thesis/data/timit/data/TRAIN/DR3/FSLS0/SI2316.WAV,h# d ey v iy m ae th y ux s pau q ih tcl s dcl z ix s gcl g ah s tcl t ix ng n ax w ey y axr q aa l iy s q iy dcl d ih ng h#, d eɪ v i m æ θ j ʉ s  ʔ ɪ t̚ s d̚ z ɨ s ɡ̚ ɡ ʌ s t̚ t ɨ ŋ n ə w eɪ j ɚ ʔ ɑ l i s ʔ i d̚ d ɪ ŋ 
/home/isaac/Projects/Thesis/data/timit/data/TRAIN/DR3/FSLS0/SI1686.WAV,h# q ix tcl l ae tcl ch ix z w ix n y ux kcl k l ow z ix tcl pau s ax s tcl t ey ix z l aa ng ix zh y ux l ay kcl k h#, ʔ ɨ t̚ l æ t̚ tʃ ɨ z w ɨ n j ʉ k̚ k l oʊ z ɨ t̚  s ə s t̚ t eɪ ɨ z l ɑ ŋ ɨ ʒ j ʉ l aɪ k̚ k 
/home/isaac/Projects/Thesis/data/timit/data/TRAIN/DR3/FSLS0/SX156.WAV,h# q aa r ix kcl k s pcl p ih axr m ax n tcl s pcl p aa z ix dx ih v q aw tcl k ah m w ix z ah nx ix kcl k s pcl p eh kcl t ix dcl h#, ʔ ɑ ɹ ɨ k̚ k s p̚ p ɪ ɚ m ə n t̚ s p̚ p ɑ z ɨ ɾ ɪ v ʔ aʊ t̚ k ʌ m w ɨ z ʌ ɾ̃ ɨ k̚ k s p̚ p ɛ k̚ t ɨ d̚ 
/home/isaac/Projects/Thesis/data/timit/data/TRAIN/DR3/FSLS0/SX66.WAV,h# w iy gcl ah tcl d r eh n tcl ch f r ah m n iy ah n ix n tcl t epi axr ah pcl t ix dcl d r ey n h#, w i ɡ̚ ʌ t̚ d ɹ ɛ n t̚ tʃ f ɹ ʌ m n i ʌ n ɨ n t̚ t  ɚ ʌ p̚ t ɨ d̚ d ɹ eɪ n 
/home/isaac/Projects/Thesis/data/timit/data/TRAIN/DR3/FSLS0/SX426.WAV,h# q ah m aa th z ih gcl g z ae gcl d ax l ao ng dh ix pcl p ae th epi th r uw q aa dx ow z gcl g aa r dcl en h#, ʔ ʌ m ɑ θ z ɪ ɡ̚ ɡ z æ ɡ̚ d ə l ɔ ŋ ð ɨ p̚ p æ θ  θ ɹ u ʔ ɑ ɾ oʊ z ɡ̚ ɡ ɑ ɹ d̚ n̩ 
/home/isaac/Projects/Thesis/data/timit/data/TRAIN/DR3/FSLS0/SX246.WAV,h# hh aw q ey n tcl sh ix n ix z ix s ah bcl w ey q eh s kcl k ax l ey dx axr h#, h aʊ ʔ eɪ n t̚ ʃ ɨ n ɨ z ɨ s ʌ b̚ w eɪ ʔ ɛ s k̚ k ə l eɪ ɾ ɚ 
/home/isaac/Projects/Thesis/data/timit/data/TRAIN/DR3/FSLS0/SX202.WAV,h# hh aw m ah tcl ch ax l aw ax n tcl s dcl d ix y ux gcl g eh tcl t h#, h aʊ m ʌ t̚ tʃ ə l aʊ ə n t̚ s d̚ d ɨ j ʉ ɡ̚ ɡ ɛ t̚ t 
/home/isaac/Projects/Thesis/data/timit/data/TRAIN/DR3/MMSM0/SX206.WAV,h# w ix n pcl p iy l ix ng ix n ao r axr n dcl jh pau ix dx ix z hh aa r dcl n aa tcl t ax-h s pcl p r ey dcl jh ux s h#, w ɨ n p̚ p i l ɨ ŋ ɨ n ɔ ɹ ɚ n d̚ dʒ  ɨ ɾ ɨ z h ɑ ɹ d̚ n ɑ t̚ t ə̥ s p̚ p ɹ eɪ d̚ dʒ ʉ s 
/home/isaac/Projects/Thesis/data/timit/data/TRAIN/DR3/MMSM0/SI1736.WAV,h# dh ax pcl p ao er pau q ah n l ah kcl k iy pau dh ax tcl t eh l ax f ow n r ae ng h#, ð ə p̚ p ɔ ɝ  ʔ ʌ n l ʌ k̚ k i  ð ə t̚ t ɛ l ə f oʊ n ɹ æ ŋ 
/home/isaac/Projects/Thesis/data/timit/data/TRAIN/DR3/MMSM0/SI1106.WAV,h# eh v r iy th ih ng ix n dh ax f ay nx ax l ax n ae l s ix s pau r ix dcl d ux s tcl t ax-h tcl s eh l f tcl t ax s eh kcl sh uw el s ih m bcl b el ih z em h#, ɛ v ɹ i θ ɪ ŋ ɨ n ð ə f aɪ ɾ̃ ə l ə n æ l s ɨ s  ɹ ɨ d̚ d ʉ s t̚ t ə̥ t̚ s ɛ l f t̚ t ə s ɛ k̚ ʃ u l̩ s ɪ m b̚ b l̩ ɪ z m̩ 
/home/isaac/Projects/Thesis/data/timit/data/TRAIN/DR3/MMSM0/SI476.WAV,h# s ow f eh nx iy bcl b ah dx iy s el ih s ix tcl s bcl b ay f ow n pau m ey kcl sh er y ux m ey l dh ax dcl d ow tcl t ax-h dh iy ax bcl b ah v h#, s oʊ f ɛ ɾ̃ i b̚ b ʌ ɾ i s l̩ ɪ s ɨ t̚ s b̚ b aɪ f oʊ n  m eɪ k̚ ʃ ɝ j ʉ m eɪ l ð ə d̚ d oʊ t̚ t ə̥ ð i ə b̚ b ʌ v 
/home/isaac/Projects/Thesis/data/timit/data/TRAIN/DR3/MMSM0/SX26.WAV,h# m ow s tcl t y ah ng r ay z pau er l iy q eh v r ix m ao r nx ih ng h#, m oʊ s t̚ t j ʌ ŋ ɹ aɪ z  ɝ l i ʔ ɛ v ɹ ɨ m ɔ ɹ ɾ̃ ɪ ŋ 
/home/isaac/Projects/Thesis/data/timit/data/TRAIN/DR3/MMSM0/SX386.WAV,h# w ih tcl ch tcl ch er tcl ch dcl d ux dh ix s epi m ih s pau w er sh ix pcl p ih n h#, w ɪ t̚ tʃ t̚ tʃ ɝ t̚ tʃ d̚ d ʉ ð ɨ s  m ɪ s  w ɝ ʃ ɨ p̚ p ɪ n 
/home/isaac/Projects/Thesis/data/timit/data/TRAIN/DR3/MMSM0/SX116.WAV,h# k l ae s pcl dh ax s kcl k r ux q ix n y axr l eh f tcl t hh ae n dcl h#, k l æ s p̚ ð ə s k̚ k ɹ ʉ ʔ ɨ n j ɚ l ɛ f t̚ t h æ n d̚ 
/home/isaac/Projects/Thesis/data/timit/data/TRAIN/DR3/MMSM0/SX296.WAV,h# dh ax tcl t ux q aa r tcl t ih s tcl s ix kcl k s tcl ch ey n dcl jh dcl d q ao dx axr gcl g r ae f s h#, ð ə t̚ t ʉ ʔ ɑ ɹ t̚ t ɪ s t̚ s ɨ k̚ k s t̚ tʃ eɪ n d̚ dʒ d̚ d ʔ ɔ ɾ ɚ ɡ̚ ɡ ɹ æ f s 
/home/isaac/Projects/Thesis/data/timit/data/TRAIN/DR3/MADC0/SX197.WAV,h# d r ao iy tcl ch gcl g r ae f ax n ix n ux ae kcl s ix s h#, d ɹ ɔ i t̚ tʃ ɡ̚ ɡ ɹ æ f ə n ɨ n ʉ æ k̚ s ɨ s 
/home/isaac/Projects/Thesis/data/timit/data/TRAIN/DR3/MADC0/SI1997.WAV,h# l ay kcl ih z ih f q ih w axr bcl b ih l tcl q ax v bcl b uh kcl s h#, l aɪ k̚ ɪ z ɪ f ʔ ɪ w ɚ b̚ b ɪ l t̚ ʔ ə v b̚ b ʊ k̚ s 
/home/isaac/Projects/Thesis/data/timit/data/TRAIN/DR3/MADC0/SI1367.WAV,h# dh ih bcl b ae dx er iy m iy dx iy ix n gcl g r ey dx iy kcl k w ix v ax l ix n tcl pau w ix z y ux z dcl d ih n dcl d ae dx eh n ae l ax s ix s ix n ih s tcl t ah dx iy h#, ð ɪ b̚ b æ ɾ ɝ i m i ɾ i ɨ n ɡ̚ ɡ ɹ eɪ ɾ i k̚ k w ɨ v ə l ɨ n t̚  w ɨ z j ʉ z d̚ d ɪ n d̚ d æ ɾ ɛ n æ l ə s ɨ s ɨ n ɪ s t̚ t ʌ ɾ i 
/home/isaac/Projects/Thesis/data/timit/data/TRAIN/DR3/MADC0/SI737.WAV,h# hh ae v ey tcl t eh s tcl t r ah nx ao n dh ax f ae m l iy f er s tcl t pau t ux bcl b iy sh er tcl t ay m iy nx ih n s iy z n iy nx q aa r ay q h#, h æ v eɪ t̚ t ɛ s t̚ t ɹ ʌ ɾ̃ ɔ n ð ə f æ m l i f ɝ s t̚ t  t ʉ b̚ b i ʃ ɝ t̚ t aɪ m i ɾ̃ ɪ n s i z n i ɾ̃ ʔ ɑ ɹ aɪ ʔ 
/home/isaac/Projects/Thesis/data/timit/data/TRAIN/DR3/MADC0/SX107.WAV,h# b er th dcl dh ey pcl p aa r dx iy z hv ae v kcl k ah pcl k ey kcl k s ix nx ay s kcl k r iy m h#, b ɝ θ d̚ ð eɪ p̚ p ɑ ɹ ɾ i z ɦ æ v k̚ k ʌ p̚ k eɪ k̚ k s ɨ ɾ̃ aɪ s k̚ k ɹ i m 
/home/isaac/Projects/Thesis/data/timit/data/TRAIN/DR3/MADC0/SX287.WAV,h# q ix n dh ax l ao ng r ah n pau q ix pcl p ey z tcl t ix bcl b ay kcl k w aa l ix dx iy kcl k l ow dh iy ng h#, ʔ ɨ n ð ə l ɔ ŋ ɹ ʌ n  ʔ ɨ p̚ p eɪ z t̚ t ɨ b̚ b aɪ k̚ k w ɑ l ɨ ɾ i k̚ k l oʊ ð i ŋ 
/home/isaac/Projects/Thesis/data/timit/data/TRAIN/DR3/MADC0/SX377.WAV,h# sh iy ao ix z dcl jh y ow kcl k s ax-h bcl b aw tcl t ux m ah tcl ch gcl g aa r l ih kcl ih n hv ih z f ux dcl h#, ʃ i ɔ ɨ z d̚ dʒ j oʊ k̚ k s ə̥ b̚ b aʊ t̚ t ʉ m ʌ t̚ tʃ ɡ̚ ɡ ɑ ɹ l ɪ k̚ ɪ n ɦ ɪ z f ʉ d̚ 
/home/isaac/Projects/Thesis/data/timit/data/TRAIN/DR3/MADC0/SX17.WAV,h# k aa r l ih v s ih nx ah l ay v l ix hv ow m h#, k ɑ ɹ l ɪ v s ɪ ɾ̃ ʌ l aɪ v l ɨ ɦ oʊ m 
/home/isaac/Projects/Thesis/data/timit/data/TRAIN/DR3/FALK0/SI658.WAV,h# dh ix s tcl t r ey tcl l ay n w ix dcl s ih m b ax l ay z ix tcl s y ux n iy kcl n eh s pau dh ix s er kcl k el ax v dcl jh y ux nx ax v er s ae l ax tcl t iy h#, ð ɨ s t̚ t ɹ eɪ t̚ l aɪ n w ɨ d̚ s ɪ m b ə l aɪ z ɨ t̚ s j ʉ n i k̚ n ɛ s  ð ɨ s ɝ k̚ k l̩ ə v d̚ dʒ j ʉ ɾ̃ ə v ɝ s æ l ə t̚ t i 
/home/isaac/Projects/Thesis/data/timit/data/TRAIN/DR3/FALK0/SX186.WAV,h# w uh dcl d ih tcl t aa m bcl b oy q ao f tcl t ix n pcl p l ey aw tcl d ao er z h#, w ʊ d̚ d ɪ t̚ t ɑ m b̚ b ɔɪ ʔ ɔ f t̚ t ɨ n p̚ p l eɪ aʊ t̚ d ɔ ɝ z 
/home/isaac/Projects/Thesis/data/timit/data/TRAIN/DR3/FALK0/SX276.WAV,h# jh aa n z bcl b r ah dh er r iy pcl p ey nx ix dcl dh ix gcl g axr aa dcl jh dcl d ao er h#, dʒ ɑ n z b̚ b ɹ ʌ ð ɝ ɹ i p̚ p eɪ ɾ̃ ɨ d̚ ð ɨ ɡ̚ ɡ ɚ ɑ d̚ dʒ d̚ d ɔ ɝ 
/home/isaac/Projects/Thesis/data/timit/data/TRAIN/DR3/FALK0/SI456.WAV,h# t ux q ah dh er kcl k ey s ix z q ao l s ow w er q ah n dcl d er ix dcl v ay z m ix n tcl t h#, t ʉ ʔ ʌ ð ɝ k̚ k eɪ s ɨ z ʔ ɔ l s oʊ w ɝ ʔ ʌ n d̚ d ɝ ɨ d̚ v aɪ z m ɨ n t̚ t 
/home/isaac/Projects/Thesis/data/timit/data/TRAIN/DR3/FALK0/SX6.WAV,h# b r ay tcl s ah n sh ay n sh ih m er z ao n dh iy y ow sh en h#, b ɹ aɪ t̚ s ʌ n ʃ aɪ n ʃ ɪ m ɝ z ɔ n ð i j oʊ ʃ n̩ 
/home/isaac/Projects/Thesis/data/timit/data/TRAIN/DR3/FALK0/SX366.WAV,h# w ix y ux pcl p l iy z kcl k ix n f er m gcl g ah v ax m ix n tcl p aa l ax s iy r ix gcl g aa r dx iy ng w ey s tcl t r iy m uw v el h#, w ɨ j ʉ p̚ p l i z k̚ k ɨ n f ɝ m ɡ̚ ɡ ʌ v ə m ɨ n t̚ p ɑ l ə s i ɹ ɨ ɡ̚ ɡ ɑ ɹ ɾ i ŋ w eɪ s t̚ t ɹ i m u v l̩ 
/home/isaac/Projects/Thesis/data/timit/data/TRAIN/DR3/FALK0/SI1086.WAV,h# pau dh eh n dh ix kcl k ao r iy aa gcl g axr f er m ah s tcl t q aa r bcl b ix tcl t r ey tcl t h#,  ð ɛ n ð ɨ k̚ k ɔ ɹ i ɑ ɡ̚ ɡ ɚ f ɝ m ʌ s t̚ t ʔ ɑ ɹ b̚ b ɨ t̚ t ɹ eɪ t̚ t 
/home/isaac/Projects/Thesis/data/timit/data/TRAIN/DR3/FALK0/SX96.WAV,h# m ae s kcl k axr r ey dcl p aa r dx iy z tcl t ae kcl s epi w ah n z ix m ae dcl jh ix n ey sh ix n h#, m æ s k̚ k ɚ ɹ eɪ d̚ p ɑ ɹ ɾ i z t̚ t æ k̚ s  w ʌ n z ɨ m æ d̚ dʒ ɨ n eɪ ʃ ɨ n 
/home/isaac/Projects/Thesis/data/timit/data/TRAIN/DR3/MDBB1/SX16.WAV,h# ah r ow l ax v w ay er l ey n ih r dh ax w ao l h#, ʌ ɹ oʊ l ə v w aɪ ɝ l eɪ n ɪ ɹ ð ə w ɔ l 
/home/isaac/Projects/Thesis/data/timit/data/TRAIN/DR3/MDBB1/SI1636.WAV,h# dh ix s kcl k ow q l uh kcl k s l ay kcl k axr r ae gcl g hv iy pcl p h#, ð ɨ s k̚ k oʊ ʔ l ʊ k̚ k s l aɪ k̚ k ɚ ɹ æ ɡ̚ ɡ ɦ i p̚ p 
/home/isaac/Projects/Thesis/data/timit/data/TRAIN/DR3/MDBB1/SX286.WAV,h# ih n eh v r ix m ey dcl jh axr kcl k l ow v axr l iy f pau t r ae f ix kcl k s ah m tcl t ay m z gcl g ix tcl s bcl b ae kcl t ah pcl p h#, ɪ n ɛ v ɹ ɨ m eɪ d̚ dʒ ɚ k̚ k l oʊ v ɚ l i f  t ɹ æ f ɨ k̚ k s ʌ m t̚ t aɪ m z ɡ̚ ɡ ɨ t̚ s b̚ b æ k̚ t ʌ p̚ p 
/home/isaac/Projects/Thesis/data/timit/data/TRAIN/DR3/MDBB1/SX376.WAV,h# w ih m ax n m ey n eh v er bcl b iy kcl k ah m kcl k ax m pcl p l iy q l iy q iy kcl k w el tcl t ax m eh n h#, w ɪ m ə n m eɪ n ɛ v ɝ b̚ b i k̚ k ʌ m k̚ k ə m p̚ p l i ʔ l i ʔ i k̚ k w l̩ t̚ t ə m ɛ n 
/home/isaac/Projects/Thesis/data/timit/data/TRAIN/DR3/MDBB1/SI2056.WAV,h# q ao l dh eh tcl t ay m r ay f el v eh r ax l z axr pcl p oy nx ih n ah n w ey v axr ix ng l ih eh dx ih z hh eh dx ix n bcl b aa dx ix h#, ʔ ɔ l ð ɛ t̚ t aɪ m ɹ aɪ f l̩ v ɛ ɹ ə l z ɚ p̚ p ɔɪ ɾ̃ ɪ n ʌ n w eɪ v ɚ ɨ ŋ l ɪ ɛ ɾ ɪ z h ɛ ɾ ɨ n b̚ b ɑ ɾ ɨ 
/home/isaac/Projects/Thesis/data/timit/data/TRAIN/DR3/MDBB1/SX196.WAV,h# hh aa dx uw oy s tcl t axr z epi m ey kcl p er l epi s h#, h ɑ ɾ u ɔɪ s t̚ t ɚ z  m eɪ k̚ p ɝ l  s 
/home/isaac/Projects/Thesis/data/timit/data/TRAIN/DR3/MDBB1/SI1006.WAV,h# k w ih n tcl t s iy dcl g ah m ih z dh ax m ey nx ih n gcl g r ih dx ix ih n q ix n w ey v s eh dx iy n l ow sh en tcl t s h#, k w ɪ n t̚ t s i d̚ ɡ ʌ m ɪ z ð ə m eɪ ɾ̃ ɪ n ɡ̚ ɡ ɹ ɪ ɾ ɨ ɪ n ʔ ɨ n w eɪ v s ɛ ɾ i n l oʊ ʃ n̩ t̚ t s 
/home/isaac/Projects/Thesis/data/timit/data/TRAIN/DR3/MDBB1/SX106.WAV,h# q ah hv y ux dcl jh tcl t ae pcl p ax s tcl t r iy hv ah ng ix n hv axr hv ao l w ey h#, ʔ ʌ ɦ j ʉ d̚ dʒ t̚ t æ p̚ p ə s t̚ t ɹ i ɦ ʌ ŋ ɨ n ɦ ɚ ɦ ɔ l w eɪ 
/home/isaac/Projects/Thesis/data/timit/data/TRAIN/DR3/MCAL0/SI508.WAV,h# m aa l ah s kcl s aa r ax kcl k ey s en pcl p oy n tcl h#, m ɑ l ʌ s k̚ s ɑ ɹ ə k̚ k eɪ s n̩ p̚ p ɔɪ n t̚ 
/home/isaac/Projects/Thesis/data/timit/data/TRAIN/DR3/MCAL0/SI1138.WAV,h# dh ae tcl d aa kcl t r ix n hv ae z bcl ix n ix kcl s eh pcl t ix dcl b ay m eh nx ih pau b ah tcl hv ae z ix tcl p axr dx uw s tcl t gcl g uh dcl d r ix z uh l tcl s h#, ð æ t̚ d ɑ k̚ t ɹ ɨ n ɦ æ z b̚ ɨ n ɨ k̚ s ɛ p̚ t ɨ d̚ b aɪ m ɛ ɾ̃ ɪ  b ʌ t̚ ɦ æ z ɨ t̚ p ɚ ɾ u s t̚ t ɡ̚ ɡ ʊ d̚ d ɹ ɨ z ʊ l t̚ s 
/home/isaac/Projects/Thesis/data/timit/data/TRAIN/DR3/MCAL0/SI1768.WAV,h# dh ix kcl k l er kcl k s q ay z f l ih kcl k axr dcl d h#, ð ɨ k̚ k l ɝ k̚ k s ʔ aɪ z f l ɪ k̚ k ɚ d̚ d 
/home/isaac/Projects/Thesis/data/timit/data/TRAIN/DR3/MCAL0/SX328.WAV,h# g r eh gcl g er ih ix n tcl t aa m tcl ch ow z tcl t ax w aa tcl ch kcl k aa r tcl t uw n z en dh iy ae f tcl t er n uw n h#, ɡ ɹ ɛ ɡ̚ ɡ ɝ ɪ ɨ n t̚ t ɑ m t̚ tʃ oʊ z t̚ t ə w ɑ t̚ tʃ k̚ k ɑ ɹ t̚ t u n z n̩ ð i æ f t̚ t ɝ n u n 
/home/isaac/Projects/Thesis/data/timit/data/TRAIN/DR3/MCAL0/SX418.WAV,h# ay r ix s th ih ng kcl s dh ih s z uw hv ae z ax l eh v ax n s pcl p ae nx ih sh pau z iy bcl b r ax z h#, aɪ ɹ ɨ s θ ɪ ŋ k̚ s ð ɪ s z u ɦ æ z ə l ɛ v ə n s p̚ p æ ɾ̃ ɪ ʃ  z i b̚ b ɹ ə z 
/home/isaac/Projects/Thesis/data/timit/data/TRAIN/DR3/MCAL0/SX58.WAV,h# w iy ih kcl k s pcl p er iy ix n s dcl d ih s tcl t r eh s en f r ah s tcl t r ey sh ix n ax bcl t ey n iy n aa r dcl d ix gcl g r iy z h#, w i ɪ k̚ k s p̚ p ɝ i ɨ n s d̚ d ɪ s t̚ t ɹ ɛ s n̩ f ɹ ʌ s t̚ t ɹ eɪ ʃ ɨ n ə b̚ t eɪ n i n ɑ ɹ d̚ d ɨ ɡ̚ ɡ ɹ i z 
/home/isaac/Projects/Thesis/data/timit/data/TRAIN/DR3/MCAL0/SX148.WAV,h# m ow s tcl t pcl p r iy s ih ng tcl s hh ae dx ey th er dx ax v dh ax v ow tcl s kcl k aw n tcl t ix dcl h#, m oʊ s t̚ t p̚ p ɹ i s ɪ ŋ t̚ s h æ ɾ eɪ θ ɝ ɾ ə v ð ə v oʊ t̚ s k̚ k aʊ n t̚ t ɨ d̚ 
/home/isaac/Projects/Thesis/data/timit/data/TRAIN/DR3/MCAL0/SX238.WAV,h# ey dcl d aa kcl t axr w ax z ix n dh iy ae m bcl y ix l ax n s epi w ix th ax pcl p ey sh en tcl h#, eɪ d̚ d ɑ k̚ t ɚ w ə z ɨ n ð i æ m b̚ j ɨ l ə n s  w ɨ θ ə p̚ p eɪ ʃ n̩ t̚ 
/home/isaac/Projects/Thesis/data/timit/data/TRAIN/DR3/MDSS1/SI697.WAV,h# b ah q f r ax m dh ix s tcl t aa r tcl dh ey eh dcl t ux ax m pcl p ao r q en ix ng gcl g r iy dx iy ix n s en s eh axr dx iy ix n r ih l ih z ax m h#, b ʌ ʔ f ɹ ə m ð ɨ s t̚ t ɑ ɹ t̚ ð eɪ ɛ d̚ t ʉ ə m p̚ p ɔ ɹ ʔ n̩ ɨ ŋ ɡ̚ ɡ ɹ i ɾ i ɨ n s n̩ s ɛ ɚ ɾ i ɨ n ɹ ɪ l ɪ z ə m 
/home/isaac/Projects/Thesis/data/timit/data/TRAIN/DR3/MDSS1/SI1713.WAV,h# hh iy m ey tcl t r ay dx ix f ow n ah s h#, h i m eɪ t̚ t ɹ aɪ ɾ ɨ f oʊ n ʌ s 
/home/isaac/Projects/Thesis/data/timit/data/TRAIN/DR3/MDSS1/SX67.WAV,h# l ae s tcl jh ih axr z gcl g ae sh ao r dx ix jh kcl k ao s tcl t iy pcl p r ay s ix n kcl k r iy s ix z h#, l æ s t̚ dʒ ɪ ɚ z ɡ̚ ɡ æ ʃ ɔ ɹ ɾ ɨ dʒ k̚ k ɔ s t̚ t i p̚ p ɹ aɪ s ɨ n k̚ k ɹ i s ɨ z 
/home/isaac/Projects/Thesis/data/timit/data/TRAIN/DR3/MDSS1/SX157.WAV,h# r em ux v dh ix s pcl p l ih nx axr w ix dh ax pcl p eh axr v tcl t w iy z axr z h#, ɹ m̩ ʉ v ð ɨ s p̚ p l ɪ ɾ̃ ɚ w ɨ ð ə p̚ p ɛ ɚ v t̚ t w i z ɚ z 
/home/isaac/Projects/Thesis/data/timit/data/TRAIN/DR3/MDSS1/SX427.WAV,h# eh v r iy kcl k ae bcl n iy dcl d zh r iy pcl p ey nx ih ng ao f ax n h#, ɛ v ɹ i k̚ k æ b̚ n i d̚ d ʒ ɹ i p̚ p eɪ ɾ̃ ɪ ŋ ɔ f ə n 
/home/isaac/Projects/Thesis/data/timit/data/TRAIN/DR3/MDSS1/SI1327.WAV,h# s ah m tcl t ay m z ao l dh ow bcl b ay n ow m iy n z ao l w ix z iy z er ix n dcl d iy dx ae l kcl k ax l ay n h#, s ʌ m t̚ t aɪ m z ɔ l ð oʊ b̚ b aɪ n oʊ m i n z ɔ l w ɨ z i z ɝ ɨ n d̚ d i ɾ æ l k̚ k ə l aɪ n 
/home/isaac/Projects/Thesis/data/timit/data/TRAIN/DR3/MDSS1/SX247.WAV,h# dh ix s ih gcl axr eh tcl s ix n ix kcl k l ey ae sh tcl t r ey ow v axr f l ow dx ao n dcl d ix dh iy ow kcl t ey bcl el h#, ð ɨ s ɪ ɡ̚ ɚ ɛ t̚ s ɨ n ɨ k̚ k l eɪ æ ʃ t̚ t ɹ eɪ oʊ v ɚ f l oʊ ɾ ɔ n d̚ d ɨ ð i oʊ k̚ t eɪ b̚ l̩ 
/home/isaac/Projects/Thesis/data/timit/data/TRAIN/DR3/MDSS1/SX337.WAV,h# b aa bcl b ae n d ix dcl jh bcl b ow th epi w ux n z w dh ix s kcl k ih l v ax dcl d aa kcl t axr h#, b ɑ b̚ b æ n d ɨ d̚ dʒ b̚ b oʊ θ  w ʉ n z w ð ɨ s k̚ k ɪ l v ə d̚ d ɑ k̚ t ɚ 
/home/isaac/Projects/Thesis/data/timit/data/TRAIN/DR3/FNTB0/SI573.WAV,h# t iy tcl ch ix ng g ay dcl z er eng kcl k l ux dx ix dcl w ih th q iy tcl ch epi r eh kcl k axr dcl d h#, t i t̚ tʃ ɨ ŋ ɡ aɪ d̚ z ɝ ŋ̍ k̚ k l ʉ ɾ ɨ d̚ w ɪ θ ʔ i t̚ tʃ  ɹ ɛ k̚ k ɚ d̚ d 
/home/isaac/Projects/Thesis/data/timit/data/TRAIN/DR3/FNTB0/SX33.WAV,h# k ow kcl k ix n ah tcl k r iy m pcl p ay m ey kcl k s ax n ay s dcl d ix z er tcl t h#, k oʊ k̚ k ɨ n ʌ t̚ k ɹ i m p̚ p aɪ m eɪ k̚ k s ə n aɪ s d̚ d ɨ z ɝ t̚ t 
/home/isaac/Projects/Thesis/data/timit/data/TRAIN/DR3/FNTB0/SX393.WAV,h# sh iy y ux z ix z bcl b ow th n ey m z q ih n tcl t axr tcl ch ey n dcl jh ix bcl b l ix h#, ʃ i j ʉ z ɨ z b̚ b oʊ θ n eɪ m z ʔ ɪ n t̚ t ɚ t̚ tʃ eɪ n d̚ dʒ ɨ b̚ b l ɨ 
/home/isaac/Projects/Thesis/data/timit/data/TRAIN/DR3/FNTB0/SX123.WAV,h# ax s kcl k r ux dcl d r aa v axr ix z epi m ey dcl d f r em v aa dcl k ah q ix n q ao r n tcl ch dcl jh ux s h#, ə s k̚ k ɹ ʉ d̚ d ɹ ɑ v ɚ ɨ z  m eɪ d̚ d f ɹ m̩ v ɑ d̚ k ʌ ʔ ɨ n ʔ ɔ ɹ n t̚ tʃ d̚ dʒ ʉ s 
/home/isaac/Projects/Thesis/data/timit/data/TRAIN/DR3/FNTB0/SI679.WAV,h# hh iy ih z epi n aa tcl t ao kcl k ix ng ih n dh ax m ey n q ax bcl b aw pcl p r aa bcl b ax bcl b ih l ix dx iy z pau r ih s kcl k s q ih n dcl d ey n dcl jh axr q ix n dcl jh eh n axr el h#, h i ɪ z  n ɑ t̚ t ɔ k̚ k ɨ ŋ ɪ n ð ə m eɪ n ʔ ə b̚ b aʊ p̚ p ɹ ɑ b̚ b ə b̚ b ɪ l ɨ ɾ i z  ɹ ɪ s k̚ k s ʔ ɪ n d̚ d eɪ n d̚ dʒ ɚ ʔ ɨ n d̚ dʒ ɛ n ɚ l̩ 
/home/isaac/Projects/Thesis/data/timit/data/TRAIN/DR3/FNTB0/SX213.WAV,h# dh ix n ux z ey dcl jh ix n s iy hv ay axr dcl d axr gcl g r ey tcl jh er nx ax l ix s tcl t h#, ð ɨ n ʉ z eɪ d̚ dʒ ɨ n s i ɦ aɪ ɚ d̚ d ɚ ɡ̚ ɡ ɹ eɪ t̚ dʒ ɝ ɾ̃ ə l ɨ s t̚ t 
/home/isaac/Projects/Thesis/data/timit/data/TRAIN/DR3/FNTB0/SI1203.WAV,h# en s tcl t eh dx ah v dh ae tcl hh iy w ix z ix ng gcl g ah l f tcl t bcl b ay bcl b eh dcl d l ax m h#, n̩ s t̚ t ɛ ɾ ʌ v ð æ t̚ h i w ɨ z ɨ ŋ ɡ̚ ɡ ʌ l f t̚ t b̚ b aɪ b̚ b ɛ d̚ d l ə m 
/home/isaac/Projects/Thesis/data/timit/data/TRAIN/DR3/FNTB0/SX303.WAV,h# dh ax bcl b l ux dcl jh ey f l uw ow v axr dh ax hh ay bcl b ih l dcl d ix ng h#, ð ə b̚ b l ʉ d̚ dʒ eɪ f l u oʊ v ɚ ð ə h aɪ b̚ b ɪ l d̚ d ɨ ŋ 
/home/isaac/Projects/Thesis/data/timit/data/TRAIN/DR3/MCDC0/SX392.WAV,h# q ey y ah ng m aw s kcl k ae m pcl p axr dx ih kcl k r ao s dh ax f iy l dcl d eh n dcl d ih s ax pcl p ih axr dcl d h#, ʔ eɪ j ʌ ŋ m aʊ s k̚ k æ m p̚ p ɚ ɾ ɪ k̚ k ɹ ɔ s ð ə f i l d̚ d ɛ n d̚ d ɪ s ə p̚ p ɪ ɚ d̚ d 
/home/isaac/Projects/Thesis/data/timit/data/TRAIN/DR3/MCDC0/SX212.WAV,h# ay gcl g ey v dh eh m s eh v r ah tcl ch oy s ih z ax n l eh tcl dh eh m s eh tcl dh ax pcl p r ay ao axr dx iy z h#, aɪ ɡ̚ ɡ eɪ v ð ɛ m s ɛ v ɹ ʌ t̚ tʃ ɔɪ s ɪ z ə n l ɛ t̚ ð ɛ m s ɛ t̚ ð ə p̚ p ɹ aɪ ɔ ɚ ɾ i z 
/home/isaac/Projects/Thesis/data/timit/data/TRAIN/DR3/MCDC0/SI1922.WAV,h# ao r m ey bcl b iy ux dcl jh ih s tcl d ow n q f iy l ay kcl k ix s ix gcl g aa r h#, ɔ ɹ m eɪ b̚ b i ʉ d̚ dʒ ɪ s t̚ d oʊ n ʔ f i l aɪ k̚ k ɨ s ɨ ɡ̚ ɡ ɑ ɹ 
/home/isaac/Projects/Thesis/data/timit/data/TRAIN/DR3/MCDC0/SI1292.WAV,h# q aa r q ey m ah s tcl b iy tcl t ix l er n ix z epi m ah tcl ch ix z w iy tcl t iy tcl ch h#, ʔ ɑ ɹ ʔ eɪ m ʌ s t̚ b i t̚ t ɨ l ɝ n ɨ z  m ʌ t̚ tʃ ɨ z w i t̚ t i t̚ tʃ 
/home/isaac/Projects/Thesis/data/timit/data/TRAIN/DR3/MCDC0/SX302.WAV,h# t ow f uw ix z m ey dcl f r ax m pcl p r aa s eh s oy bcl b iy n z h#, t oʊ f u ɨ z m eɪ d̚ f ɹ ə m p̚ p ɹ ɑ s ɛ s ɔɪ b̚ b i n z 
/home/isaac/Projects/Thesis/data/timit/data/TRAIN/DR3/MCDC0/SX32.WAV,h# ih tcl t s f ah n tcl t ux r ow s tcl m aa r sh epi m eh l ah z ao n ix gcl g ae s bcl b er n axr h#, ɪ t̚ t s f ʌ n t̚ t ʉ ɹ oʊ s t̚ m ɑ ɹ ʃ  m ɛ l ʌ z ɔ n ɨ ɡ̚ ɡ æ s b̚ b ɝ n ɚ 
/home/isaac/Projects/Thesis/data/timit/data/TRAIN/DR3/MCDC0/SI662.WAV,h# s ah tcl ch ih kcl k aa m ix nx ax sh er ix ng pcl p iy s kcl k ix n bcl b iy y ao r z h#, s ʌ t̚ tʃ ɪ k̚ k ɑ m ɨ ɾ̃ ə ʃ ɝ ɨ ŋ p̚ p i s k̚ k ɨ n b̚ b i j ɔ ɹ z 
/home/isaac/Projects/Thesis/data/timit/data/TRAIN/DR3/MCDC0/SX122.WAV,h# ix n s ay kcl k l ax pcl p iy dx iy ix s eh l dx ax m pcl p r ix z eh n tcl q ae nx ax dcl d ow dx el q eh v ax dx ix n tcl s h#, ɨ n s aɪ k̚ k l ə p̚ p i ɾ i ɨ s ɛ l ɾ ə m p̚ p ɹ ɨ z ɛ n t̚ ʔ æ ɾ̃ ə d̚ d oʊ ɾ l̩ ʔ ɛ v ə ɾ ɨ n t̚ s 
/home/isaac/Projects/Thesis/data/timit/data/TRAIN/DR3/MSFV0/SX452.WAV,h# ix n dcl d ax v eh l ax pcl p ix ng f ih l m pau m eh n iy tcl t aa kcl k s ix kcl k eh m ax kcl k el z axr y ux z dcl d h#, ɨ n d̚ d ə v ɛ l ə p̚ p ɨ ŋ f ɪ l m  m ɛ n i t̚ t ɑ k̚ k s ɨ k̚ k ɛ m ə k̚ k l̩ z ɚ j ʉ z d̚ d 
/home/isaac/Projects/Thesis/data/timit/data/TRAIN/DR3/MSFV0/SX92.WAV,h# q ax l aa r dcl jh hh aw s hh ao l dcl n iy dcl z l aa tcl s ax v ax pcl p l ay ix n s ax-h z h#, ʔ ə l ɑ ɹ d̚ dʒ h aʊ s h ɔ l d̚ n i d̚ z l ɑ t̚ s ə v ə p̚ p l aɪ ɨ n s ə̥ z 
/home/isaac/Projects/Thesis/data/timit/data/TRAIN/DR3/MSFV0/SX182.WAV,h# th ih kcl g l uw q uw z dcl d q aw dx ax v dh ax tcl t ux bcl b h#, θ ɪ k̚ ɡ l u ʔ u z d̚ d ʔ aʊ ɾ ə v ð ə t̚ t ʉ b̚ b 
/home/isaac/Projects/Thesis/data/timit/data/TRAIN/DR3/MSFV0/SI1892.WAV,h# y ux kcl k uh dcl b er n dcl d aw n dh ax s hh ow l m aw n tcl en s ay dcl w ax dh ax f ay axr dh ae tcl t s ay z h#, j ʉ k̚ k ʊ d̚ b ɝ n d̚ d aʊ n ð ə s h oʊ l m aʊ n t̚ n̩ s aɪ d̚ w ə ð ə f aɪ ɚ ð æ t̚ t s aɪ z 
/home/isaac/Projects/Thesis/data/timit/data/TRAIN/DR3/MSFV0/SI1262.WAV,h# t eh n q ah dh axr z epi m ey dcl n ow r axr pcl p l ay h#, t ɛ n ʔ ʌ ð ɚ z  m eɪ d̚ n oʊ ɹ ɚ p̚ p l aɪ 
/home/isaac/Projects/Thesis/data/timit/data/TRAIN/DR3/MSFV0/SI632.WAV,h# dh iy q ao r kcl k ix s tcl t r ah w ah z q aa bcl v iy ix s epi l iy q ao n ix tcl t s epi m eh dx el pau q ix nx ix q p l ey dcl m ow s tcl t r ax s pcl p aa n s ax v l iy h#, ð i ʔ ɔ ɹ k̚ k ɨ s t̚ t ɹ ʌ w ʌ z ʔ ɑ b̚ v i ɨ s  l i ʔ ɔ n ɨ t̚ t s  m ɛ ɾ l̩  ʔ ɨ ɾ̃ ɨ ʔ p l eɪ d̚ m oʊ s t̚ t ɹ ə s p̚ p ɑ n s ə v l i 
/home/isaac/Projects/Thesis/data/timit/data/TRAIN/DR3/MSFV0/SX362.WAV,h# dh iy ih n oy ix ng r ae kcl k ux n s epi l ih pcl t ih n dcl d ax f ih l z gcl g aa r dcl en q eh v r ix n ay tcl h#, ð i ɪ n ɔɪ ɨ ŋ ɹ æ k̚ k ʉ n s  l ɪ p̚ t ɪ n d̚ d ə f ɪ l z ɡ̚ ɡ ɑ ɹ d̚ n̩ ʔ ɛ v ɹ ɨ n aɪ t̚ 
/home/isaac/Projects/Thesis/data/timit/data/TRAIN/DR3/MSFV0/SX272.WAV,h# q ax l aw q iy tcl ch tcl ch ay l dcl t ax hv ae v ax n ay s pcl p aa pcl p h#, ʔ ə l aʊ ʔ i t̚ tʃ t̚ tʃ aɪ l d̚ t ə ɦ æ v ə n aɪ s p̚ p ɑ p̚ p 
/home/isaac/Projects/Thesis/data/timit/data/TRAIN/DR3/MRWA0/SX253.WAV,h# b ay q iy dx iy ng y ow gcl er q y ix m ey l ih v l ao ng gcl g axr h#, b aɪ ʔ i ɾ i ŋ j oʊ ɡ̚ ɝ ʔ j ɨ m eɪ l ɪ v l ɔ ŋ ɡ̚ ɡ ɚ 
/home/isaac/Projects/Thesis/data/timit/data/TRAIN/DR3/MRWA0/SX73.WAV,h# k l ih f s dcl d ih s pcl p l ey w ix z m ix s pcl p l ey s tcl t ao n ax s kcl k r iy n h#, k l ɪ f s d̚ d ɪ s p̚ p l eɪ w ɨ z m ɨ s p̚ p l eɪ s t̚ t ɔ n ə s k̚ k ɹ i n 
/home/isaac/Projects/Thesis/data/timit/data/TRAIN/DR3/MRWA0/SX343.WAV,h# dh ix f r ay q en tcl ch ay l dcl d w ix z dcl jh eh n q l ix s ix bcl d ux dcl b ay hv ix z bcl b ih gcl b r ah dh axr h#, ð ɨ f ɹ aɪ ʔ n̩ t̚ tʃ aɪ l d̚ d w ɨ z d̚ dʒ ɛ n ʔ l ɨ s ɨ b̚ d ʉ d̚ b aɪ ɦ ɨ z b̚ b ɪ ɡ̚ b ɹ ʌ ð ɚ 
/home/isaac/Projects/Thesis/data/timit/data/TRAIN/DR3/MRWA0/SI973.WAV,h# dh eh n kcl k ey m kcl k ow kcl k ix n ah tcl t s q eh gcl g z pau q eh n r ay s pau w ay n h#, ð ɛ n k̚ k eɪ m k̚ k oʊ k̚ k ɨ n ʌ t̚ t s ʔ ɛ ɡ̚ ɡ z  ʔ ɛ n ɹ aɪ s  w aɪ n 
/home/isaac/Projects/Thesis/data/timit/data/TRAIN/DR3/MRWA0/SX163.WAV,h# dh ey r ix m ey n dcl d ax l ay f l ao ng f r eh n dcl z ix n kcl k em pcl p ae n y ix n epi s h#, ð eɪ ɹ ɨ m eɪ n d̚ d ə l aɪ f l ɔ ŋ f ɹ ɛ n d̚ z ɨ n k̚ k m̩ p̚ p æ n j ɨ n  s 
/home/isaac/Projects/Thesis/data/timit/data/TRAIN/DR3/MRWA0/SX433.WAV,h# dh iy uh v axr w ey q ch aa r m axr kcl k ix dcl d s l ih pcl p oy z en ih n tcl t ux q eh n iy w ax n z tcl t iy h#, ð i ʊ v ɚ w eɪ ʔ tʃ ɑ ɹ m ɚ k̚ k ɨ d̚ d s l ɪ p̚ p ɔɪ z n̩ ɪ n t̚ t ʉ ʔ ɛ n i w ə n z t̚ t i 
/home/isaac/Projects/Thesis/data/timit/data/TRAIN/DR3/MRWA0/SI2233.WAV,h# w ay dh eh hv eh l dcl d ih dcl en tcl ch ux kcl k ah m aw q w ix n y ux s ao dh ix m gcl g ae ng ah pcl p ao n m iy h#, w aɪ ð ɛ ɦ ɛ l d̚ d ɪ d̚ n̩ t̚ tʃ ʉ k̚ k ʌ m aʊ ʔ w ɨ n j ʉ s ɔ ð ɨ m ɡ̚ ɡ æ ŋ ʌ p̚ p ɔ n m i 
/home/isaac/Projects/Thesis/data/timit/data/TRAIN/DR3/MRWA0/SI1603.WAV,h# q ix n tcl t eh l ax dcl jh ix n s dcl jh ae bcl d ih tcl t hh ih m ix kcl k y ux z ix ng l iy h#, ʔ ɨ n t̚ t ɛ l ə d̚ dʒ ɨ n s d̚ dʒ æ b̚ d ɪ t̚ t h ɪ m ɨ k̚ k j ʉ z ɨ ŋ l i 
/home/isaac/Projects/Thesis/data/timit/data/TRAIN/DR3/MMEB0/SX97.WAV,h# p eh ng w ih n z l ih v n ih er dh ah q ay s iy ae n aa r dx ix kcl k h#, p ɛ ŋ w ɪ n z l ɪ v n ɪ ɝ ð ʌ ʔ aɪ s i æ n ɑ ɹ ɾ ɨ k̚ k 
/home/isaac/Projects/Thesis/data/timit/data/TRAIN/DR3/MMEB0/SX7.WAV,h# n ah th iy ng ih z ae z ah f eh n s ix v ae z ih n ix s en s h#, n ʌ θ i ŋ ɪ z æ z ʌ f ɛ n s ɨ v æ z ɪ n ɨ s n̩ s 
/home/isaac/Projects/Thesis/data/timit/data/TRAIN/DR3/MMEB0/SI1357.WAV,h# dh ax pcl p aa pcl p ix l ey sh ix n kcl k ix n dh eh r bcl b ay r uw pcl p l eh n ix sh ix s eh l f ix n ae kcl sh ux gcl r ow l aa r dcl jh axr h#, ð ə p̚ p ɑ p̚ p ɨ l eɪ ʃ ɨ n k̚ k ɨ n ð ɛ ɹ b̚ b aɪ ɹ u p̚ p l ɛ n ɨ ʃ ɨ s ɛ l f ɨ n æ k̚ ʃ ʉ ɡ̚ ɹ oʊ l ɑ ɹ d̚ dʒ ɚ 
/home/isaac/Projects/Thesis/data/timit/data/TRAIN/DR3/MMEB0/SI1987.WAV,h# q eh nx iy w ey ih w ax z eh v ix dx eh n q w ax dx hv iy hv ae dx ix m ay n h#, ʔ ɛ ɾ̃ i w eɪ ɪ w ə z ɛ v ɨ ɾ ɛ n ʔ w ə ɾ ɦ i ɦ æ ɾ ɨ m aɪ n 
/home/isaac/Projects/Thesis/data/timit/data/TRAIN/DR3/MMEB0/SX187.WAV,h# dh ey ao f tcl t en gcl g ow aw tcl en iy iy v n iy n h#, ð eɪ ɔ f t̚ t n̩ ɡ̚ ɡ oʊ aʊ t̚ n̩ i i v n i n 
/home/isaac/Projects/Thesis/data/timit/data/TRAIN/DR3/MMEB0/SX367.WAV,h# dh ax s er pcl p l ah sh ux z uh s ow l dx eh dx ix dcl d ih s kcl k aw n tcl p r ay s h#, ð ə s ɝ p̚ p l ʌ ʃ ʉ z ʊ s oʊ l ɾ ɛ ɾ ɨ d̚ d ɪ s k̚ k aʊ n t̚ p ɹ aɪ s 
/home/isaac/Projects/Thesis/data/timit/data/TRAIN/DR3/MMEB0/SI727.WAV,h# dh eh n s ih m er f ih f tcl t iy m ix nx ix s l ao ng gcl g axr h#, ð ɛ n s ɪ m ɝ f ɪ f t̚ t i m ɨ ɾ̃ ɨ s l ɔ ŋ ɡ̚ ɡ ɚ 
/home/isaac/Projects/Thesis/data/timit/data/TRAIN/DR3/MMEB0/SX327.WAV,h# q aw w iy s iy v dcl d ix dcl jh oy n q ax pcl p oy n q m ix n ix n iy bcl b ay aa l ax dcl jh iy q eh n dh iy eh n dcl jh ix n er ix ng dcl d ix pcl p aa r q m ix n tcl s h#, ʔ aʊ w i s i v d̚ d ɨ d̚ dʒ ɔɪ n ʔ ə p̚ p ɔɪ n ʔ m ɨ n ɨ n i b̚ b aɪ ɑ l ə d̚ dʒ i ʔ ɛ n ð i ɛ n d̚ dʒ ɨ n ɝ ɨ ŋ d̚ d ɨ p̚ p ɑ ɹ ʔ m ɨ n t̚ s 
/home/isaac/Projects/Thesis/data/timit/data/TRAIN/DR3/MKXL0/SX105.WAV,h# y ix m ah s tcl t ax kcl k s pcl p l ih s ix q l iy dcl d ax l iy tcl f ay l z h#, j ɨ m ʌ s t̚ t ə k̚ k s p̚ p l ɪ s ɨ ʔ l i d̚ d ə l i t̚ f aɪ l z 
/home/isaac/Projects/Thesis/data/timit/data/TRAIN/DR3/MKXL0/SX285.WAV,h# r ih tcl ch pcl p er tcl ch ix s eh v r el s ay n dcl l ih th ow gcl g r ae f s h#, ɹ ɪ t̚ tʃ p̚ p ɝ t̚ tʃ ɨ s ɛ v ɹ l̩ s aɪ n d̚ l ɪ θ oʊ ɡ̚ ɡ ɹ æ f s 
/home/isaac/Projects/Thesis/data/timit/data/TRAIN/DR3/MKXL0/SX375.WAV,h# g r ow ix ng w eh l kcl k eh pcl p gcl g aa r dcl en z ix z v er iy tcl t ay m kcl k en s ux m ix ng h#, ɡ ɹ oʊ ɨ ŋ w ɛ l k̚ k ɛ p̚ p ɡ̚ ɡ ɑ ɹ d̚ n̩ z ɨ z v ɝ i t̚ t aɪ m k̚ k n̩ s ʉ m ɨ ŋ 
/home/isaac/Projects/Thesis/data/timit/data/TRAIN/DR3/MKXL0/SI1958.WAV,h# hh ih z f er s gcl g l ih m pcl p s ax v dh ax r ae n tcl ch hh aw s ax kcl k r ao s dh ax bcl b r ah sh iy s w eh l z tcl t ow l dcl d ix m n ah th ix ng h#, h ɪ z f ɝ s ɡ̚ ɡ l ɪ m p̚ p s ə v ð ə ɹ æ n t̚ tʃ h aʊ s ə k̚ k ɹ ɔ s ð ə b̚ b ɹ ʌ ʃ i s w ɛ l z t̚ t oʊ l d̚ d ɨ m n ʌ θ ɨ ŋ 
/home/isaac/Projects/Thesis/data/timit/data/TRAIN/DR3/MKXL0/SI1815.WAV,h# m ay kcl k w ah z ax v l iy gcl g ax l ey dcl jh ae n pcl p r iy z ux m dcl d ey bcl b el tcl t ix dcl d ix f eh n ih m s eh l f ix n dh ax kcl k l ih n tcl ch ix z h#, m aɪ k̚ k w ʌ z ə v l i ɡ̚ ɡ ə l eɪ d̚ dʒ æ n p̚ p ɹ i z ʉ m d̚ d eɪ b̚ b l̩ t̚ t ɨ d̚ d ɨ f ɛ n ɪ m s ɛ l f ɨ n ð ə k̚ k l ɪ n t̚ tʃ ɨ z 
/home/isaac/Projects/Thesis/data/timit/data/TRAIN/DR3/MKXL0/SX15.WAV,h# dh ax m y ux z iy ax m hh ay axr z m y ux z ih sh en z eh v r iy q iy v n ix ng h#, ð ə m j ʉ z i ə m h aɪ ɚ z m j ʉ z ɪ ʃ n̩ z ɛ v ɹ i ʔ i v n ɨ ŋ 
/home/isaac/Projects/Thesis/data/timit/data/TRAIN/DR3/MKXL0/SX195.WAV,h# w uh dcl d y uw ax l aw ae kcl k s ax v ay l ix n tcl s h#, w ʊ d̚ d j u ə l aʊ æ k̚ k s ə v aɪ l ɨ n t̚ s 
/home/isaac/Projects/Thesis/data/timit/data/TRAIN/DR3/MKXL0/SI1185.WAV,h# hh ih z tcl t eh kcl k n iy kcl k ix z dcl jh eh n y uh ix n l iy m ae s tcl t axr f el h#, h ɪ z t̚ t ɛ k̚ k n i k̚ k ɨ z d̚ dʒ ɛ n j ʊ ɨ n l i m æ s t̚ t ɚ f l̩ 
/home/isaac/Projects/Thesis/data/timit/data/TRAIN/DR3/MCEF0/SX235.WAV,h# q ay q ay dx ix m ay z q aa l ix kcl k aw n tcl s q ix n m ay ey dcl jh ix n tcl t s iy h#, ʔ aɪ ʔ aɪ ɾ ɨ m aɪ z ʔ ɑ l ɨ k̚ k aʊ n t̚ s ʔ ɨ n m aɪ eɪ d̚ dʒ ɨ n t̚ t s i 
/home/isaac/Projects/Thesis/data/timit/data/TRAIN/DR3/MCEF0/SX325.WAV,h# dh ax f el m uw n tcl t sh ow n bcl b r ay q l iy dh ae tcl n ay tcl h#, ð ə f l̩ m u n t̚ t ʃ oʊ n b̚ b ɹ aɪ ʔ l i ð æ t̚ n aɪ t̚ 
/home/isaac/Projects/Thesis/data/timit/data/TRAIN/DR3/MCEF0/SX415.WAV,h# m uw v dh ix gcl g aa r bcl b ix dcl jh epi n ih r axr tcl t ux dh ax l aa r dcl jh w ix n dcl d ow h#, m u v ð ɨ ɡ̚ ɡ ɑ ɹ b̚ b ɨ d̚ dʒ  n ɪ ɹ ɚ t̚ t ʉ ð ə l ɑ ɹ d̚ dʒ w ɨ n d̚ d oʊ 
/home/isaac/Projects/Thesis/data/timit/data/TRAIN/DR3/MCEF0/SI1765.WAV,h# n ow ah dh er v ih z ih dx er q ix n kcl k w aa axr dcl f axr hh er dh ae tcl t iy v n ix ng h#, n oʊ ʌ ð ɝ v ɪ z ɪ ɾ ɝ ʔ ɨ n k̚ k w ɑ ɚ d̚ f ɚ h ɝ ð æ t̚ t i v n ɨ ŋ 
/home/isaac/Projects/Thesis/data/timit/data/TRAIN/DR3/MCEF0/SX55.WAV,h# dh ax l ae kcl k ah v hh iy tcl k aa m pcl p aw n ax dcl dh ix tcl t eh n ix n tcl s gcl g r iy v ax n tcl s ix z h#, ð ə l æ k̚ k ʌ v h i t̚ k ɑ m p̚ p aʊ n ə d̚ ð ɨ t̚ t ɛ n ɨ n t̚ s ɡ̚ ɡ ɹ i v ə n t̚ s ɨ z 
/home/isaac/Projects/Thesis/data/timit/data/TRAIN/DR3/MCEF0/SI842.WAV,h# q aa r pcl p l ae n ih ng ix n s tcl t r ae dx ih dcl jh iy dcl d ix v eh l ax q m ix n tcl q eh m f ax s ay s ix f ih sh ax n q l iy ix n y axr kcl k ah m pcl p ax nx iy h#, ʔ ɑ ɹ p̚ p l æ n ɪ ŋ ɨ n s t̚ t ɹ æ ɾ ɪ d̚ dʒ i d̚ d ɨ v ɛ l ə ʔ m ɨ n t̚ ʔ ɛ m f ə s aɪ s ɨ f ɪ ʃ ə n ʔ l i ɨ n j ɚ k̚ k ʌ m p̚ p ə ɾ̃ i 
/home/isaac/Projects/Thesis/data/timit/data/TRAIN/DR3/MCEF0/SX145.WAV,h# t ux m ah tcl ch kcl k y er iy aa s ix dx iy kcl k ix ng gcl g eh tcl ch y uw ix n tcl t ix tcl t r ah bcl b el h#, t ʉ m ʌ t̚ tʃ k̚ k j ɝ i ɑ s ɨ ɾ i k̚ k ɨ ŋ ɡ̚ ɡ ɛ t̚ tʃ j u ɨ n t̚ t ɨ t̚ t ɹ ʌ b̚ b l̩ 
/home/isaac/Projects/Thesis/data/timit/data/TRAIN/DR3/MCEF0/SI1135.WAV,h# hh ae v w iy n aa tcl q ae kcl sh epi l iy dcl d ix v eh l ax pcl t q ay dcl d iy ix w er sh ix pcl h#, h æ v w i n ɑ t̚ ʔ æ k̚ ʃ  l i d̚ d ɨ v ɛ l ə p̚ t ʔ aɪ d̚ d i ɨ w ɝ ʃ ɨ p̚ 
/home/isaac/Projects/Thesis/data/timit/data/TRAIN/DR3/MCDD0/SI1513.WAV,h# hh iy tcl ch ah kcl k el dcl d pau dh ax m eh m axr iy v ih v ix dcl d h#, h i t̚ tʃ ʌ k̚ k l̩ d̚ d  ð ə m ɛ m ɚ i v ɪ v ɨ d̚ d 
/home/isaac/Projects/Thesis/data/timit/data/TRAIN/DR3/MCDD0/SX253.WAV,h# b ay q iy dx ix ng y ow gcl g er tcl t pau y ux m ey l ih v l ao ng gcl g axr h#, b aɪ ʔ i ɾ ɨ ŋ j oʊ ɡ̚ ɡ ɝ t̚ t  j ʉ m eɪ l ɪ v l ɔ ŋ ɡ̚ ɡ ɚ 
/home/isaac/Projects/Thesis/data/timit/data/TRAIN/DR3/MCDD0/SX73.WAV,h# k l ih f s dcl d ix s pcl p l ey w ax z epi m ih s pcl p l ey s tcl t ao n ax s kcl k r iy n h#, k l ɪ f s d̚ d ɨ s p̚ p l eɪ w ə z  m ɪ s p̚ p l eɪ s t̚ t ɔ n ə s k̚ k ɹ i n 
/home/isaac/Projects/Thesis/data/timit/data/TRAIN/DR3/MCDD0/SX343.WAV,h# dh ax f r ay tcl en dcl ch aa ax l dcl w ax z dcl jh eh n tcl l ix s ax bcl d ux dcl d bcl b ay hv ix z bcl b ih gcl b r ah dh axr h#, ð ə f ɹ aɪ t̚ n̩ d̚ tʃ ɑ ə l d̚ w ə z d̚ dʒ ɛ n t̚ l ɨ s ə b̚ d ʉ d̚ d b̚ b aɪ ɦ ɨ z b̚ b ɪ ɡ̚ b ɹ ʌ ð ɚ 
/home/isaac/Projects/Thesis/data/timit/data/TRAIN/DR3/MCDD0/SI2143.WAV,h# hh w ay pcl p uh tcl s ax tcl ch ax hh ay v ae y uw ao n bcl b iy ng tcl t aa pcl d ao gcl h#, h w aɪ p̚ p ʊ t̚ s ə t̚ tʃ ə h aɪ v æ j u ɔ n b̚ b i ŋ t̚ t ɑ p̚ d ɔ ɡ̚ 
/home/isaac/Projects/Thesis/data/timit/data/TRAIN/DR3/MCDD0/SX163.WAV,h# dh eh r ih m ey n dcl d ax l ay f l ao ng f r eh n z ix n kcl k ax m pcl p ae n y ix n z h#, ð ɛ ɹ ɪ m eɪ n d̚ d ə l aɪ f l ɔ ŋ f ɹ ɛ n z ɨ n k̚ k ə m p̚ p æ n j ɨ n z 
/home/isaac/Projects/Thesis/data/timit/data/TRAIN/DR3/MCDD0/SX433.WAV,h# dh iy ow v axr w ey tcl ch aa r m axr kcl k ux dcl s l ih pcl p oy z ix n ix n tcl t ix q eh nx iy w ah n z tcl t iy h#, ð i oʊ v ɚ w eɪ t̚ tʃ ɑ ɹ m ɚ k̚ k ʉ d̚ s l ɪ p̚ p ɔɪ z ɨ n ɨ n t̚ t ɨ ʔ ɛ ɾ̃ i w ʌ n z t̚ t i 
/home/isaac/Projects/Thesis/data/timit/data/TRAIN/DR3/MCDD0/SI883.WAV,h# q eh nx iy r ix tcl t ae l ax tcl t ao r iy gcl g ae s ax-h tcl t ae kcl w uh dcl b iy eh r bcl b ao r n h#, ʔ ɛ ɾ̃ i ɹ ɨ t̚ t æ l ə t̚ t ɔ ɹ i ɡ̚ ɡ æ s ə̥ t̚ t æ k̚ w ʊ d̚ b i ɛ ɹ b̚ b ɔ ɹ n 
/home/isaac/Projects/Thesis/data/timit/data/TRAIN/DR3/MJKR0/SX31.WAV,h# ix gcl g uh dcl q ae dx ix tcl t ux dcl ih z ah n bcl b iy dx ix bcl b el h#, ɨ ɡ̚ ɡ ʊ d̚ ʔ æ ɾ ɨ t̚ t ʉ d̚ ɪ z ʌ n b̚ b i ɾ ɨ b̚ b l̩ 
/home/isaac/Projects/Thesis/data/timit/data/TRAIN/DR3/MJKR0/SX121.WAV,h# t r eh s pcl p ae s ix ng ih z f axr bcl b ih dcl en ae n s ah bcl jh ix kcl k tcl t ix pcl p eh n el tcl t ix h#, t ɹ ɛ s p̚ p æ s ɨ ŋ ɪ z f ɚ b̚ b ɪ d̚ n̩ æ n s ʌ b̚ dʒ ɨ k̚ k t̚ t ɨ p̚ p ɛ n l̩ t̚ t ɨ 
/home/isaac/Projects/Thesis/data/timit/data/TRAIN/DR3/MJKR0/SX211.WAV,h# ow n l iy dh ix bcl b eh s pcl p l ey er z ix n jh oy pcl p aa pcl p y ax l eh axr dx iy h#, oʊ n l i ð ɨ b̚ b ɛ s p̚ p l eɪ ɝ z ɨ n dʒ ɔɪ p̚ p ɑ p̚ p j ə l ɛ ɚ ɾ i 
/home/isaac/Projects/Thesis/data/timit/data/TRAIN/DR3/MJKR0/SI571.WAV,h# s tcl t iy m bcl b ae th s epi r ay tcl t s pau d ux s tcl t iy m bcl b ae s hh ae v ix nx iy hv eh l th v ae l y ux h#, s t̚ t i m b̚ b æ θ s  ɹ aɪ t̚ t s  d ʉ s t̚ t i m b̚ b æ s h æ v ɨ ɾ̃ i ɦ ɛ l θ v æ l j ʉ 
/home/isaac/Projects/Thesis/data/timit/data/TRAIN/DR3/MJKR0/SX391.WAV,h# dh ey q ao l ay kcl k pau l ao ng hh aa tcl sh aw axr s h#, ð eɪ ʔ ɔ l aɪ k̚ k  l ɔ ŋ h ɑ t̚ ʃ aʊ ɚ s 
/home/isaac/Projects/Thesis/data/timit/data/TRAIN/DR3/MJKR0/SX301.WAV,h# w iy l ay kcl b l ux tcl ch iy z bcl b ix dx ix v ih kcl t er pcl p axr f er s epi w ih s tcl ch iy z h#, w i l aɪ k̚ b l ʉ t̚ tʃ i z b̚ b ɨ ɾ ɨ v ɪ k̚ t ɝ p̚ p ɚ f ɝ s  w ɪ s t̚ tʃ i z 
/home/isaac/Projects/Thesis/data/timit/data/TRAIN/DR3/MJKR0/SI1201.WAV,h# w iy hv ow pcl dh ih q hv iy w el q eh kcl s kcl k ux dx ih tcl q ih n ax m ae nx er dh ae q w el ax n tcl t ay dx el hv ih m tcl t ix kcl k r eh dx ix tcl h#, w i ɦ oʊ p̚ ð ɪ ʔ ɦ i w l̩ ʔ ɛ k̚ s k̚ k ʉ ɾ ɪ t̚ ʔ ɪ n ə m æ ɾ̃ ɝ ð æ ʔ w l̩ ə n t̚ t aɪ ɾ l̩ ɦ ɪ m t̚ t ɨ k̚ k ɹ ɛ ɾ ɨ t̚ 
/home/isaac/Projects/Thesis/data/timit/data/TRAIN/DR3/MJKR0/SI1831.WAV,h# b iy hv ay n dcl d hh ih m pau hh ix z epi m ey tcl t s tcl t er dcl w ax th aw q w ey kcl k ix ng h#, b i ɦ aɪ n d̚ d h ɪ m  h ɨ z  m eɪ t̚ t s t̚ t ɝ d̚ w ə θ aʊ ʔ w eɪ k̚ k ɨ ŋ 
/home/isaac/Projects/Thesis/data/timit/data/TRAIN/DR3/FJLR0/SI1231.WAV,h# q ih n dh eh r kcl k r aa n ax kcl k l axr z ah n aa tcl dh ix dcl d er m ae dx ix kcl p ow ix tcl s pau b ax tcl dh ix pcl p r ow z epi n aa v ax l ih s tcl s h#, ʔ ɪ n ð ɛ ɹ k̚ k ɹ ɑ n ə k̚ k l ɚ z ʌ n ɑ t̚ ð ɨ d̚ d ɝ m æ ɾ ɨ k̚ p oʊ ɨ t̚ s  b ə t̚ ð ɨ p̚ p ɹ oʊ z  n ɑ v ə l ɪ s t̚ s 
/home/isaac/Projects/Thesis/data/timit/data/TRAIN/DR3/FJLR0/SX421.WAV,h# dh ow z hh ux tcl t iy tcl ch v ae y ux z f er s tcl t ax bcl b aa l ix sh tcl ch iy tcl t iy ng h#, ð oʊ z h ʉ t̚ t i t̚ tʃ v æ j ʉ z f ɝ s t̚ t ə b̚ b ɑ l ɨ ʃ t̚ tʃ i t̚ t i ŋ 
/home/isaac/Projects/Thesis/data/timit/data/TRAIN/DR3/FJLR0/SX331.WAV,h# dh ix bcl b ih gcl d ao gcl g l ah v dcl t ax-h tcl ch ux ah n dh ax q ow l dcl d epi r ae gcl d ao l h#, ð ɨ b̚ b ɪ ɡ̚ d ɔ ɡ̚ ɡ l ʌ v d̚ t ə̥ t̚ tʃ ʉ ʌ n ð ə ʔ oʊ l d̚ d  ɹ æ ɡ̚ d ɔ l 
/home/isaac/Projects/Thesis/data/timit/data/TRAIN/DR3/FJLR0/SI601.WAV,h# b ah tcl dh ae dx eh kcl k s pcl p l ah n ey sh ix n q ix z ow n l iy pcl p aa r q l iy tcl t r ux h#, b ʌ t̚ ð æ ɾ ɛ k̚ k s p̚ p l ʌ n eɪ ʃ ɨ n ʔ ɨ z oʊ n l i p̚ p ɑ ɹ ʔ l i t̚ t ɹ ʉ 
/home/isaac/Projects/Thesis/data/timit/data/TRAIN/DR3/FJLR0/SX61.WAV,h# ch aa kcl k l ix tcl t ix n r ow z ix z epi n eh v axr f ey l q eh z ax r ow m ae n tcl t ix kcl g ih f tcl t h#, tʃ ɑ k̚ k l ɨ t̚ t ɨ n ɹ oʊ z ɨ z  n ɛ v ɚ f eɪ l ʔ ɛ z ə ɹ oʊ m æ n t̚ t ɨ k̚ ɡ ɪ f t̚ t 
/home/isaac/Projects/Thesis/data/timit/data/TRAIN/DR3/FJLR0/SI1861.WAV,h# m ay dcl d r eh s epi n iy dcl s ax m w er kcl k aa n ix tcl h#, m aɪ d̚ d ɹ ɛ s  n i d̚ s ə m w ɝ k̚ k ɑ n ɨ t̚ 
/home/isaac/Projects/Thesis/data/timit/data/TRAIN/DR3/FJLR0/SX241.WAV,h# dh ax hv ao l w ey q ow pcl p ix n z ih n tcl t ux ey hh y ux dcl jh tcl ch ey m bcl b axr h#, ð ə ɦ ɔ l w eɪ ʔ oʊ p̚ p ɨ n z ɪ n t̚ t ʉ eɪ h j ʉ d̚ dʒ t̚ tʃ eɪ m b̚ b ɚ 
/home/isaac/Projects/Thesis/data/timit/data/TRAIN/DR3/FJLR0/SX151.WAV,h# dh ix pcl p r iy v iy ix s pcl p iy kcl k er pcl p r ix z eh nx ix dcl d ae m bcl b ih gcl g y ux ix s r ix z ah l tcl s h#, ð ɨ p̚ p ɹ i v i ɨ s p̚ p i k̚ k ɝ p̚ p ɹ ɨ z ɛ ɾ̃ ɨ d̚ d æ m b̚ b ɪ ɡ̚ ɡ j ʉ ɨ s ɹ ɨ z ʌ l t̚ s 
/home/isaac/Projects/Thesis/data/timit/data/TRAIN/DR3/MJRH1/SI1558.WAV,h# hh iy r iy tcl ch tcl t aw tcl en f eh l tcl dh ax bcl b ae th tcl t aw w el hh ae ng iy n aa n dh ax tcl t aw w el r ae kcl k q ow v axr dh ax tcl t ah bcl h#, h i ɹ i t̚ tʃ t̚ t aʊ t̚ n̩ f ɛ l t̚ ð ə b̚ b æ θ t̚ t aʊ w l̩ h æ ŋ i n ɑ n ð ə t̚ t aʊ w l̩ ɹ æ k̚ k ʔ oʊ v ɚ ð ə t̚ t ʌ b̚ 
/home/isaac/Projects/Thesis/data/timit/data/TRAIN/DR3/MJRH1/SX424.WAV,h# t aa bcl b z ey n y ix z epi r eh r l ih hh ae v kcl k er kcl k ix dcl s tcl t eh m z h#, t ɑ b̚ b z eɪ n j ɨ z  ɹ ɛ ɹ l ɪ h æ v k̚ k ɝ k̚ k ɨ d̚ s t̚ t ɛ m z 
/home/isaac/Projects/Thesis/data/timit/data/TRAIN/DR3/MJRH1/SX64.WAV,h# r eh gcl y uh l er ix tcl t eh n dcl eh n s q ix s eh l dcl d ax m axr kcl k w ay er dcl h#, ɹ ɛ ɡ̚ j ʊ l ɝ ɨ t̚ t ɛ n d̚ ɛ n s ʔ ɨ s ɛ l d̚ d ə m ɚ k̚ k w aɪ ɝ d̚ 
/home/isaac/Projects/Thesis/data/timit/data/TRAIN/DR3/MJRH1/SX244.WAV,h# hh er bcl b z bcl b er th dcl d ey q ax kcl k er z f r iy kcl k w ah n q l iy aa n th ae ng k s gcl g ih v iy n h#, h ɝ b̚ b z b̚ b ɝ θ d̚ d eɪ ʔ ə k̚ k ɝ z f ɹ i k̚ k w ʌ n ʔ l i ɑ n θ æ ŋ k s ɡ̚ ɡ ɪ v i n 
/home/isaac/Projects/Thesis/data/timit/data/TRAIN/DR3/MJRH1/SI1774.WAV,h# dh eh r w ah z n ow hv ih n tcl t q ax v ax v ay l ih n tcl s tcl t r ah gcl g el n aw h#, ð ɛ ɹ w ʌ z n oʊ ɦ ɪ n t̚ t ʔ ə v ə v aɪ l ɪ n t̚ s t̚ t ɹ ʌ ɡ̚ ɡ l̩ n aʊ 
/home/isaac/Projects/Thesis/data/timit/data/TRAIN/DR3/MJRH1/SX154.WAV,h# q ao r en jh dcl jh ux s tcl t ey s epi f ah nx iy ae f tcl t axr tcl t ux th pcl p ey s tcl t h#, ʔ ɔ ɹ n̩ dʒ d̚ dʒ ʉ s t̚ t eɪ s  f ʌ ɾ̃ i æ f t̚ t ɚ t̚ t ʉ θ p̚ p eɪ s t̚ t 
/home/isaac/Projects/Thesis/data/timit/data/TRAIN/DR3/MJRH1/SI514.WAV,h# y axr f r ey dcl t ax-h tcl t ao kcl t ux ix gcl g ay y ux ay dx ax l ay epi z h#, j ɚ f ɹ eɪ d̚ t ə̥ t̚ t ɔ k̚ t ʉ ɨ ɡ̚ ɡ aɪ j ʉ aɪ ɾ ə l aɪ  z 
/home/isaac/Projects/Thesis/data/timit/data/TRAIN/DR3/MJRH1/SX334.WAV,h# q aa f tcl t ix n y uh l gcl g ih q bcl b ae kcl k pau m ao r dh ix n y ux pcl p uh dx ih n h#, ʔ ɑ f t̚ t ɨ n j ʊ l ɡ̚ ɡ ɪ ʔ b̚ b æ k̚ k  m ɔ ɹ ð ɨ n j ʉ p̚ p ʊ ɾ ɪ n 
/home/isaac/Projects/Thesis/data/timit/data/TRAIN/DR3/FJLG0/SI2306.WAV,h# y eh s epi m ae m ih tcl t sh er w ah s h#, j ɛ s  m æ m ɪ t̚ t ʃ ɝ w ʌ s 
/home/isaac/Projects/Thesis/data/timit/data/TRAIN/DR3/FJLG0/SX269.WAV,h# d ux q ey tcl t ih pcl p ix kcl k el f aa r m axr z gcl g r ow q ow tcl t s h#, d ʉ ʔ eɪ t̚ t ɪ p̚ p ɨ k̚ k l̩ f ɑ ɹ m ɚ z ɡ̚ ɡ ɹ oʊ ʔ oʊ t̚ t s 
/home/isaac/Projects/Thesis/data/timit/data/TRAIN/DR3/FJLG0/SI1506.WAV,h# dh ey w axr pcl p axr s uw ih ng hv eh m h#, ð eɪ w ɚ p̚ p ɚ s u ɪ ŋ ɦ ɛ m 
/home/isaac/Projects/Thesis/data/timit/data/TRAIN/DR3/FJLG0/SX89.WAV,h# ih tcl s hh aa r dcl t ix tcl t eh l ax n axr r ih dcl jh en el f r ax m ax f ao r dcl jh er iy h#, ɪ t̚ s h ɑ ɹ d̚ t ɨ t̚ t ɛ l ə n ɚ ɹ ɪ d̚ dʒ n̩ l̩ f ɹ ə m ə f ɔ ɹ d̚ dʒ ɝ i 
/home/isaac/Projects/Thesis/data/timit/data/TRAIN/DR3/FJLG0/SI1889.WAV,h# hh ix z l eh gcl g z pcl p ah m p tcl t f y er iy ix s epi l iy pau hh ix z l ao ng bcl b l ae kcl k hh eh axr s tcl t r iy m dcl d aw tcl b iy hv ay n dcl d ix m h#, h ɨ z l ɛ ɡ̚ ɡ z p̚ p ʌ m p t̚ t f j ɝ i ɨ s  l i  h ɨ z l ɔ ŋ b̚ b l æ k̚ k h ɛ ɚ s t̚ t ɹ i m d̚ d aʊ t̚ b i ɦ aɪ n d̚ d ɨ m 
/home/isaac/Projects/Thesis/data/timit/data/TRAIN/DR3/FJLG0/SX179.WAV,h# w iy kcl k uh dcl b eh axr l iy s iy dh ax f iy y ao r dcl s th r ux dh ax s epi n ow f l er iy z h#, w i k̚ k ʊ d̚ b ɛ ɚ l i s i ð ə f i j ɔ ɹ d̚ s θ ɹ ʉ ð ə s  n oʊ f l ɝ i z 
/home/isaac/Projects/Thesis/data/timit/data/TRAIN/DR3/FJLG0/SX449.WAV,h# r ae l f pcl p r iy pcl p eh axr dcl d r eh dcl s epi n ae pcl p axr w ix th f r eh sh l eh m ix n s ao s f axr dcl d ih n axr h#, ɹ æ l f p̚ p ɹ i p̚ p ɛ ɚ d̚ d ɹ ɛ d̚ s  n æ p̚ p ɚ w ɨ θ f ɹ ɛ ʃ l ɛ m ɨ n s ɔ s f ɚ d̚ d ɪ n ɚ 
/home/isaac/Projects/Thesis/data/timit/data/TRAIN/DR3/FJLG0/SX359.WAV,h# dh ax s ih s tcl t ah m ey bcl b r ey kcl d aw n s ux n s ax s ey v y axr f ay l z f r iy kcl k w ax n tcl l iy h#, ð ə s ɪ s t̚ t ʌ m eɪ b̚ b ɹ eɪ k̚ d aʊ n s ʉ n s ə s eɪ v j ɚ f aɪ l z f ɹ i k̚ k w ə n t̚ l i 
/home/isaac/Projects/Thesis/data/timit/data/TRAIN/DR3/MTPP0/SX248.WAV,h# r iy dx iy ng ix n pcl p ao r l ay tcl g ih v zh ux ay s tcl t r ey n h#, ɹ i ɾ i ŋ ɨ n p̚ p ɔ ɹ l aɪ t̚ ɡ ɪ v ʒ ʉ aɪ s t̚ t ɹ eɪ n 
/home/isaac/Projects/Thesis/data/timit/data/TRAIN/DR3/MTPP0/SI2138.WAV,h# w ay sh uh dcl dh ih s ah dcl d en l iy ix s ey l hh axr h#, w aɪ ʃ ʊ d̚ ð ɪ s ʌ d̚ d n̩ l i ɨ s eɪ l h ɚ 
/home/isaac/Projects/Thesis/data/timit/data/TRAIN/DR3/MTPP0/SI1508.WAV,h# hh iy s tcl t eh r dx ih tcl dh ax f aa r m ao r nx iy ng iy kcl k s pcl p eh kcl t eng ix pcl p eh n ix l ax m tcl t ix s epi w ix ng ix kcl k r ao s dh ix hv axr r ay z en h#, h i s t̚ t ɛ ɹ ɾ ɪ t̚ ð ə f ɑ ɹ m ɔ ɹ ɾ̃ i ŋ i k̚ k s p̚ p ɛ k̚ t ŋ̍ ɨ p̚ p ɛ n ɨ l ə m t̚ t ɨ s  w ɨ ŋ ɨ k̚ k ɹ ɔ s ð ɨ ɦ ɚ ɹ aɪ z n̩ 
/home/isaac/Projects/Thesis/data/timit/data/TRAIN/DR3/MTPP0/SI878.WAV,h# dh ih s epi m iy n z q iy dh axr kcl k aa r z ao r tcl t r ah kcl k s h#, ð ɪ s  m i n z ʔ i ð ɚ k̚ k ɑ ɹ z ɔ ɹ t̚ t ɹ ʌ k̚ k s 
/home/isaac/Projects/Thesis/data/timit/data/TRAIN/DR3/MTPP0/SX158.WAV,h# dh ix dcl d r ah ng kcl k axr dx ih z ix s ow sh el q aw tcl k ae s tcl t h#, ð ɨ d̚ d ɹ ʌ ŋ k̚ k ɚ ɾ ɪ z ɨ s oʊ ʃ l̩ ʔ aʊ t̚ k æ s t̚ t 
/home/isaac/Projects/Thesis/data/timit/data/TRAIN/DR3/MTPP0/SX428.WAV,h# q ix kcl k r ae bcl ch ae l ax n jh dcl d m iy pau bcl b ax dx ix kcl k w ih kcl k s tcl t ae bcl v ae ng kcl k w ix sh tcl t hh ih m h#, ʔ ɨ k̚ k ɹ æ b̚ tʃ æ l ə n dʒ d̚ d m i  b̚ b ə ɾ ɨ k̚ k w ɪ k̚ k s t̚ t æ b̚ v æ ŋ k̚ k w ɨ ʃ t̚ t h ɪ m 
/home/isaac/Projects/Thesis/data/timit/data/TRAIN/DR3/MTPP0/SX68.WAV,h# ah pcl g r ey dcl d y axr s tcl t ae dx eh s tcl t ux r ix f l eh kcl t y uh w eh l th h#, ʌ p̚ ɡ ɹ eɪ d̚ d j ɚ s t̚ t æ ɾ ɛ s t̚ t ʉ ɹ ɨ f l ɛ k̚ t j ʊ w ɛ l θ 
/home/isaac/Projects/Thesis/data/timit/data/TRAIN/DR3/MTPP0/SX338.WAV,h# dh ix dcl d aa r kcl m er kcl k iy l ax gcl g ux n pau w aw n dcl d axr r aw n d f axr m ay l s h#, ð ɨ d̚ d ɑ ɹ k̚ m ɝ k̚ k i l ə ɡ̚ ɡ ʉ n  w aʊ n d̚ d ɚ ɹ aʊ n d f ɚ m aɪ l s 
/home/isaac/Projects/Thesis/data/timit/data/TRAIN/DR3/MDHS0/SX450.WAV,h# r oy ih gcl g n ao r dcl dh ax s pcl p er iy ix s dcl d ey dx ax pcl p oy n tcl t s ix n dcl d r ao ix ng dh ax gcl g r ae f h#, ɹ ɔɪ ɪ ɡ̚ ɡ n ɔ ɹ d̚ ð ə s p̚ p ɝ i ɨ s d̚ d eɪ ɾ ə p̚ p ɔɪ n t̚ t s ɨ n d̚ d ɹ ɔ ɨ ŋ ð ə ɡ̚ ɡ ɹ æ f 
/home/isaac/Projects/Thesis/data/timit/data/TRAIN/DR3/MDHS0/SI900.WAV,h# s pcl p r aw dx ix dcl g r ey n z en s iy dcl d z axr y ux z dcl d ix n s ae l ax dcl z en dcl d ih sh ix z s ah tcl ch ax s tcl ch aa pcl p s uw iy h#, s p̚ p ɹ aʊ ɾ ɨ d̚ ɡ ɹ eɪ n z n̩ s i d̚ d z ɚ j ʉ z d̚ d ɨ n s æ l ə d̚ z n̩ d̚ d ɪ ʃ ɨ z s ʌ t̚ tʃ ə s t̚ tʃ ɑ p̚ p s u i 
/home/isaac/Projects/Thesis/data/timit/data/TRAIN/DR3/MDHS0/SX270.WAV,h# q aa r hh aa l ax dcl d ey y ey pcl p axr n z ax v eh l ax bcl b el tcl t uw ah s h#, ʔ ɑ ɹ h ɑ l ə d̚ d eɪ j eɪ p̚ p ɚ n z ə v ɛ l ə b̚ b l̩ t̚ t u ʌ s 
/home/isaac/Projects/Thesis/data/timit/data/TRAIN/DR3/MDHS0/SI2160.WAV,h# hh iy eh dcl n eh v axr f eh l tcl p ax tcl t ih kcl k ax l er l iy kcl k l ow s tcl t axr hv er h#, h i ɛ d̚ n ɛ v ɚ f ɛ l t̚ p ə t̚ t ɪ k̚ k ə l ɝ l i k̚ k l oʊ s t̚ t ɚ ɦ ɝ 
/home/isaac/Projects/Thesis/data/timit/data/TRAIN/DR3/MDHS0/SX90.WAV,h# dh ax th ih ng kcl k er ix z ax f ey m ax s kcl k uh l pcl ch er h#, ð ə θ ɪ ŋ k̚ k ɝ ɨ z ə f eɪ m ə s k̚ k ʊ l p̚ tʃ ɝ 
/home/isaac/Projects/Thesis/data/timit/data/TRAIN/DR3/MDHS0/SI1530.WAV,h# n ow w ah n w el iy v ix n s ax s pcl p eh kcl dh eh dx ih dx ih z y er w er kcl k h#, n oʊ w ʌ n w l̩ i v ɨ n s ə s p̚ p ɛ k̚ ð ɛ ɾ ɪ ɾ ɪ z j ɝ w ɝ k̚ k 
/home/isaac/Projects/Thesis/data/timit/data/TRAIN/DR3/MDHS0/SX180.WAV,h# q ax m uh s tcl t ao kcl k aa l ix dcl jh ih z axr n aw kcl k ow ix dcl jh ix kcl k ey sh en el h#, ʔ ə m ʊ s t̚ t ɔ k̚ k ɑ l ɨ d̚ dʒ ɪ z ɚ n aʊ k̚ k oʊ ɨ d̚ dʒ ɨ k̚ k eɪ ʃ n̩ l̩ 
/home/isaac/Projects/Thesis/data/timit/data/TRAIN/DR3/MDHS0/SX360.WAV,h# q ay ix s ux m oy sh tcl ch er w el dcl d ae m ix dcl jh dh ih sh ih pcl p s hh ah l h#, ʔ aɪ ɨ s ʉ m ɔɪ ʃ t̚ tʃ ɝ w l̩ d̚ d æ m ɨ d̚ dʒ ð ɪ ʃ ɪ p̚ p s h ʌ l 
/home/isaac/Projects/Thesis/data/timit/data/TRAIN/DR3/MJLG1/SX112.WAV,h# t ah gcl b ow tcl t s axr kcl k ey pcl p ax bcl b el ax v hh ao l ix ng hh y ux dcl jh l ow dcl d z h#, t ʌ ɡ̚ b oʊ t̚ t s ɚ k̚ k eɪ p̚ p ə b̚ b l̩ ə v h ɔ l ɨ ŋ h j ʉ d̚ dʒ l oʊ d̚ d z 
/home/isaac/Projects/Thesis/data/timit/data/TRAIN/DR3/MJLG1/SI2272.WAV,h# p axr hv ae pcl s epi w ah n bcl b ao r dcl hv ow l z ix n dh ix s tcl t ow n pau w ax th s ah m kcl k ay nx ix v en ax l eh kcl t r ix kcl g ae dcl jh ix tcl t h#, p ɚ ɦ æ p̚ s  w ʌ n b̚ b ɔ ɹ d̚ ɦ oʊ l z ɨ n ð ɨ s t̚ t oʊ n  w ə θ s ʌ m k̚ k aɪ ɾ̃ ɨ v n̩ ə l ɛ k̚ t ɹ ɨ k̚ ɡ æ d̚ dʒ ɨ t̚ t 
/home/isaac/Projects/Thesis/data/timit/data/TRAIN/DR3/MJLG1/SX22.WAV,h# w eh n ao l eh l s f ey l z pau y ux z f ao r s h#, w ɛ n ɔ l ɛ l s f eɪ l z  j ʉ z f ɔ ɹ s 
/home/isaac/Projects/Thesis/data/timit/data/TRAIN/DR3/MJLG1/SI1012.WAV,h# b eh v r iy dcl jh ix z axr m ey dcl f r ax m epi s iy dcl s epi dh ax w er l dcl ow v axr h#, b ɛ v ɹ i d̚ dʒ ɨ z ɚ m eɪ d̚ f ɹ ə m  s i d̚ s  ð ə w ɝ l d̚ oʊ v ɚ 
/home/isaac/Projects/Thesis/data/timit/data/TRAIN/DR3/MJLG1/SX292.WAV,h# dh iy z ix kcl k s kcl k l ux s ih v dcl d aa kcl k y m ix n tcl s epi m ah s bcl b ix l aa kcl t ah pcl p eh dx ao l tcl t ay m epi z h#, ð i z ɨ k̚ k s k̚ k l ʉ s ɪ v d̚ d ɑ k̚ k j m ɨ n t̚ s  m ʌ s b̚ b ɨ l ɑ k̚ t ʌ p̚ p ɛ ɾ ɔ l t̚ t aɪ m  z 
/home/isaac/Projects/Thesis/data/timit/data/TRAIN/DR3/MJLG1/SX202.WAV,h# hh aw m ax tcl ch ah l aw ix n tcl s dcl d ix y ux gcl g eh tcl t h#, h aʊ m ə t̚ tʃ ʌ l aʊ ɨ n t̚ s d̚ d ɨ j ʉ ɡ̚ ɡ ɛ t̚ t 
/home/isaac/Projects/Thesis/data/timit/data/TRAIN/DR3/MJLG1/SX382.WAV,h# jh ao r dcl jh ix z pcl p eh r ih n oy dx ix bcl b aa dx ix f y ux tcl ch axr gcl g ae sh ao r dx ih dcl jh h#, dʒ ɔ ɹ d̚ dʒ ɨ z p̚ p ɛ ɹ ɪ n ɔɪ ɾ ɨ b̚ b ɑ ɾ ɨ f j ʉ t̚ tʃ ɚ ɡ̚ ɡ æ ʃ ɔ ɹ ɾ ɪ d̚ dʒ 
/home/isaac/Projects/Thesis/data/timit/data/TRAIN/DR3/MJLG1/SI1642.WAV,h# y ux v n aa tcl s iy m l ay kcl dh eh m pau b ah m ey v iy y uw aa r h#, j ʉ v n ɑ t̚ s i m l aɪ k̚ ð ɛ m  b ʌ m eɪ v i j u ɑ ɹ 
/home/isaac/Projects/Thesis/data/timit/data/TRAIN/DR3/FEME0/SX335.WAV,h# g ah s ao pcl p ay n tcl t r iy z ih n r eh dcl w uh dcl d z pau q ao nx ix z epi w ao kcl k th ux s ix kcl k w oy ih n ae sh epi n el f ao r ix s tcl t h#, ɡ ʌ s ɔ p̚ p aɪ n t̚ t ɹ i z ɪ n ɹ ɛ d̚ w ʊ d̚ d z  ʔ ɔ ɾ̃ ɨ z  w ɔ k̚ k θ ʉ s ɨ k̚ k w ɔɪ ɪ n æ ʃ  n l̩ f ɔ ɹ ɨ s t̚ t 
/home/isaac/Projects/Thesis/data/timit/data/TRAIN/DR3/FEME0/SX65.WAV,h# ch ae l ax n dcl jh pau q iy tcl ch dcl jh eh nx axr el z ix n tcl t eh l ax dcl jh ax n s h#, tʃ æ l ə n d̚ dʒ  ʔ i t̚ tʃ d̚ dʒ ɛ ɾ̃ ɚ l̩ z ɨ n t̚ t ɛ l ə d̚ dʒ ə n s 
/home/isaac/Projects/Thesis/data/timit/data/TRAIN/DR3/FEME0/SI875.WAV,h# l uh kcl k f ix dh iy z f iy tcl ch axr z epi w ix tcl ch epi m ey m iy n y ux kcl k ix n s ey v pau d ux pcl p l ax kcl k ix tcl k ah v r ix dcl jh h#, l ʊ k̚ k f ɨ ð i z f i t̚ tʃ ɚ z  w ɨ t̚ tʃ  m eɪ m i n j ʉ k̚ k ɨ n s eɪ v  d ʉ p̚ p l ə k̚ k ɨ t̚ k ʌ v ɹ ɨ d̚ dʒ 
/home/isaac/Projects/Thesis/data/timit/data/TRAIN/DR3/FEME0/SX425.WAV,h# m uw v iy z n eh v axr hv ae v ax n ah f ih l ax n z h#, m u v i z n ɛ v ɚ ɦ æ v ə n ʌ f ɪ l ə n z 
/home/isaac/Projects/Thesis/data/timit/data/TRAIN/DR3/FEME0/SX155.WAV,h# dh ax w ao dx axr kcl k ix n tcl t ey n dcl t ux m ah tcl ch kcl k l ao r iy n pau ix n s tcl t ah ng hv ix z ay z h#, ð ə w ɔ ɾ ɚ k̚ k ɨ n t̚ t eɪ n d̚ t ʉ m ʌ t̚ tʃ k̚ k l ɔ ɹ i n  ɨ n s t̚ t ʌ ŋ ɦ ɨ z aɪ z 
/home/isaac/Projects/Thesis/data/timit/data/TRAIN/DR3/FEME0/SI1505.WAV,h# dh ax bcl b l ow ix n kcl k aw nx axr dcl s ih l kcl k iy hv eh axr pau q ix n hh aa r dcl b ow n h#, ð ə b̚ b l oʊ ɨ n k̚ k aʊ ɾ̃ ɚ d̚ s ɪ l k̚ k i ɦ ɛ ɚ  ʔ ɨ n h ɑ ɹ d̚ b oʊ n 
/home/isaac/Projects/Thesis/data/timit/data/TRAIN/DR3/FEME0/SI2135.WAV,h# y ux f iy l hv ih m q eh v r iy m ay l f er dh axr ax w ey h#, j ʉ f i l ɦ ɪ m ʔ ɛ v ɹ i m aɪ l f ɝ ð ɚ ə w eɪ 
/home/isaac/Projects/Thesis/data/timit/data/TRAIN/DR3/FEME0/SX245.WAV,h# d ah z hv ih n dcl d uw q ay dx iy y aa l ah dcl jh iy q aa n axr kcl k aw z h#, d ʌ z ɦ ɪ n d̚ d u ʔ aɪ ɾ i j ɑ l ʌ d̚ dʒ i ʔ ɑ n ɚ k̚ k aʊ z 
/home/isaac/Projects/Thesis/data/timit/data/TRAIN/DR3/MTLB0/SX234.WAV,h# dh ax pcl p ey pcl p axr bcl b oy bcl b ao tcl t ux ae pcl p el z en epi th r iy ay s ix z h#, ð ə p̚ p eɪ p̚ p ɚ b̚ b ɔɪ b̚ b ɔ t̚ t ʉ æ p̚ p l̩ z n̩  θ ɹ i aɪ s ɨ z 
/home/isaac/Projects/Thesis/data/timit/data/TRAIN/DR3/MTLB0/SX54.WAV,h# dh iy y iy s tcl t r ix ng kcl k ow s ix z ah pcl p l ey s f axr pcl p ih axr pcl p l eh zh er en ix kcl k s ay tcl m ix n h#, ð i j i s t̚ t ɹ ɨ ŋ k̚ k oʊ s ɨ z ʌ p̚ p l eɪ s f ɚ p̚ p ɪ ɚ p̚ p l ɛ ʒ ɝ n̩ ɨ k̚ k s aɪ t̚ m ɨ n 
/home/isaac/Projects/Thesis/data/timit/data/TRAIN/DR3/MTLB0/SX144.WAV,h# dh ax w ih l ax w iy w uh m ih n w ao r ah m ah s kcl k r ae tcl k ow tcl h#, ð ə w ɪ l ə w i w ʊ m ɪ n w ɔ ɹ ʌ m ʌ s k̚ k ɹ æ t̚ k oʊ t̚ 
/home/isaac/Projects/Thesis/data/timit/data/TRAIN/DR3/MTLB0/SI1134.WAV,h# q ih n dcl d ix v ih dcl jh uw l hv y ux m ix n s tcl t r eh ng epi th ix z epi n iy dx ih dcl t ux pcl p ih tcl q eh gcl g eh n s tcl t ae n ih n hv y ux m ix n kcl k ix n dcl d ih sh ix n h#, ʔ ɪ n d̚ d ɨ v ɪ d̚ dʒ u l ɦ j ʉ m ɨ n s t̚ t ɹ ɛ ŋ  θ ɨ z  n i ɾ ɪ d̚ t ʉ p̚ p ɪ t̚ ʔ ɛ ɡ̚ ɡ ɛ n s t̚ t æ n ɪ n ɦ j ʉ m ɨ n k̚ k ɨ n d̚ d ɪ ʃ ɨ n 
/home/isaac/Projects/Thesis/data/timit/data/TRAIN/DR3/MTLB0/SX324.WAV,h# dh ax l ow kcl k el dcl d r ah gcl g s tcl t ao r w ix z tcl ch aa r zh w ix dh ax l iy gcl g ax l iy dcl d ix s pcl p eh n tcl s iy n tcl t w ae ng kcl k w ax l ay z axr z h#, ð ə l oʊ k̚ k l̩ d̚ d ɹ ʌ ɡ̚ ɡ s t̚ t ɔ ɹ w ɨ z t̚ tʃ ɑ ɹ ʒ w ɨ ð ə l i ɡ̚ ɡ ə l i d̚ d ɨ s p̚ p ɛ n t̚ s i n t̚ t w æ ŋ k̚ k w ə l aɪ z ɚ z 
/home/isaac/Projects/Thesis/data/timit/data/TRAIN/DR3/MTLB0/SI1764.WAV,h# s ow kcl k epi ah pcl p l ow kcl k el kcl k ah l axr h#, s oʊ k̚ k  ʌ p̚ p l oʊ k̚ k l̩ k̚ k ʌ l ɚ 
/home/isaac/Projects/Thesis/data/timit/data/TRAIN/DR3/MTLB0/SX414.WAV,h# q ay r ih sh y ah ng s tcl t ix z q iy tcl t f r eh sh kcl k ih pcl p axr z f axr bcl b r eh kcl k f ix s tcl t h#, ʔ aɪ ɹ ɪ ʃ j ʌ ŋ s t̚ t ɨ z ʔ i t̚ t f ɹ ɛ ʃ k̚ k ɪ p̚ p ɚ z f ɚ b̚ b ɹ ɛ k̚ k f ɨ s t̚ t 
/home/isaac/Projects/Thesis/data/timit/data/TRAIN/DR3/MTLB0/SI504.WAV,h# w er dx ix y ux pcl p uh tcl dh ax l ay dx er f l uw ix dx ax hh aa hv aa h#, w ɝ ɾ ɨ j ʉ p̚ p ʊ t̚ ð ə l aɪ ɾ ɝ f l u ɨ ɾ ə h ɑ ɦ ɑ 
/home/isaac/Projects/Thesis/data/timit/data/TRAIN/DR3/MMAR0/SI706.WAV,h# p ae n z iy z er gcl g l ah tcl en d z h#, p æ n z i z ɝ ɡ̚ ɡ l ʌ t̚ n̩ d z 
/home/isaac/Projects/Thesis/data/timit/data/TRAIN/DR3/MMAR0/SI1966.WAV,h# ao dh ow pau dh ey dcl d r ux l ay tcl g r aw n dcl d f ay axr dh ey s ao n ow s ay n z ix v ae kcl t ih v ix dx ix h#, ɔ ð oʊ  ð eɪ d̚ d ɹ ʉ l aɪ t̚ ɡ ɹ aʊ n d̚ d f aɪ ɚ ð eɪ s ɔ n oʊ s aɪ n z ɨ v æ k̚ t ɪ v ɨ ɾ ɨ 
/home/isaac/Projects/Thesis/data/timit/data/TRAIN/DR3/MMAR0/SX166.WAV,h# b ay aa l ah dcl jh ih s tcl s y ux z r ey dx iy ow ae kcl t ih v ay s ix tcl t ow pcl p s tcl t ux s tcl t eh dx iy m ay kcl k r ow q ao r gcl g ix n ih z em z h#, b aɪ ɑ l ʌ d̚ dʒ ɪ s t̚ s j ʉ z ɹ eɪ ɾ i oʊ æ k̚ t ɪ v aɪ s ɨ t̚ t oʊ p̚ p s t̚ t ʉ s t̚ t ɛ ɾ i m aɪ k̚ k ɹ oʊ ʔ ɔ ɹ ɡ̚ ɡ ɨ n ɪ z m̩ z 
/home/isaac/Projects/Thesis/data/timit/data/TRAIN/DR3/MMAR0/SX346.WAV,h# dh ix bcl b eh r ih kcl k ux dx ah r iy kcl k oy l dcl d pau f r ax m dh ax s er pcl p ix n tcl s pcl p oy z en ih s f ae ng z h#, ð ɨ b̚ b ɛ ɹ ɪ k̚ k ʉ ɾ ʌ ɹ i k̚ k ɔɪ l d̚ d  f ɹ ə m ð ə s ɝ p̚ p ɨ n t̚ s p̚ p ɔɪ z n̩ ɪ s f æ ŋ z 
/home/isaac/Projects/Thesis/data/timit/data/TRAIN/DR3/MMAR0/SX256.WAV,h# dh iy ay r ey dx ae kcl t axr s tcl t aa m pcl t ix w ey ih dx iy aa dx ix kcl k l iy h#, ð i aɪ ɹ eɪ ɾ æ k̚ t ɚ s t̚ t ɑ m p̚ t ɨ w eɪ ɪ ɾ i ɑ ɾ ɨ k̚ k l i 
/home/isaac/Projects/Thesis/data/timit/data/TRAIN/DR3/MMAR0/SX76.WAV,h# jh eh n tcl l iy pcl p l ey s dcl jh ih m z f ow m s kcl k uh l pcl sh axr q ih n dh ix bcl b aa kcl k s h#, dʒ ɛ n t̚ l i p̚ p l eɪ s d̚ dʒ ɪ m z f oʊ m s k̚ k ʊ l p̚ ʃ ɚ ʔ ɪ n ð ɨ b̚ b ɑ k̚ k s 
/home/isaac/Projects/Thesis/data/timit/data/TRAIN/DR3/MMAR0/SX436.WAV,h# p l iy z s iy ng dcl jh ah s tcl dh ix kcl k l ah bcl th iy m h#, p l i z s i ŋ d̚ dʒ ʌ s t̚ ð ɨ k̚ k l ʌ b̚ θ i m 
/home/isaac/Projects/Thesis/data/timit/data/TRAIN/DR3/MMAR0/SI1336.WAV,h# dh iy z epi w axr th ao tcl t ux r eh pcl p r ix z eh n tcl r iy dcl jh ih n axr r ey tcl t iy ng f ay bcl b axr z h#, ð i z  w ɚ θ ɔ t̚ t ʉ ɹ ɛ p̚ p ɹ ɨ z ɛ n t̚ ɹ i d̚ dʒ ɪ n ɚ ɹ eɪ t̚ t i ŋ f aɪ b̚ b ɚ z 
/home/isaac/Projects/Thesis/data/timit/data/TRAIN/DR3/MGAF0/SX112.WAV,h# t ah gcl b ow tcl t s axr kcl k ey pcl p ax bcl b el ax v hh ao l ix ng hv y ux zh l ow dcl d z h#, t ʌ ɡ̚ b oʊ t̚ t s ɚ k̚ k eɪ p̚ p ə b̚ b l̩ ə v h ɔ l ɨ ŋ ɦ j ʉ ʒ l oʊ d̚ d z 
/home/isaac/Projects/Thesis/data/timit/data/TRAIN/DR3/MGAF0/SI1282.WAV,h# r ey dx iy ax r iy s eh pcl sh ix n ix z kcl k ah tcl d aw n bcl b ay dh ix sh iy l dx ix ng n eh s ax s eh r iy tcl t ix kcl k iy pcl p aw tcl r ey dx iy ey sh ix n h#, ɹ eɪ ɾ i ə ɹ i s ɛ p̚ ʃ ɨ n ɨ z k̚ k ʌ t̚ d aʊ n b̚ b aɪ ð ɨ ʃ i l ɾ ɨ ŋ n ɛ s ə s ɛ ɹ i t̚ t ɨ k̚ k i p̚ p aʊ t̚ ɹ eɪ ɾ i eɪ ʃ ɨ n 
/home/isaac/Projects/Thesis/data/timit/data/TRAIN/DR3/MGAF0/SX22.WAV,h# w ix n ao l eh l s f ey l z y ux z f ao r s h#, w ɨ n ɔ l ɛ l s f eɪ l z j ʉ z f ɔ ɹ s 
/home/isaac/Projects/Thesis/data/timit/data/TRAIN/DR3/MGAF0/SI1912.WAV,h# ix tcl k aa s tcl s ah s ax hv ah nx axr dcl th aw z ix n dcl d aa l axr z ix n th er dx iy dcl d ey z l ao s tcl t ay m tcl t ix f ih kcl k s dh eh m h#, ɨ t̚ k ɑ s t̚ s ʌ s ə ɦ ʌ ɾ̃ ɚ d̚ θ aʊ z ɨ n d̚ d ɑ l ɚ z ɨ n θ ɝ ɾ i d̚ d eɪ z l ɔ s t̚ t aɪ m t̚ t ɨ f ɪ k̚ k s ð ɛ m 
/home/isaac/Projects/Thesis/data/timit/data/TRAIN/DR3/MGAF0/SX292.WAV,h# dh iy z ix kcl s kcl k l uw s ix v dcl d aa kcl k ix m ax n tcl s pau m ah s tcl b iy l aa kcl t ah pcl p ax dx ao l tcl t ay m z h#, ð i z ɨ k̚ s k̚ k l u s ɨ v d̚ d ɑ k̚ k ɨ m ə n t̚ s  m ʌ s t̚ b i l ɑ k̚ t ʌ p̚ p ə ɾ ɔ l t̚ t aɪ m z 
/home/isaac/Projects/Thesis/data/timit/data/TRAIN/DR3/MGAF0/SX202.WAV,h# hh aw m ah tcl ch ax l aw ax n s dcl d ux y ux gcl g eh tcl t h#, h aʊ m ʌ t̚ tʃ ə l aʊ ə n s d̚ d ʉ j ʉ ɡ̚ ɡ ɛ t̚ t 
/home/isaac/Projects/Thesis/data/timit/data/TRAIN/DR3/MGAF0/SX382.WAV,h# jh ao r dcl jh ix z pcl p er ix n oy dx ix bcl b aw dx ix f ux tcl ch axr gcl g ae sh ao r dx ix dcl jh h#, dʒ ɔ ɹ d̚ dʒ ɨ z p̚ p ɝ ɨ n ɔɪ ɾ ɨ b̚ b aʊ ɾ ɨ f ʉ t̚ tʃ ɚ ɡ̚ ɡ æ ʃ ɔ ɹ ɾ ɨ d̚ dʒ 
/home/isaac/Projects/Thesis/data/timit/data/TRAIN/DR3/MGAF0/SI652.WAV,h# jh ix s tcl t w ah dx ih z m eh n tcl b ay s pcl p ih r ix dx ix n bcl b ay m ae dx axr h#, dʒ ɨ s t̚ t w ʌ ɾ ɪ z m ɛ n t̚ b aɪ s p̚ p ɪ ɹ ɨ ɾ ɨ n b̚ b aɪ m æ ɾ ɚ 
/home/isaac/Projects/Thesis/data/timit/data/TRAIN/DR3/MDTB0/SX120.WAV,h# dh ix kcl k ay ow dx iy pau b aa bcl k ae tcl ae n hv ay iy n ax q aa r w ay l dx ae nx ix m el z h#, ð ɨ k̚ k aɪ oʊ ɾ i  b ɑ b̚ k æ t̚ æ n ɦ aɪ i n ə ʔ ɑ ɹ w aɪ l ɾ æ ɾ̃ ɨ m l̩ z 
/home/isaac/Projects/Thesis/data/timit/data/TRAIN/DR3/MDTB0/SX300.WAV,h# ax m iy bcl b ih z tcl ch ey n sh ey pcl p kcl k aa n s tcl t ix n tcl l iy h#, ə m i b̚ b ɪ z t̚ tʃ eɪ n ʃ eɪ p̚ p k̚ k ɑ n s t̚ t ɨ n t̚ l i 
/home/isaac/Projects/Thesis/data/timit/data/TRAIN/DR3/MDTB0/SI1200.WAV,h# l eh tcl t ih m bcl b iy kcl k ah m aa n ix s tcl t ae n dh ey dcl d ix s kcl k aa r dx ih m h#, l ɛ t̚ t ɪ m b̚ b i k̚ k ʌ m ɑ n ɨ s t̚ t æ n ð eɪ d̚ d ɨ s k̚ k ɑ ɹ ɾ ɪ m 
/home/isaac/Projects/Thesis/data/timit/data/TRAIN/DR3/MDTB0/SI570.WAV,h# dh ax bcl b r ih s el z aa r s ao f tcl t ix n ah f tcl t ix m ax s aa zh dh ix gcl g ah m z ix n aa tcl s kcl k r ae tcl ch dh iy ix n ae m el h#, ð ə b̚ b ɹ ɪ s l̩ z ɑ ɹ s ɔ f t̚ t ɨ n ʌ f t̚ t ɨ m ə s ɑ ʒ ð ɨ ɡ̚ ɡ ʌ m z ɨ n ɑ t̚ s k̚ k ɹ æ t̚ tʃ ð i ɨ n æ m l̩ 
/home/isaac/Projects/Thesis/data/timit/data/TRAIN/DR3/MDTB0/SX210.WAV,h# jh eh f s tcl t oy gcl g ow kcl k aa r tcl n eh v axr w er kcl t h#, dʒ ɛ f s t̚ t ɔɪ ɡ̚ ɡ oʊ k̚ k ɑ ɹ t̚ n ɛ v ɚ w ɝ k̚ t 
/home/isaac/Projects/Thesis/data/timit/data/TRAIN/DR3/MDTB0/SX321.WAV,h# dh ix gcl g r aw n hv ah gcl k l ih axr l iy s ao hv ih sh ae dx ow bcl b ix tcl t s tcl t ey dx aw tcl q ow n l iy ax m ow m ix n tcl t h#, ð ɨ ɡ̚ ɡ ɹ aʊ n ɦ ʌ ɡ̚ k l ɪ ɚ l i s ɔ ɦ ɪ ʃ æ ɾ oʊ b̚ b ɨ t̚ t s t̚ t eɪ ɾ aʊ t̚ ʔ oʊ n l i ə m oʊ m ɨ n t̚ t 
/home/isaac/Projects/Thesis/data/timit/data/TRAIN/DR3/MDTB0/SX390.WAV,h# hh iy pcl p ih kcl k tcl t ah pcl n ay n pcl p ae r z ax v s aa kcl s f axr iy tcl ch bcl b r ah dh axr h#, h i p̚ p ɪ k̚ k t̚ t ʌ p̚ n aɪ n p̚ p æ ɹ z ə v s ɑ k̚ s f ɚ i t̚ tʃ b̚ b ɹ ʌ ð ɚ 
/home/isaac/Projects/Thesis/data/timit/data/TRAIN/DR3/MDTB0/SI1830.WAV,h# dh ih bcl b ah dx iy z ix n v er ih bcl b l iy tcl t uh kcl k ix dcl v ae nx ix dcl jh ix v hh ih m h#, ð ɪ b̚ b ʌ ɾ i z ɨ n v ɝ ɪ b̚ b l i t̚ t ʊ k̚ k ɨ d̚ v æ ɾ̃ ɨ d̚ dʒ ɨ v h ɪ m 
/home/isaac/Projects/Thesis/data/timit/data/TRAIN/DR3/FDJH0/SX125.WAV,h# w eh s tcl ch eh s tcl t er ix z ix kcl k aw n tcl t iy ix n ux y ao r kcl k h#, w ɛ s t̚ tʃ ɛ s t̚ t ɝ ɨ z ɨ k̚ k aʊ n t̚ t i ɨ n ʉ j ɔ ɹ k̚ k 
/home/isaac/Projects/Thesis/data/timit/data/TRAIN/DR3/FDJH0/SI2195.WAV,h# v ay r axr s ix n f eh kcl sh ix n ah th ix ng sh iy dcl s kcl k r ix m ix tcl hh ix m h#, v aɪ ɹ ɚ s ɨ n f ɛ k̚ ʃ ɨ n ʌ θ ɨ ŋ ʃ i d̚ s k̚ k ɹ ɨ m ɨ t̚ h ɨ m 
/home/isaac/Projects/Thesis/data/timit/data/TRAIN/DR3/FDJH0/SX215.WAV,h# dh ix s er m ih n q eh m f ix s ay z dcl dh ih n iy dcl f axr f er m axr dx ix v ae kcl k sh ix n h#, ð ɨ s ɝ m ɪ n ʔ ɛ m f ɨ s aɪ z d̚ ð ɪ n i d̚ f ɚ f ɝ m ɚ ɾ ɨ v æ k̚ k ʃ ɨ n 
/home/isaac/Projects/Thesis/data/timit/data/TRAIN/DR3/FDJH0/SX35.WAV,h# hh eh l pcl s eh l ax bcl b r ey q y axr bcl b r ah dh er s ix kcl k s eh s h#, h ɛ l p̚ s ɛ l ə b̚ b ɹ eɪ ʔ j ɚ b̚ b ɹ ʌ ð ɝ s ɨ k̚ k s ɛ s 
/home/isaac/Projects/Thesis/data/timit/data/TRAIN/DR3/FDJH0/SX305.WAV,h# k aa dx ih jh tcl ch iy z w ix th tcl ch ay v z ix z dcl d ax l ih sh ix s h#, k ɑ ɾ ɪ dʒ t̚ tʃ i z w ɨ θ t̚ tʃ aɪ v z ɨ z d̚ d ə l ɪ ʃ ɨ s 
/home/isaac/Projects/Thesis/data/timit/data/TRAIN/DR3/FDJH0/SX395.WAV,h# q ay tcl t uh kcl k hh er w er f ao r eh tcl b ih dx ih sh iy r ih l iy gcl g ow ih ng w ih th y ux h#, ʔ aɪ t̚ t ʊ k̚ k h ɝ w ɝ f ɔ ɹ ɛ t̚ b ɪ ɾ ɪ ʃ i ɹ ɪ l i ɡ̚ ɡ oʊ ɪ ŋ w ɪ θ j ʉ 
/home/isaac/Projects/Thesis/data/timit/data/TRAIN/DR3/FDJH0/SI935.WAV,h# k r uh kcl k ih dcl q pau q ow v axr l ae pcl p ih ng pau t w ih s tcl t ih dx er w ay dcl d l iy s pcl p ey s tcl t iy th h#, k ɹ ʊ k̚ k ɪ d̚ ʔ  ʔ oʊ v ɚ l æ p̚ p ɪ ŋ  t w ɪ s t̚ t ɪ ɾ ɝ w aɪ d̚ d l i s p̚ p eɪ s t̚ t i θ 
/home/isaac/Projects/Thesis/data/timit/data/TRAIN/DR3/FDJH0/SI1565.WAV,h# dh ey q ao f ix n th r ux tcl t ih dcl b ih tcl t s ow v axr bcl b ao r dcl d h#, ð eɪ ʔ ɔ f ɨ n θ ɹ ʉ t̚ t ɪ d̚ b ɪ t̚ t s oʊ v ɚ b̚ b ɔ ɹ d̚ d 
/home/isaac/Projects/Thesis/data/timit/data/TRAIN/DR3/MDNS0/SX201.WAV,h# q ah pcl p r ow tcl ch er ih nx axr v y uw w ix dh s tcl t ae tcl ch uw eh s kcl k ax m pcl p ow zh axr h#, ʔ ʌ p̚ p ɹ oʊ t̚ tʃ ɝ ɪ ɾ̃ ɚ v j u w ɨ ð s t̚ t æ t̚ tʃ u ɛ s k̚ k ə m p̚ p oʊ ʒ ɚ 
/home/isaac/Projects/Thesis/data/timit/data/TRAIN/DR3/MDNS0/SX381.WAV,h# w iy w eh l kcl k ax m eh n iy n ux s tcl t ux dx ix n tcl s iy tcl ch y ih axr h#, w i w ɛ l k̚ k ə m ɛ n i n ʉ s t̚ t ʉ ɾ ɨ n t̚ s i t̚ tʃ j ɪ ɚ 
/home/isaac/Projects/Thesis/data/timit/data/TRAIN/DR3/MDNS0/SX291.WAV,h# dh iy ae v ax l ae n tcl ch tcl t r ih gcl g axr dcl d ey m ay nx er er th kcl k w ey kcl k h#, ð i æ v ə l æ n t̚ tʃ t̚ t ɹ ɪ ɡ̚ ɡ ɚ d̚ d eɪ m aɪ ɾ̃ ɝ ɝ θ k̚ k w eɪ k̚ k 
/home/isaac/Projects/Thesis/data/timit/data/TRAIN/DR3/MDNS0/SX111.WAV,h# hh ih z s ah dcl en dcl d ix pcl p aa r tcl ch axr sh aa kcl t dh ix kcl k ae s tcl t h#, h ɪ z s ʌ d̚ n̩ d̚ d ɨ p̚ p ɑ ɹ t̚ tʃ ɚ ʃ ɑ k̚ t ð ɨ k̚ k æ s t̚ t 
/home/isaac/Projects/Thesis/data/timit/data/TRAIN/DR3/MDNS0/SI2271.WAV,h# q ae dcl th eh ng z ix zh y ux f ay n dcl d y ux n iy dcl d ah m h#, ʔ æ d̚ θ ɛ ŋ z ɨ ʒ j ʉ f aɪ n d̚ d j ʉ n i d̚ d ʌ m 
/home/isaac/Projects/Thesis/data/timit/data/TRAIN/DR3/MDNS0/SX21.WAV,h# q aa l f ae l f ih q ih z hh eh l th iy f ao r y uw h#, ʔ ɑ l f æ l f ɪ ʔ ɪ z h ɛ l θ i f ɔ ɹ j u 
/home/isaac/Projects/Thesis/data/timit/data/TRAIN/DR3/MDNS0/SI1011.WAV,h# f l ae kcl k s iy dcl p ow l tcl t ax s ih z ih n m ah s tcl t axr dcl p l ae s tcl t axr z pau s tcl t ih l aa r y ux z dcl d bcl b ay s ah m pcl p er s en s h#, f l æ k̚ k s i d̚ p oʊ l t̚ t ə s ɪ z ɪ n m ʌ s t̚ t ɚ d̚ p l æ s t̚ t ɚ z  s t̚ t ɪ l ɑ ɹ j ʉ z d̚ d b̚ b aɪ s ʌ m p̚ p ɝ s n̩ s 
/home/isaac/Projects/Thesis/data/timit/data/TRAIN/DR3/MDNS0/SI873.WAV,h# b iy kcl k eh r f el dh eh q y ux kcl k iy pcl p q ae dx ih kcl k w ax tcl k ah v r ix dcl jh pau b ah q l uh kcl k f axr pcl p l ey s ih z tcl t ix s ey bcl m ah nx iy h#, b i k̚ k ɛ ɹ f l̩ ð ɛ ʔ j ʉ k̚ k i p̚ p ʔ æ ɾ ɪ k̚ k w ə t̚ k ʌ v ɹ ɨ d̚ dʒ  b ʌ ʔ l ʊ k̚ k f ɚ p̚ p l eɪ s ɪ z t̚ t ɨ s eɪ b̚ m ʌ ɾ̃ i 
/home/isaac/Projects/Thesis/data/timit/data/TRAIN/DR3/MPRD0/SX351.WAV,h# dh ix n uw s ax bcl b er v ax nx ay tcl s epi w er kcl t hh aa r dx ao n r ix f er v r ix sh ix ng dh eh r ow l dcl d er hv ow m h#, ð ɨ n u s ə b̚ b ɝ v ə ɾ̃ aɪ t̚ s  w ɝ k̚ t h ɑ ɹ ɾ ɔ n ɹ ɨ f ɝ v ɹ ɨ ʃ ɨ ŋ ð ɛ ɹ oʊ l d̚ d ɝ ɦ oʊ m 
/home/isaac/Projects/Thesis/data/timit/data/TRAIN/DR3/MPRD0/SI2061.WAV,h# m ey bcl b iy s ax m ah dh uh dcl d ey h#, m eɪ b̚ b i s ə m ʌ ð ʊ d̚ d eɪ 
/home/isaac/Projects/Thesis/data/timit/data/TRAIN/DR3/MPRD0/SX171.WAV,h# dh ix dcl d ay gcl n ow s ix s epi w ah z dcl d ix s kcl k er ix dcl jh ix ng pau hh aw eh v axr pau hh iy w uh z n aa dx ow v axr l iy w er ix dcl d h#, ð ɨ d̚ d aɪ ɡ̚ n oʊ s ɨ s  w ʌ z d̚ d ɨ s k̚ k ɝ ɨ d̚ dʒ ɨ ŋ  h aʊ ɛ v ɚ  h i w ʊ z n ɑ ɾ oʊ v ɚ l i w ɝ ɨ d̚ d 
/home/isaac/Projects/Thesis/data/timit/data/TRAIN/DR3/MPRD0/SX441.WAV,h# d ow q l uh kcl k f axr gcl g r uw pcl v ae l y ix bcl b el z ax nx ax bcl b ae ng kcl k v ao l tcl t h#, d oʊ ʔ l ʊ k̚ k f ɚ ɡ̚ ɡ ɹ u p̚ v æ l j ɨ b̚ b l̩ z ə ɾ̃ ə b̚ b æ ŋ k̚ k v ɔ l t̚ t 
/home/isaac/Projects/Thesis/data/timit/data/TRAIN/DR3/MPRD0/SX261.WAV,h# d ux y ux hv ae v dh iy y eh l ow q oy n q m ix n q r eh dx iy h#, d ʉ j ʉ ɦ æ v ð i j ɛ l oʊ ʔ ɔɪ n ʔ m ɨ n ʔ ɹ ɛ ɾ i 
/home/isaac/Projects/Thesis/data/timit/data/TRAIN/DR3/MPRD0/SI1431.WAV,h# dh ax bcl b ae kcl t ih r iy ix f ao r m d ix tcl t ix pcl p ax kcl k el q ae kcl t ix v ey dx ix dcl d s l ah dcl jh f l aa kcl k h#, ð ə b̚ b æ k̚ t ɪ ɹ i ɨ f ɔ ɹ m d ɨ t̚ t ɨ p̚ p ə k̚ k l̩ ʔ æ k̚ t ɨ v eɪ ɾ ɨ d̚ d s l ʌ d̚ dʒ f l ɑ k̚ k 
/home/isaac/Projects/Thesis/data/timit/data/TRAIN/DR3/MPRD0/SI801.WAV,h# ih nx ih n ux hv aw s dcl jh eh nx er ix s r uw f ow v axr hv ae ng z q er ax l aa dcl jh ix kcl k el q ax nx ax f eh kcl t ix v s ax l ux sh ix n h#, ɪ ɾ̃ ɪ n ʉ ɦ aʊ s d̚ dʒ ɛ ɾ̃ ɝ ɨ s ɹ u f oʊ v ɚ ɦ æ ŋ z ʔ ɝ ə l ɑ d̚ dʒ ɨ k̚ k l̩ ʔ ə ɾ̃ ə f ɛ k̚ t ɨ v s ə l ʉ ʃ ɨ n 
/home/isaac/Projects/Thesis/data/timit/data/TRAIN/DR3/MPRD0/SX81.WAV,h# ix tcl t s ix m pcl p aa s bcl b el tcl t ix dcl d iy l w ax th bcl b y er aa kcl k axr s ix h#, ɨ t̚ t s ɨ m p̚ p ɑ s b̚ b l̩ t̚ t ɨ d̚ d i l w ə θ b̚ b j ɝ ɑ k̚ k ɚ s ɨ 
/home/isaac/Projects/Thesis/data/timit/data/TRAIN/DR3/MVJH0/SI1556.WAV,h# hh iy w ey dx ih n tcl t ih l dh ey w axr ih n s ay dcl dh ih ae l ax v ey dx axr ix n dh eh n s eh dcl d pau n aw w ah tcl d ux w iy dcl d ux h#, h i w eɪ ɾ ɪ n t̚ t ɪ l ð eɪ w ɚ ɪ n s aɪ d̚ ð ɪ æ l ə v eɪ ɾ ɚ ɨ n ð ɛ n s ɛ d̚ d  n aʊ w ʌ t̚ d ʉ w i d̚ d ʉ 
/home/isaac/Projects/Thesis/data/timit/data/TRAIN/DR3/MVJH0/SX206.WAV,h# w en pcl p iy l ih ng ix n ao r axr n dcl jh ix dx ix z hh aa r dcl n aa tcl t ix s pcl p r ey dcl jh ux s h#, w n̩ p̚ p i l ɪ ŋ ɨ n ɔ ɹ ɚ n d̚ dʒ ɨ ɾ ɨ z h ɑ ɹ d̚ n ɑ t̚ t ɨ s p̚ p ɹ eɪ d̚ dʒ ʉ s 
/home/isaac/Projects/Thesis/data/timit/data/TRAIN/DR3/MVJH0/SX26.WAV,h# m ow s tcl t y ah ng r ay z er l iy eh v r ix m ao r nx ix ng h#, m oʊ s t̚ t j ʌ ŋ ɹ aɪ z ɝ l i ɛ v ɹ ɨ m ɔ ɹ ɾ̃ ɨ ŋ 
/home/isaac/Projects/Thesis/data/timit/data/TRAIN/DR3/MVJH0/SX386.WAV,h# w ix tcl ch tcl ch er tcl ch dcl d ux dh ix s epi m ih th s epi w er sh ih pcl p ih n h#, w ɨ t̚ tʃ t̚ tʃ ɝ t̚ tʃ d̚ d ʉ ð ɨ s  m ɪ θ s  w ɝ ʃ ɪ p̚ p ɪ n 
/home/isaac/Projects/Thesis/data/timit/data/TRAIN/DR3/MVJH0/SX116.WAV,h# k l ae s pcl dh ax s kcl k r ux ix n y axr l eh f tcl t hh ae ax n dcl d ax-h h#, k l æ s p̚ ð ə s k̚ k ɹ ʉ ɨ n j ɚ l ɛ f t̚ t h æ ə n d̚ d ə̥ 
/home/isaac/Projects/Thesis/data/timit/data/TRAIN/DR3/MVJH0/SI926.WAV,h# ix nx ah dh uh pcl p uh tcl s eh kcl k s ax nx ax dcl d aa l axr z en s eh n t s bcl b ey s ix s h#, ɨ ɾ̃ ʌ ð ʊ p̚ p ʊ t̚ s ɛ k̚ k s ə ɾ̃ ə d̚ d ɑ l ɚ z n̩ s ɛ n t s b̚ b eɪ s ɨ s 
/home/isaac/Projects/Thesis/data/timit/data/TRAIN/DR3/MVJH0/SI2186.WAV,h# hh axr f ey s tcl t er n dcl p iy ng kcl k w ax th pcl p l eh zh axr ax nx ax s epi m ah dh er dcl d kcl k ao f h#, h ɚ f eɪ s t̚ t ɝ n d̚ p i ŋ k̚ k w ə θ p̚ p l ɛ ʒ ɚ ə ɾ̃ ə s  m ʌ ð ɝ d̚ d k̚ k ɔ f 
/home/isaac/Projects/Thesis/data/timit/data/TRAIN/DR3/MVJH0/SX296.WAV,h# dh ax tcl t uw q aa r dx ix s ix kcl k s tcl ch ey n jh ao dx axr gcl g r ae f s h#, ð ə t̚ t u ʔ ɑ ɹ ɾ ɨ s ɨ k̚ k s t̚ tʃ eɪ n dʒ ɔ ɾ ɚ ɡ̚ ɡ ɹ æ f s 
/home/isaac/Projects/Thesis/data/timit/data/TRAIN/DR3/MTKP0/SI454.WAV,h# ix f y ux dcl d ih s sh r oy kcl k aa f ax nx ix s ix n bcl b ae ng kcl k s pau y ix dcl d ux s ah m th ix ng tcl t ux dh iy kcl k aa n ix m iy hv iy s eh dcl h#, ɨ f j ʉ d̚ d ɪ s ʃ ɹ ɔɪ k̚ k ɑ f ə ɾ̃ ɨ s ɨ n b̚ b æ ŋ k̚ k s  j ɨ d̚ d ʉ s ʌ m θ ɨ ŋ t̚ t ʉ ð i k̚ k ɑ n ɨ m i ɦ i s ɛ d̚ 
/home/isaac/Projects/Thesis/data/timit/data/TRAIN/DR3/MTKP0/SI2283.WAV,h# eh n ux z ay dx ix m z ax m ae n ax z l eh s aa f ax n sh aa dx ih n ax bcl b aa dx iy q axr hv eh dcl d pau dh ix n ih n ax s ah bcl b axr bcl b z h#, ɛ n ʉ z aɪ ɾ ɨ m z ə m æ n ə z l ɛ s ɑ f ə n ʃ ɑ ɾ ɪ n ə b̚ b ɑ ɾ i ʔ ɚ ɦ ɛ d̚ d  ð ɨ n ɪ n ə s ʌ b̚ b ɚ b̚ b z 
/home/isaac/Projects/Thesis/data/timit/data/TRAIN/DR3/MTKP0/SI1023.WAV,h# s ah tcl ch ix n ae nx ax m ax l w ax s eh dcl d ix bcl b iy m iy l iy n ow z dcl d h#, s ʌ t̚ tʃ ɨ n æ ɾ̃ ə m ə l w ə s ɛ d̚ d ɨ b̚ b i m i l i n oʊ z d̚ d 
/home/isaac/Projects/Thesis/data/timit/data/TRAIN/DR3/MTKP0/SX33.WAV,h# k ow kcl k ix n ah tcl k r iy m pcl p ay m ey kcl k s ix n ay s dcl d ix z er tcl h#, k oʊ k̚ k ɨ n ʌ t̚ k ɹ i m p̚ p aɪ m eɪ k̚ k s ɨ n aɪ s d̚ d ɨ z ɝ t̚ 
/home/isaac/Projects/Thesis/data/timit/data/TRAIN/DR3/MTKP0/SX393.WAV,h# sh iy ux z ix z bcl b ow th epi n ey m z ih nx er tcl ch ey n dcl jh ix bcl b l iy h#, ʃ i ʉ z ɨ z b̚ b oʊ θ  n eɪ m z ɪ ɾ̃ ɝ t̚ tʃ eɪ n d̚ dʒ ɨ b̚ b l i 
/home/isaac/Projects/Thesis/data/timit/data/TRAIN/DR3/MTKP0/SX123.WAV,h# ax s kcl k r ux dcl d r ay v er z epi m ey dcl f axr m epi v aa dcl d kcl k ih n ao r n dcl jh dcl jh ux s h#, ə s k̚ k ɹ ʉ d̚ d ɹ aɪ v ɝ z  m eɪ d̚ f ɚ m  v ɑ d̚ d k̚ k ɪ n ɔ ɹ n d̚ dʒ d̚ dʒ ʉ s 
/home/isaac/Projects/Thesis/data/timit/data/TRAIN/DR3/MTKP0/SX213.WAV,h# dh ih n ux z ey zh ix n tcl s ih hv ay er dcl d ih gcl g r ey tcl jh er nx ax l ax s tcl t h#, ð ɪ n ʉ z eɪ ʒ ɨ n t̚ s ɪ ɦ aɪ ɝ d̚ d ɪ ɡ̚ ɡ ɹ eɪ t̚ dʒ ɝ ɾ̃ ə l ə s t̚ t 
/home/isaac/Projects/Thesis/data/timit/data/TRAIN/DR3/MTKP0/SX303.WAV,h# dh ih bcl b l ux dcl jh ey f l uw ow v ax dh aa hv ay bcl b ih l dcl d ix ng h#, ð ɪ b̚ b l ʉ d̚ dʒ eɪ f l u oʊ v ə ð ɑ ɦ aɪ b̚ b ɪ l d̚ d ɨ ŋ 
/home/isaac/Projects/Thesis/data/timit/data/TRAIN/DR3/MBEF0/SI651.WAV,h# f aa r m ao r f r iy kcl k w ax n q l iy q ow v axr iy dx iy ng ix z axr iy z ah l ax v ax s ay kcl k ax l aa zh ix kcl k el kcl k em pcl p el sh en h#, f ɑ ɹ m ɔ ɹ f ɹ i k̚ k w ə n ʔ l i ʔ oʊ v ɚ i ɾ i ŋ ɨ z ɚ i z ʌ l ə v ə s aɪ k̚ k ə l ɑ ʒ ɨ k̚ k l̩ k̚ k m̩ p̚ p l̩ ʃ n̩ 
/home/isaac/Projects/Thesis/data/timit/data/TRAIN/DR3/MBEF0/SX201.WAV,h# hh ax pcl p r ow tcl ch axr ih n axr v y ux w ix s tcl t ae tcl ch ux eh s kcl k em pcl p ow zh axr h#, h ə p̚ p ɹ oʊ t̚ tʃ ɚ ɪ n ɚ v j ʉ w ɨ s t̚ t æ t̚ tʃ ʉ ɛ s k̚ k m̩ p̚ p oʊ ʒ ɚ 
/home/isaac/Projects/Thesis/data/timit/data/TRAIN/DR3/MBEF0/SX381.WAV,h# w uw w ah l kcl k em eh n iy n ux s tcl t ux dcl en t s iy tcl ch y ix axr h#, w u w ʌ l k̚ k m̩ ɛ n i n ʉ s t̚ t ʉ d̚ n̩ t s i t̚ tʃ j ɨ ɚ 
/home/isaac/Projects/Thesis/data/timit/data/TRAIN/DR3/MBEF0/SX291.WAV,h# dh iy ae v ax l ae n ch tcl t r ih gcl axr dx ax m ay nx axr er th kcl k w ey kcl k h#, ð i æ v ə l æ n tʃ t̚ t ɹ ɪ ɡ̚ ɚ ɾ ə m aɪ ɾ̃ ɚ ɝ θ k̚ k w eɪ k̚ k 
/home/isaac/Projects/Thesis/data/timit/data/TRAIN/DR3/MBEF0/SI1281.WAV,h# dh ax s ey m sh eh l dx axr kcl k uh dcl b iy bcl b ix l ix n tcl t uw ix n ix m bcl b ey ng kcl m ax nx ao bcl b ax l ow gcl g r aw n dcl l eh v el h#, ð ə s eɪ m ʃ ɛ l ɾ ɚ k̚ k ʊ d̚ b i b̚ b ɨ l ɨ n t̚ t u ɨ n ɨ m b̚ b eɪ ŋ k̚ m ə ɾ̃ ɔ b̚ b ə l oʊ ɡ̚ ɡ ɹ aʊ n d̚ l ɛ v l̩ 
/home/isaac/Projects/Thesis/data/timit/data/TRAIN/DR3/MBEF0/SX111.WAV,h# hh ix s ah dcl en dcl d iy pcl p aa r ch axr sh aa kcl dh ix kcl k ae s tcl t h#, h ɨ s ʌ d̚ n̩ d̚ d i p̚ p ɑ ɹ tʃ ɚ ʃ ɑ k̚ ð ɨ k̚ k æ s t̚ t 
/home/isaac/Projects/Thesis/data/timit/data/TRAIN/DR3/MBEF0/SI1911.WAV,h# t eh n y ih r z ix gcl g ow dh ey bcl b l uw ah pcl p s ah m ah v aa r dcl d ih tcl ch ix s h#, t ɛ n j ɪ ɹ z ɨ ɡ̚ ɡ oʊ ð eɪ b̚ b l u ʌ p̚ p s ʌ m ʌ v ɑ ɹ d̚ d ɪ t̚ tʃ ɨ s 
/home/isaac/Projects/Thesis/data/timit/data/TRAIN/DR3/MBEF0/SX21.WAV,h# aa l f ae l f ah ix z hh eh l th iy f ao y ix h#, ɑ l f æ l f ʌ ɨ z h ɛ l θ i f ɔ j ɨ 
/home/isaac/Projects/Thesis/data/timit/data/TRAIN/DR3/MJJB0/SX59.WAV,h# dh ix s ih ng er z f ih ng g er hv ae dx ax s pcl p l ih n d er h#, ð ɨ s ɪ ŋ ɝ z f ɪ ŋ ɡ ɝ ɦ æ ɾ ə s p̚ p l ɪ n d ɝ 
/home/isaac/Projects/Thesis/data/timit/data/TRAIN/DR3/MJJB0/SX239.WAV,h# p y er ey s ah m f r ux tcl b ax f ao r pcl p axr pcl p eh r ix ng dh ix s kcl k y uw axr z h#, p j ɝ eɪ s ʌ m f ɹ ʉ t̚ b ə f ɔ ɹ p̚ p ɚ p̚ p ɛ ɹ ɨ ŋ ð ɨ s k̚ k j u ɚ z 
/home/isaac/Projects/Thesis/data/timit/data/TRAIN/DR3/MJJB0/SI1277.WAV,h# s ow w uh dcl d r ey dx aa r pcl p ih kcl k ix tcl sh ih pcl s h#, s oʊ w ʊ d̚ d ɹ eɪ ɾ ɑ ɹ p̚ p ɪ k̚ k ɨ t̚ ʃ ɪ p̚ s 
/home/isaac/Projects/Thesis/data/timit/data/TRAIN/DR3/MJJB0/SX149.WAV,h# w el w ey dx iy ng f ao r tcl ch ih pcl p er sh iy kcl k r ih s kcl k r ao s dh ax s kcl k w eh er m eh nx iy tcl t ay m z h#, w l̩ w eɪ ɾ i ŋ f ɔ ɹ t̚ tʃ ɪ p̚ p ɝ ʃ i k̚ k ɹ ɪ s k̚ k ɹ ɔ s ð ə s k̚ k w ɛ ɝ m ɛ ɾ̃ i t̚ t aɪ m z 
/home/isaac/Projects/Thesis/data/timit/data/TRAIN/DR3/MJJB0/SX419.WAV,h# dh ax f uh tcl b ao l tcl t iy m kcl k ow tcl ch hh ae z ax w aa tcl ch th ih n eh z ax dcl d ay m h#, ð ə f ʊ t̚ b ɔ l t̚ t i m k̚ k oʊ t̚ tʃ h æ z ə w ɑ t̚ tʃ θ ɪ n ɛ z ə d̚ d aɪ m 
/home/isaac/Projects/Thesis/data/timit/data/TRAIN/DR3/MJJB0/SI1769.WAV,h# s ax-h pcl p ow zh ux tcl t eh l m iy dh ax r ih l r iy z en hh iy dcl d r ao l dcl h#, s ə̥ p̚ p oʊ ʒ ʉ t̚ t ɛ l m i ð ə ɹ ɪ l ɹ i z n̩ h i d̚ d ɹ ɔ l d̚ 
/home/isaac/Projects/Thesis/data/timit/data/TRAIN/DR3/MJJB0/SX329.WAV,h# ch ih pcl p ow s pcl p ow n ae l ax m ow nx ih pcl p ey m ix n tcl s en tcl t ih l dh el l ey dx ix s pcl p aa s bcl b el dcl d ey tcl h#, tʃ ɪ p̚ p oʊ s p̚ p oʊ n æ l ə m oʊ ɾ̃ ɪ p̚ p eɪ m ɨ n t̚ s n̩ t̚ t ɪ l ð l̩ l eɪ ɾ ɨ s p̚ p ɑ s b̚ b l̩ d̚ d eɪ t̚ 
/home/isaac/Projects/Thesis/data/timit/data/TRAIN/DR3/MJJB0/SI1139.WAV,h# ih n tcl t ay m sh iy pcl p axr z eh n s er ax r ih s tcl t ix kcl k r ae dx ix kcl k hh ah z bcl b ix n w ax dh ix kcl k ow l bcl b l ae kcl ch ay l dcl d h#, ɪ n t̚ t aɪ m ʃ i p̚ p ɚ z ɛ n s ɝ ə ɹ ɪ s t̚ t ɨ k̚ k ɹ æ ɾ ɨ k̚ k h ʌ z b̚ b ɨ n w ə ð ɨ k̚ k oʊ l b̚ b l æ k̚ tʃ aɪ l d̚ d 
/home/isaac/Projects/Thesis/data/timit/data/TRAIN/DR3/MREH1/SX69.WAV,h# q iy q y axr r ey z ix n z pau q aw tcl d ao r z pau q aa n dh ax pcl p ao r tcl ch s tcl t eh pcl p s h#, ʔ i ʔ j ɚ ɹ eɪ z ɨ n z  ʔ aʊ t̚ d ɔ ɹ z  ʔ ɑ n ð ə p̚ p ɔ ɹ t̚ tʃ s t̚ t ɛ p̚ p s 
/home/isaac/Projects/Thesis/data/timit/data/TRAIN/DR3/MREH1/SI969.WAV,h# w ah tcl t hv eh dcl b ih n dh iy eh m bcl b ae s ax dx axr s epi w iy tcl pau w ax z epi n aw dcl jh ae gcl g ix dcl w ao l z pau q ax v bcl b l ae kcl k ix n dcl b r ih kcl k h#, w ʌ t̚ t ɦ ɛ d̚ b ɪ n ð i ɛ m b̚ b æ s ə ɾ ɚ s  w i t̚  w ə z  n aʊ d̚ dʒ æ ɡ̚ ɡ ɨ d̚ w ɔ l z  ʔ ə v b̚ b l æ k̚ k ɨ n d̚ b ɹ ɪ k̚ k 
/home/isaac/Projects/Thesis/data/timit/data/TRAIN/DR3/MREH1/SX249.WAV,h# q ay q ey tcl q eh v r iy q oy s tcl t axr q ao n ao r ax z pcl p l ey tcl h#, ʔ aɪ ʔ eɪ t̚ ʔ ɛ v ɹ i ʔ ɔɪ s t̚ t ɚ ʔ ɔ n ɔ ɹ ə z p̚ p l eɪ t̚ 
/home/isaac/Projects/Thesis/data/timit/data/TRAIN/DR3/MREH1/SI1599.WAV,h# dh ey m uw v dcl t ao r dcl dh ax s kcl k ih f s pau w ix th sh aa kcl k ix ng q iy gcl g axr n eh s pau eh l bcl b ow ix ng eh n sh ah v eh ng h#, ð eɪ m u v d̚ t ɔ ɹ d̚ ð ə s k̚ k ɪ f s  w ɨ θ ʃ ɑ k̚ k ɨ ŋ ʔ i ɡ̚ ɡ ɚ n ɛ s  ɛ l b̚ b oʊ ɨ ŋ ɛ n ʃ ʌ v ɛ ŋ 
/home/isaac/Projects/Thesis/data/timit/data/TRAIN/DR3/MREH1/SX429.WAV,h# q ey tcl t ux th pcl p ey s tcl t ux bcl b ix sh uh dcl b iy s kcl k w iy z dcl d f r ah m dh ax bcl b aa dx ax m h#, ʔ eɪ t̚ t ʉ θ p̚ p eɪ s t̚ t ʉ b̚ b ɨ ʃ ʊ d̚ b i s k̚ k w i z d̚ d f ɹ ʌ m ð ə b̚ b ɑ ɾ ə m 
/home/isaac/Projects/Thesis/data/timit/data/TRAIN/DR3/MREH1/SX339.WAV,h# d ih dcl sh ao n kcl k ae tcl ch epi dh ae tcl b ih gcl g ux s w ax th aw q hv eh l pcl h#, d ɪ d̚ ʃ ɔ n k̚ k æ t̚ tʃ  ð æ t̚ b ɪ ɡ̚ ɡ ʉ s w ə θ aʊ ʔ ɦ ɛ l p̚ 
/home/isaac/Projects/Thesis/data/timit/data/TRAIN/DR3/MREH1/SI2229.WAV,h# hh aw z y axr s ah n bcl b er n aw h#, h aʊ z j ɚ s ʌ n b̚ b ɝ n aʊ 
/home/isaac/Projects/Thesis/data/timit/data/TRAIN/DR3/MREH1/SX159.WAV,h# dh ix gcl g ah v er m ix n tcl s ao tcl ao th axr ix z ey sh ix n q ah v hh ix s ih dx ix s en sh ih pcl h#, ð ɨ ɡ̚ ɡ ʌ v ɝ m ɨ n t̚ s ɔ t̚ ɔ θ ɚ ɨ z eɪ ʃ ɨ n ʔ ʌ v h ɨ s ɪ ɾ ɨ s n̩ ʃ ɪ p̚ 
/home/isaac/Projects/Thesis/data/timit/data/TRAIN/DR3/MFMC0/SI1762.WAV,h# q ih f sh ih m ux v dcl d gcl g r ey s f ax l iy pau sh ih w ih z kcl k l ah m z iy ae dx ih tcl h#, ʔ ɪ f ʃ ɪ m ʉ v d̚ d ɡ̚ ɡ ɹ eɪ s f ə l i  ʃ ɪ w ɪ z k̚ k l ʌ m z i æ ɾ ɪ t̚ 
/home/isaac/Projects/Thesis/data/timit/data/TRAIN/DR3/MFMC0/SX52.WAV,h# hh axr kcl k l ae s ax-h kcl k el pcl p axr f ao r m ix n tcl s gcl g ey n dcl d kcl k r ih dx ih kcl k el ah kcl k l ey m h#, h ɚ k̚ k l æ s ə̥ k̚ k l̩ p̚ p ɚ f ɔ ɹ m ɨ n t̚ s ɡ̚ ɡ eɪ n d̚ d k̚ k ɹ ɪ ɾ ɪ k̚ k l̩ ʌ k̚ k l eɪ m 
/home/isaac/Projects/Thesis/data/timit/data/TRAIN/DR3/MFMC0/SI502.WAV,h# q ae n jh ux th ih ng kcl k y ux hv ae v l ae ng w ih dcl jh pcl p r aa bcl l em epi s h#, ʔ æ n dʒ ʉ θ ɪ ŋ k̚ k j ʉ ɦ æ v l æ ŋ w ɪ d̚ dʒ p̚ p ɹ ɑ b̚ l m̩  s 
/home/isaac/Projects/Thesis/data/timit/data/TRAIN/DR3/MFMC0/SX322.WAV,h# q ah l eh dh er hv ae n bcl b ey gcl g w ix dcl b iy ix s ux dx ax bcl b el gcl g ih f tcl t h#, ʔ ʌ l ɛ ð ɝ ɦ æ n b̚ b eɪ ɡ̚ ɡ w ɨ d̚ b i ɨ s ʉ ɾ ə b̚ b l̩ ɡ̚ ɡ ɪ f t̚ t 
/home/isaac/Projects/Thesis/data/timit/data/TRAIN/DR3/MFMC0/SX412.WAV,h# g w eh n pcl p l ae n dcl d ih dcl g r iy n bcl b iy n z ix n axr v eh dcl jh tcl t ax bcl b el gcl g aa r dcl en h#, ɡ w ɛ n p̚ p l æ n d̚ d ɪ d̚ ɡ ɹ i n b̚ b i n z ɨ n ɚ v ɛ d̚ dʒ t̚ t ə b̚ b l̩ ɡ̚ ɡ ɑ ɹ d̚ n̩ 
/home/isaac/Projects/Thesis/data/timit/data/TRAIN/DR3/MFMC0/SX142.WAV,h# hh w ih tcl ch l ao ng q aa r dx ix kcl k ax l w ah z ow pcl p ey kcl k q ae n iy dx ix dcl d kcl k l eh r f ix kcl k ey sh epi en h#, h w ɪ t̚ tʃ l ɔ ŋ ʔ ɑ ɹ ɾ ɨ k̚ k ə l w ʌ z oʊ p̚ p eɪ k̚ k ʔ æ n i ɾ ɨ d̚ d k̚ k l ɛ ɹ f ɨ k̚ k eɪ ʃ  n̩ 
/home/isaac/Projects/Thesis/data/timit/data/TRAIN/DR3/MFMC0/SX232.WAV,h# hh ih z f eh l y er tcl t ix q ow pcl p ax n dh ax s tcl t ao r bcl b ay q ey tcl pau k ao s tcl t ih m ih z dcl jh aa bcl h#, h ɪ z f ɛ l j ɝ t̚ t ɨ ʔ oʊ p̚ p ə n ð ə s t̚ t ɔ ɹ b̚ b aɪ ʔ eɪ t̚  k ɔ s t̚ t ɪ m ɪ z d̚ dʒ ɑ b̚ 
/home/isaac/Projects/Thesis/data/timit/data/TRAIN/DR3/MFMC0/SI1132.WAV,h# n ow ah m aw n tcl t ah v bcl b ae l iy hv ux w el kcl k ah v er ah pcl dh ix s ao r dx ix dcl d f ae kcl k s h#, n oʊ ʌ m aʊ n t̚ t ʌ v b̚ b æ l i ɦ ʉ w l̩ k̚ k ʌ v ɝ ʌ p̚ ð ɨ s ɔ ɹ ɾ ɨ d̚ d f æ k̚ k s 
/home/isaac/Projects/Thesis/data/timit/data/TRAIN/DR3/MRJB1/SX120.WAV,h# dh ix kcl k ay ow tcl pau b aa bcl k ae tcl q ix n ax hv ay iy n ah pau q aa r w ay l dcl d q ae n ax m el epi s h#, ð ɨ k̚ k aɪ oʊ t̚  b ɑ b̚ k æ t̚ ʔ ɨ n ə ɦ aɪ i n ʌ  ʔ ɑ ɹ w aɪ l d̚ d ʔ æ n ə m l̩  s 
/home/isaac/Projects/Thesis/data/timit/data/TRAIN/DR3/MRJB1/SX300.WAV,h# q ah m iy bcl b uh z tcl ch ey n dcl sh ey pcl k aa n tcl s tcl t en tcl t l iy h#, ʔ ʌ m i b̚ b ʊ z t̚ tʃ eɪ n d̚ ʃ eɪ p̚ k ɑ n t̚ s t̚ t n̩ t̚ t l i 
/home/isaac/Projects/Thesis/data/timit/data/TRAIN/DR3/MRJB1/SX210.WAV,h# jh eh f s tcl t oy gcl g ow kcl k aa r tcl n eh v er w er kcl t h#, dʒ ɛ f s t̚ t ɔɪ ɡ̚ ɡ oʊ k̚ k ɑ ɹ t̚ n ɛ v ɝ w ɝ k̚ t 
/home/isaac/Projects/Thesis/data/timit/data/TRAIN/DR3/MRJB1/SI1020.WAV,h# dh ax kcl k aw bcl b oy kcl k ao l dcl dh ih s bcl b r iy dx ix v kcl k ae dx el m ae gcl p ay epi s h#, ð ə k̚ k aʊ b̚ b ɔɪ k̚ k ɔ l d̚ ð ɪ s b̚ b ɹ i ɾ ɨ v k̚ k æ ɾ l̩ m æ ɡ̚ p aɪ  s 
/home/isaac/Projects/Thesis/data/timit/data/TRAIN/DR3/MRJB1/SX30.WAV,h# g eh tcl t q ah kcl k ae l ix kcl k ow kcl k ae tcl t ix kcl k iy pcl p h#, ɡ ɛ t̚ t ʔ ʌ k̚ k æ l ɨ k̚ k oʊ k̚ k æ t̚ t ɨ k̚ k i p̚ p 
/home/isaac/Projects/Thesis/data/timit/data/TRAIN/DR3/MRJB1/SX390.WAV,h# hh ix pcl p ih kcl t ah pcl n ay n pcl p eh r z ax v s aa kcl k s f axr q iy tcl ch bcl b r ah dh axr h#, h ɨ p̚ p ɪ k̚ t ʌ p̚ n aɪ n p̚ p ɛ ɹ z ə v s ɑ k̚ k s f ɚ ʔ i t̚ tʃ b̚ b ɹ ʌ ð ɚ 
/home/isaac/Projects/Thesis/data/timit/data/TRAIN/DR3/MRJB1/SI1413.WAV,h# q ih n m ow s tcl d ix s kcl k ah sh ix n z ah v dh ih s f ax n aa m ax n aa n pau dh ax f ih gcl g y er z axr s ax bcl s tcl t ae n tcl sh el iy ix n f l ey dcl d ix dcl d h#, ʔ ɪ n m oʊ s t̚ d ɨ s k̚ k ʌ ʃ ɨ n z ʌ v ð ɪ s f ə n ɑ m ə n ɑ n  ð ə f ɪ ɡ̚ ɡ j ɝ z ɚ s ə b̚ s t̚ t æ n t̚ ʃ l̩ i ɨ n f l eɪ d̚ d ɨ d̚ d 
/home/isaac/Projects/Thesis/data/timit/data/TRAIN/DR3/MRJB1/SI2021.WAV,h# dh eh n hv iy w uh dcl d r ih l ay z dh ey w er r ih l iy epi th ih ng z dh eh tcl q ow n l iy hh iy hv ih m s eh l f kcl k uh dcl th ih ng kcl k h#, ð ɛ n ɦ i w ʊ d̚ d ɹ ɪ l aɪ z ð eɪ w ɝ ɹ ɪ l i  θ ɪ ŋ z ð ɛ t̚ ʔ oʊ n l i h i ɦ ɪ m s ɛ l f k̚ k ʊ d̚ θ ɪ ŋ k̚ k 
/home/isaac/Projects/Thesis/data/timit/data/TRAIN/DR3/MWDK0/SX356.WAV,h# d ay ae n m ey s pcl p l er dcl jh ix n bcl b ay ix tcl t er kcl k oy z n eh kcl k l ix s h#, d aɪ æ n m eɪ s p̚ p l ɝ d̚ dʒ ɨ n b̚ b aɪ ɨ t̚ t ɝ k̚ k ɔɪ z n ɛ k̚ k l ɨ s 
/home/isaac/Projects/Thesis/data/timit/data/TRAIN/DR3/MWDK0/SX176.WAV,h# b ay ix ng ah th er axr bcl b r eh dcl d hv ao r s r axr kcl k w ay axr z q ih n tcl t ux w ih sh ix n q eh n eh kcl k s pcl p axr tcl t iy s h#, b aɪ ɨ ŋ ʌ θ ɝ ɚ b̚ b ɹ ɛ d̚ d ɦ ɔ ɹ s ɹ ɚ k̚ k w aɪ ɚ z ʔ ɪ n t̚ t ʉ w ɪ ʃ ɨ n ʔ ɛ n ɛ k̚ k s p̚ p ɚ t̚ t i s 
/home/isaac/Projects/Thesis/data/timit/data/TRAIN/DR3/MWDK0/SX266.WAV,h# w ix dh dcl d r ao q ow n l iy ix z epi m ah tcl ch epi m ah nx iy ix z ux n iy dcl h#, w ɨ ð d̚ d ɹ ɔ ʔ oʊ n l i ɨ z  m ʌ t̚ tʃ  m ʌ ɾ̃ i ɨ z ʉ n i d̚ 
/home/isaac/Projects/Thesis/data/timit/data/TRAIN/DR3/MWDK0/SI2017.WAV,h# l eh tcl t s hh ow pcl p w ix kcl k ah m tcl t uw ix s ey f axr pcl p l ey s h#, l ɛ t̚ t s h oʊ p̚ p w ɨ k̚ k ʌ m t̚ t u ɨ s eɪ f ɚ p̚ p l eɪ s 
/home/isaac/Projects/Thesis/data/timit/data/TRAIN/DR3/MWDK0/SI806.WAV,h# y ux n iy dx ae n s er z tcl t ax f ao r em pcl p ao r q en tcl k w eh sh tcl ch ix n z h#, j ʉ n i ɾ æ n s ɝ z t̚ t ə f ɔ ɹ m̩ p̚ p ɔ ɹ ʔ n̩ t̚ k w ɛ ʃ t̚ tʃ ɨ n z 
/home/isaac/Projects/Thesis/data/timit/data/TRAIN/DR3/MWDK0/SX86.WAV,h# hh s pcl p ae nx ih kcl k aa s tcl t ux m z axr kcl k w ay tcl k ah l axr f el h#, h s p̚ p æ ɾ̃ ɪ k̚ k ɑ s t̚ t ʉ m z ɚ k̚ k w aɪ t̚ k ʌ l ɚ f l̩ 
/home/isaac/Projects/Thesis/data/timit/data/TRAIN/DR3/MWDK0/SX446.WAV,h# t aa m ih s th ih ng kcl k s ax l aa r dcl jh axr kcl k l ae m pcl s ao l v z dh pcl p r aa bcl b l ax m h#, t ɑ m ɪ s θ ɪ ŋ k̚ k s ə l ɑ ɹ d̚ dʒ ɚ k̚ k l æ m p̚ s ɔ l v z ð p̚ p ɹ ɑ b̚ b l ə m 
/home/isaac/Projects/Thesis/data/timit/data/TRAIN/DR3/MWDK0/SI1436.WAV,h# b ah dx ix q m ah s tcl b iy r axr m eh m bcl b axr dcl dh ih tcl dh ax pcl p l ae n sh ix dcl n aa tcl b iy q ao r iy eh n ih dcl jh iy ix gcl g r ae f ix kcl k l ix h#, b ʌ ɾ ɨ ʔ m ʌ s t̚ b i ɹ ɚ m ɛ m b̚ b ɚ d̚ ð ɪ t̚ ð ə p̚ p l æ n ʃ ɨ d̚ n ɑ t̚ b i ʔ ɔ ɹ i ɛ n ɪ d̚ dʒ i ɨ ɡ̚ ɡ ɹ æ f ɨ k̚ k l ɨ 
/home/isaac/Projects/Thesis/data/timit/data/TRAIN/DR3/FGRW0/SI1152.WAV,h# y ux kcl k uh dcl d aa s ow s ey dh ae q ih n dh iy z pcl p ae m f l eh tcl s q ih z ax r ix l iy v ih ng kcl k w aa l ax tcl t iy q ax v m ix tcl ch er ix tcl t iy h#, j ʉ k̚ k ʊ d̚ d ɑ s oʊ s eɪ ð æ ʔ ɪ n ð i z p̚ p æ m f l ɛ t̚ s ʔ ɪ z ə ɹ ɨ l i v ɪ ŋ k̚ k w ɑ l ə t̚ t i ʔ ə v m ɨ t̚ tʃ ɝ ɨ t̚ t i 
/home/isaac/Projects/Thesis/data/timit/data/TRAIN/DR3/FGRW0/SX72.WAV,h# s pcl p r ih ng s tcl t r iy q ih s tcl t r ey tcl t ix hv eh dcl d h#, s p̚ p ɹ ɪ ŋ s t̚ t ɹ i ʔ ɪ s t̚ t ɹ eɪ t̚ t ɨ ɦ ɛ d̚ d 
/home/isaac/Projects/Thesis/data/timit/data/TRAIN/DR3/FGRW0/SX252.WAV,h# dh ix gcl g ao r dcl jh ix s bcl b ah dx axr f l ay q ey dx ax l aa dx ax v n eh kcl t axr h#, ð ɨ ɡ̚ ɡ ɔ ɹ d̚ dʒ ɨ s b̚ b ʌ ɾ ɚ f l aɪ ʔ eɪ ɾ ə l ɑ ɾ ə v n ɛ k̚ t ɚ 
/home/isaac/Projects/Thesis/data/timit/data/TRAIN/DR3/FGRW0/SI1782.WAV,h# dh eh r axr z ix th ih kcl k pau s kcl k w aa sh iy kcl k r ae kcl k q ix v f ih s tcl t ao n f l eh sh h#, ð ɛ ɹ ɚ z ɨ θ ɪ k̚ k  s k̚ k w ɑ ʃ i k̚ k ɹ æ k̚ k ʔ ɨ v f ɪ s t̚ t ɔ n f l ɛ ʃ 
/home/isaac/Projects/Thesis/data/timit/data/TRAIN/DR3/FGRW0/SX342.WAV,h# t ey kcl ch aa r dcl jh q ax v tcl ch ux z iy ng hv er bcl b r ay dcl s m ey dcl z gcl g aw n z h#, t eɪ k̚ tʃ ɑ ɹ d̚ dʒ ʔ ə v t̚ tʃ ʉ z i ŋ ɦ ɝ b̚ b ɹ aɪ d̚ s m eɪ d̚ z ɡ̚ ɡ aʊ n z 
/home/isaac/Projects/Thesis/data/timit/data/TRAIN/DR3/FGRW0/SX432.WAV,h# k aa f iy q ih z gcl g r ow n q ao n s tcl t iy pcl jh ah ng gcl g el l ay kcl s l ow pcl p s q ih n tcl t eh m pcl p er ix q z ow n z h#, k ɑ f i ʔ ɪ z ɡ̚ ɡ ɹ oʊ n ʔ ɔ n s t̚ t i p̚ dʒ ʌ ŋ ɡ̚ ɡ l̩ l aɪ k̚ s l oʊ p̚ p s ʔ ɪ n t̚ t ɛ m p̚ p ɝ ɨ ʔ z oʊ n z 
/home/isaac/Projects/Thesis/data/timit/data/TRAIN/DR3/FGRW0/SI1990.WAV,h# hh aw w el w iy w er kcl k ih tcl t q aw q h#, h aʊ w l̩ w i w ɝ k̚ k ɪ t̚ t ʔ aʊ ʔ 
/home/isaac/Projects/Thesis/data/timit/data/TRAIN/DR3/FGRW0/SX162.WAV,h# hh er q aa r bcl b er n hh eh r iy m ay n d ix dcl d hh ih m q ax v q aa dx ax m l iy v z h#, h ɝ ʔ ɑ ɹ b̚ b ɝ n h ɛ ɹ i m aɪ n d ɨ d̚ d h ɪ m ʔ ə v ʔ ɑ ɾ ə m l i v z 
/home/isaac/Projects/Thesis/data/timit/data/TRAIN/DR3/MAKR0/SI722.WAV,h# dh ih s tcl ch ey n jh ih z dh ix f ao r m y ix l ih tcl t ix n ax kcl k w ey zh ix n h#, ð ɪ s t̚ tʃ eɪ n dʒ ɪ z ð ɨ f ɔ ɹ m j ɨ l ɪ t̚ t ɨ n ə k̚ k w eɪ ʒ ɨ n 
/home/isaac/Projects/Thesis/data/timit/data/TRAIN/DR3/MAKR0/SX452.WAV,h# ix n d ix v eh l pcl p ix ng f ih l m eh nx iy tcl t aa kcl k s ix kcl k eh m ax kcl k el z axr y ux z h#, ɨ n d ɨ v ɛ l p̚ p ɨ ŋ f ɪ l m ɛ ɾ̃ i t̚ t ɑ k̚ k s ɨ k̚ k ɛ m ə k̚ k l̩ z ɚ j ʉ z 
/home/isaac/Projects/Thesis/data/timit/data/TRAIN/DR3/MAKR0/SX92.WAV,h# q ax l aa r zh hv aw s hh ow l n iy dcl z l aa tcl s ax v ax pcl p l ay ix n s ax-h s h#, ʔ ə l ɑ ɹ ʒ ɦ aʊ s h oʊ l n i d̚ z l ɑ t̚ s ə v ə p̚ p l aɪ ɨ n s ə̥ s 
/home/isaac/Projects/Thesis/data/timit/data/TRAIN/DR3/MAKR0/SX182.WAV,h# th ih kcl g l ux z dcl aw dx ax v dh ax tcl t ux bcl h#, θ ɪ k̚ ɡ l ʉ z d̚ aʊ ɾ ə v ð ə t̚ t ʉ b̚ 
/home/isaac/Projects/Thesis/data/timit/data/TRAIN/DR3/MAKR0/SI1982.WAV,h# t ux kcl k aa r z kcl k eh m ow v axr kcl k r eh s pau dh ix axr kcl k r ow m ax n gcl g l ae s f l ae sh ix ng h#, t ʉ k̚ k ɑ ɹ z k̚ k ɛ m oʊ v ɚ k̚ k ɹ ɛ s  ð ɨ ɚ k̚ k ɹ oʊ m ə n ɡ̚ ɡ l æ s f l æ ʃ ɨ ŋ 
/home/isaac/Projects/Thesis/data/timit/data/TRAIN/DR3/MAKR0/SX362.WAV,h# dh iy ih n oy ix n r ae kcl k ux n s epi l ih pcl t ix n tcl t ux f ih l z gcl g aa r dx en eh v r ix n ay q h#, ð i ɪ n ɔɪ ɨ n ɹ æ k̚ k ʉ n s  l ɪ p̚ t ɨ n t̚ t ʉ f ɪ l z ɡ̚ ɡ ɑ ɹ ɾ n̩ ɛ v ɹ ɨ n aɪ ʔ 
/home/isaac/Projects/Thesis/data/timit/data/TRAIN/DR3/MAKR0/SX272.WAV,h# q ax l aw iy sh tcl ch ay l dcl d ix hv ae v ix n ay s pcl p aa pcl h#, ʔ ə l aʊ i ʃ t̚ tʃ aɪ l d̚ d ɨ ɦ æ v ɨ n aɪ s p̚ p ɑ p̚ 
/home/isaac/Projects/Thesis/data/timit/data/TRAIN/DR3/MAKR0/SI1352.WAV,h# ae s ah tcl ch ih q ae kcl k s eh z ix n ey n kcl k axr f axr dh ix pcl p iy pcl p el h#, æ s ʌ t̚ tʃ ɪ ʔ æ k̚ k s ɛ z ɨ n eɪ n k̚ k ɚ f ɚ ð ɨ p̚ p i p̚ p l̩ 
/home/isaac/Projects/Thesis/data/timit/data/TRAIN/DR3/MJDA0/SI1661.WAV,h# d iy n ow w axr m ay dx ix v gcl g aa n h#, d i n oʊ w ɚ m aɪ ɾ ɨ v ɡ̚ ɡ ɑ n 
/home/isaac/Projects/Thesis/data/timit/data/TRAIN/DR3/MJDA0/SX131.WAV,h# w ax pcl p l ae n d ix bcl b ih l dcl d ix n ux bcl b eh v r ix dcl jh pcl p l ae n tcl h#, w ə p̚ p l æ n d ɨ b̚ b ɪ l d̚ d ɨ n ʉ b̚ b ɛ v ɹ ɨ d̚ dʒ p̚ p l æ n t̚ 
/home/isaac/Projects/Thesis/data/timit/data/TRAIN/DR3/MJDA0/SX41.WAV,h# hh eh dx ih kcl k ih tcl m ae n dcl d ey tcl s kcl k em pcl p l ay ix n tcl s w ax dh ix gcl z ih s tcl t ix ng r eh gcl y ih l ey sh epi en epi s h#, h ɛ ɾ ɪ k̚ k ɪ t̚ m æ n d̚ d eɪ t̚ s k̚ k m̩ p̚ p l aɪ ɨ n t̚ s w ə ð ɨ ɡ̚ z ɪ s t̚ t ɨ ŋ ɹ ɛ ɡ̚ j ɪ l eɪ ʃ  n̩  s 
/home/isaac/Projects/Thesis/data/timit/data/TRAIN/DR3/MJDA0/SX311.WAV,h# m ay dcl d ix z ay er z ax s ih m pcl p el gcl g ih m iy w ah n ix n f ao r m ix dx ix v pcl p eh axr gcl g r ae f q ao n ax s ah bcl jh eh kcl t h#, m aɪ d̚ d ɨ z aɪ ɝ z ə s ɪ m p̚ p l̩ ɡ̚ ɡ ɪ m i w ʌ n ɨ n f ɔ ɹ m ɨ ɾ ɨ v p̚ p ɛ ɚ ɡ̚ ɡ ɹ æ f ʔ ɔ n ə s ʌ b̚ dʒ ɛ k̚ t 
/home/isaac/Projects/Thesis/data/timit/data/TRAIN/DR3/MJDA0/SI1031.WAV,h# q ey n tcl t sh iy bcl b y ux dx iy dh ow h#, ʔ eɪ n t̚ t ʃ i b̚ b j ʉ ɾ i ð oʊ 
/home/isaac/Projects/Thesis/data/timit/data/TRAIN/DR3/MJDA0/SX401.WAV,h# t ae kcl s ax-h kcl k ae bcl b r ow kcl d aw nx ax-h n kcl k ao z ax tcl t r ae f ax-h kcl jh ae m h#, t æ k̚ s ə̥ k̚ k æ b̚ b ɹ oʊ k̚ d aʊ ɾ̃ ə̥ n k̚ k ɔ z ə t̚ t ɹ æ f ə̥ k̚ dʒ æ m 
/home/isaac/Projects/Thesis/data/timit/data/TRAIN/DR3/MJDA0/SI2291.WAV,h# dh ae dx ix z q ow n l ix pcl p aa r l ix n aa n aa n tcl s eh n tcl s epi ix bcl b ix gcl g ae n h#, ð æ ɾ ɨ z ʔ oʊ n l ɨ p̚ p ɑ ɹ l ɨ n ɑ n ɑ n t̚ s ɛ n t̚ s  ɨ b̚ b ɨ ɡ̚ ɡ æ n 
/home/isaac/Projects/Thesis/data/timit/data/TRAIN/DR3/MJDA0/SX221.WAV,h# k ao r iy ix tcl t ae kcl th ax-h pcl p r aa dcl jh eh kcl t w ax dh eh kcl sh axr dcl d iy tcl t er m ix n ey sh en h#, k ɔ ɹ i ɨ t̚ t æ k̚ θ ə̥ p̚ p ɹ ɑ d̚ dʒ ɛ k̚ t w ə ð ɛ k̚ ʃ ɚ d̚ d i t̚ t ɝ m ɨ n eɪ ʃ n̩ 
/home/isaac/Projects/Thesis/data/timit/data/TRAIN/DR3/MDLH0/SX340.WAV,h# d ah kcl s hv ae v w eh bcl d f iy tcl pau eh ng kcl k ah l axr f el f eh dh axr z h#, d ʌ k̚ s ɦ æ v w ɛ b̚ d f i t̚  ɛ ŋ k̚ k ʌ l ɚ f l̩ f ɛ ð ɚ z 
/home/isaac/Projects/Thesis/data/timit/data/TRAIN/DR3/MDLH0/SI700.WAV,h# y axr s ow pcl p r iy aa kcl k y ix pcl p ay dcl dh eh q y ix v l eh tcl y axr f ey th gcl g r ow dcl d ih m h#, j ɚ s oʊ p̚ p ɹ i ɑ k̚ k j ɨ p̚ p aɪ d̚ ð ɛ ʔ j ɨ v l ɛ t̚ j ɚ f eɪ θ ɡ̚ ɡ ɹ oʊ d̚ d ɪ m 
/home/isaac/Projects/Thesis/data/timit/data/TRAIN/DR3/MDLH0/SX70.WAV,h# d ix dcl jh ux iy tcl y eh tcl h#, d ɨ d̚ dʒ ʉ i t̚ j ɛ t̚ 
/home/isaac/Projects/Thesis/data/timit/data/TRAIN/DR3/MDLH0/SX430.WAV,h# dh ow z hv uw axr nx aa tcl p y er ix s tcl s pau y ux z kcl k ae n v eh jh tcl t ax-h bcl el z w ax n m ey kcl k eng s tcl t ux h#, ð oʊ z ɦ u ɚ ɾ̃ ɑ t̚ p j ɝ ɨ s t̚ s  j ʉ z k̚ k æ n v ɛ dʒ t̚ t ə̥ b̚ l̩ z w ə n m eɪ k̚ k ŋ̍ s t̚ t ʉ 
/home/isaac/Projects/Thesis/data/timit/data/TRAIN/DR3/MDLH0/SI1960.WAV,h# q ix s l ah gcl hh eh dcl t ao r n hv ae f ax-h v hv ih s tcl t er ax pcl g aa r dx ax w ey h#, ʔ ɨ s l ʌ ɡ̚ h ɛ d̚ t ɔ ɹ n ɦ æ f ə̥ v ɦ ɪ s t̚ t ɝ ə p̚ ɡ ɑ ɹ ɾ ə w eɪ 
/home/isaac/Projects/Thesis/data/timit/data/TRAIN/DR3/MDLH0/SX160.WAV,h# q ae z kcl k ow ao th axr z pau w ix pcl p axr z eh nx ix dx aa r n ux bcl b uh kcl t ix dh ax hv aa dx iy pau aa dx iy ix n tcl s h#, ʔ æ z k̚ k oʊ ɔ θ ɚ z  w ɨ p̚ p ɚ z ɛ ɾ̃ ɨ ɾ ɑ ɹ n ʉ b̚ b ʊ k̚ t ɨ ð ə ɦ ɑ ɾ i  ɑ ɾ i ɨ n t̚ s 
/home/isaac/Projects/Thesis/data/timit/data/TRAIN/DR3/MDLH0/SX250.WAV,h# dh ax-h bcl b ao s tcl t en bcl b ae l ey ow v ax kcl k ey m dh eh r f ah n dcl ix ng sh ao r dx ix dcl jh h#, ð ə̥ b̚ b ɔ s t̚ t n̩ b̚ b æ l eɪ oʊ v ə k̚ k eɪ m ð ɛ ɹ f ʌ n d̚ ɨ ŋ ʃ ɔ ɹ ɾ ɨ d̚ dʒ 
/home/isaac/Projects/Thesis/data/timit/data/TRAIN/DR3/MDLH0/SI574.WAV,h# q ih tcl m ow dx ax v ey tcl s hh ih z bcl b iy hv ey v y axr h#, ʔ ɪ t̚ m oʊ ɾ ə v eɪ t̚ s h ɪ z b̚ b i ɦ eɪ v j ɚ 
/home/isaac/Projects/Thesis/data/timit/data/TRAIN/DR3/MWGR0/SI1606.WAV,h# q ix n f eh kcl k sh ix s hh eh pcl p ix tcl t ay dx ih s hh iy sh aw dx ix dcl d hh aa r dx ix l iy h#, ʔ ɨ n f ɛ k̚ k ʃ ɨ s h ɛ p̚ p ɨ t̚ t aɪ ɾ ɪ s h i ʃ aʊ ɾ ɨ d̚ d h ɑ ɹ ɾ ɨ l i 
/home/isaac/Projects/Thesis/data/timit/data/TRAIN/DR3/MWGR0/SX166.WAV,h# b ay ae l ix dcl jh ix s y ux z r ey dx iy ow ae kcl t ix v ay s ix tcl t ow pcl s tcl t ix s tcl t ah dx iy m ay kcl k r ow ao r gcl g ix n ix z ix m z h#, b aɪ æ l ɨ d̚ dʒ ɨ s j ʉ z ɹ eɪ ɾ i oʊ æ k̚ t ɨ v aɪ s ɨ t̚ t oʊ p̚ s t̚ t ɨ s t̚ t ʌ ɾ i m aɪ k̚ k ɹ oʊ ɔ ɹ ɡ̚ ɡ ɨ n ɨ z ɨ m z 
/home/isaac/Projects/Thesis/data/timit/data/TRAIN/DR3/MWGR0/SI976.WAV,h# n aw ah dcl d ix s tcl t ih ng w ix sh tcl t ow l dcl m ae n kcl k ao l dx aa n ay n dcl d ix v ih nx ih tcl t iy z tcl t ax-h kcl k ah m ix n dcl jh oy n ix epi s h#, n aʊ ʌ d̚ d ɨ s t̚ t ɪ ŋ w ɨ ʃ t̚ t oʊ l d̚ m æ n k̚ k ɔ l ɾ ɑ n aɪ n d̚ d ɨ v ɪ ɾ̃ ɪ t̚ t i z t̚ t ə̥ k̚ k ʌ m ɨ n d̚ dʒ ɔɪ n ɨ  s 
/home/isaac/Projects/Thesis/data/timit/data/TRAIN/DR3/MWGR0/SX346.WAV,h# dh ix bcl b eh r ix kcl k ux dx axr r iy kcl k oy l dcl f r ax n dh ax s er pcl p ix n tcl s pcl p oy z en ix s f ae ng s h#, ð ɨ b̚ b ɛ ɹ ɨ k̚ k ʉ ɾ ɚ ɹ i k̚ k ɔɪ l d̚ f ɹ ə n ð ə s ɝ p̚ p ɨ n t̚ s p̚ p ɔɪ z n̩ ɨ s f æ ŋ s 
/home/isaac/Projects/Thesis/data/timit/data/TRAIN/DR3/MWGR0/SX256.WAV,h# dh iy ay r ey tcl q ae kcl t axr s tcl t aa m pcl t ax w ey q ih dcl d iy aa dx ix kcl k l ix h#, ð i aɪ ɹ eɪ t̚ ʔ æ k̚ t ɚ s t̚ t ɑ m p̚ t ə w eɪ ʔ ɪ d̚ d i ɑ ɾ ɨ k̚ k l ɨ 
/home/isaac/Projects/Thesis/data/timit/data/TRAIN/DR3/MWGR0/SX76.WAV,h# jh eh tcl l iy pcl p l ey s dcl jh ih m z f ow m s kcl k ax l pcl ch axr ix n dh ax bcl b aa kcl k s h#, dʒ ɛ t̚ l i p̚ p l eɪ s d̚ dʒ ɪ m z f oʊ m s k̚ k ə l p̚ tʃ ɚ ɨ n ð ə b̚ b ɑ k̚ k s 
/home/isaac/Projects/Thesis/data/timit/data/TRAIN/DR3/MWGR0/SX436.WAV,h# p l iy z s ih ng dcl jh ah s tcl dh ih kcl k l ah bcl b th iy m h#, p l i z s ɪ ŋ d̚ dʒ ʌ s t̚ ð ɪ k̚ k l ʌ b̚ b θ i m 
/home/isaac/Projects/Thesis/data/timit/data/TRAIN/DR3/MWGR0/SI2236.WAV,h# n aw dcl d ow tcl t eh l m iy w ah dx ix gcl g uh dcl b ao l pcl p l ey axr y uw aa r h#, n aʊ d̚ d oʊ t̚ t ɛ l m i w ʌ ɾ ɨ ɡ̚ ɡ ʊ d̚ b ɔ l p̚ p l eɪ ɚ j u ɑ ɹ 
/home/isaac/Projects/Thesis/data/timit/data/TRAIN/DR3/FGCS0/SI2116.WAV,h# ix z dh eh r eh nx iy w er dcl jh uw w uh dcl d l ay kcl t ax q ao f er ix n y er ow n dcl d ix f eh n s h#, ɨ z ð ɛ ɹ ɛ ɾ̃ i w ɝ d̚ dʒ u w ʊ d̚ d l aɪ k̚ t ə ʔ ɔ f ɝ ɨ n j ɝ oʊ n d̚ d ɨ f ɛ n s 
/home/isaac/Projects/Thesis/data/timit/data/TRAIN/DR3/FGCS0/SI1486.WAV,h# dh ix f ih er v pcl p ah nx ix sh epi m ix n dcl jh ah s tcl d ih dx en bcl b aa dh axr r ix m h#, ð ɨ f ɪ ɝ v p̚ p ʌ ɾ̃ ɨ ʃ  m ɨ n d̚ dʒ ʌ s t̚ d ɪ ɾ n̩ b̚ b ɑ ð ɚ ɹ ɨ m 
/home/isaac/Projects/Thesis/data/timit/data/TRAIN/DR3/FGCS0/SX226.WAV,h# s tcl t ah f kcl k uh dcl b eh axr l iy hv ae n dcl d el dh ax s ay kcl k el aa dcl jh ix kcl k el tcl t r aa m ax h#, s t̚ t ʌ f k̚ k ʊ d̚ b ɛ ɚ l i ɦ æ n d̚ d l̩ ð ə s aɪ k̚ k l̩ ɑ d̚ dʒ ɨ k̚ k l̩ t̚ t ɹ ɑ m ə 
/home/isaac/Projects/Thesis/data/timit/data/TRAIN/DR3/FGCS0/SX316.WAV,h# dh ae tcl d ao gcl ch ey s ix z kcl k ae tcl s epi m er s ax l ix s epi l iy h#, ð æ t̚ d ɔ ɡ̚ tʃ eɪ s ɨ z k̚ k æ t̚ s  m ɝ s ə l ɨ s  l i 
/home/isaac/Projects/Thesis/data/timit/data/TRAIN/DR3/FGCS0/SX136.WAV,h# s ay ix n tcl t ih f ix kcl p r aa gcl g r eh s kcl k ah m z sh epi ax m dh ix dcl d ix v eh l ax pcl m ih n tcl q ax v n ux tcl t eh kcl k n iy kcl k s h#, s aɪ ɨ n t̚ t ɪ f ɨ k̚ p ɹ ɑ ɡ̚ ɡ ɹ ɛ s k̚ k ʌ m z ʃ  ə m ð ɨ d̚ d ɨ v ɛ l ə p̚ m ɪ n t̚ ʔ ə v n ʉ t̚ t ɛ k̚ k n i k̚ k s 
/home/isaac/Projects/Thesis/data/timit/data/TRAIN/DR3/FGCS0/SX46.WAV,h# dh ae tcl p ih kcl p aa kcl k ix q w ix z kcl k ao q r eh dcl d hv ae n dcl d ix dcl h#, ð æ t̚ p ɪ k̚ p ɑ k̚ k ɨ ʔ w ɨ z k̚ k ɔ ʔ ɹ ɛ d̚ d ɦ æ n d̚ d ɨ d̚ 
/home/isaac/Projects/Thesis/data/timit/data/TRAIN/DR3/FGCS0/SX406.WAV,h# dh axr w ix z ih dcl jh ay gcl g ae nx ih kcl k w aa s pcl p n eh kcl k s tcl t axr q er v ih ng z bcl b ih gcl t aa pcl p hh ae tcl h#, ð ɚ w ɨ z ɪ d̚ dʒ aɪ ɡ̚ ɡ æ ɾ̃ ɪ k̚ k w ɑ s p̚ p n ɛ k̚ k s t̚ t ɚ ʔ ɝ v ɪ ŋ z b̚ b ɪ ɡ̚ t ɑ p̚ p h æ t̚ 
/home/isaac/Projects/Thesis/data/timit/data/TRAIN/DR3/FGCS0/SI856.WAV,h# p uh dx ax dcl d aa l er ix n s eh n s epi l ih m ih dx aa n bcl b eh n ix f ix tcl s h#, p ʊ ɾ ə d̚ d ɑ l ɝ ɨ n s ɛ n s  l ɪ m ɪ ɾ ɑ n b̚ b ɛ n ɨ f ɨ t̚ s 
/home/isaac/Projects/Thesis/data/timit/data/TRAIN/DR3/FLTM0/SX170.WAV,h# dh ah m ay ih n iy ah kcl k l ae s ih kcl k s kcl k aa l axr dcl d ix s ix pcl p ih er dcl w aa l s er v ey ng q ey n tcl ch ix n tcl r uw ix n epi z h#, ð ʌ m aɪ ɪ n i ʌ k̚ k l æ s ɪ k̚ k s k̚ k ɑ l ɚ d̚ d ɨ s ɨ p̚ p ɪ ɝ d̚ w ɑ l s ɝ v eɪ ŋ ʔ eɪ n t̚ tʃ ɨ n t̚ ɹ u ɨ n  z 
/home/isaac/Projects/Thesis/data/timit/data/TRAIN/DR3/FLTM0/SI1700.WAV,h# t ey kcl k y er kcl k aa bcl b ax l axr sh aa pcl s ah m w eh r q eh l epi s h#, t eɪ k̚ k j ɝ k̚ k ɑ b̚ b ə l ɚ ʃ ɑ p̚ s ʌ m w ɛ ɹ ʔ ɛ l  s 
/home/isaac/Projects/Thesis/data/timit/data/TRAIN/DR3/FLTM0/SI2330.WAV,h# q aa m gcl g oy ng tcl t ih s er tcl ch epi dh ih s hh aw epi s h#, ʔ ɑ m ɡ̚ ɡ ɔɪ ŋ t̚ t ɪ s ɝ t̚ tʃ  ð ɪ s h aʊ  s 
/home/isaac/Projects/Thesis/data/timit/data/TRAIN/DR3/FLTM0/SX350.WAV,h# m eh nx iy w eh l th iy tcl t ay kcl k ux n z epi s pcl p l er dcl jh dcl d q eh n bcl b ao tcl b ow th q ey y aa tcl t pau q ae n dcl d ix s kcl k ux n axr h#, m ɛ ɾ̃ i w ɛ l θ i t̚ t aɪ k̚ k ʉ n z  s p̚ p l ɝ d̚ dʒ d̚ d ʔ ɛ n b̚ b ɔ t̚ b oʊ θ ʔ eɪ j ɑ t̚ t  ʔ æ n d̚ d ɨ s k̚ k ʉ n ɚ 
/home/isaac/Projects/Thesis/data/timit/data/TRAIN/DR3/FLTM0/SX260.WAV,h# r ix m eh m bcl b er tcl t uw ah l aw ay dcl d eh nx ih kcl k el tcl t epi w ih n z tcl t ux q eh n tcl t axr f r ih l iy h#, ɹ ɨ m ɛ m b̚ b ɝ t̚ t u ʌ l aʊ aɪ d̚ d ɛ ɾ̃ ɪ k̚ k l̩ t̚ t  w ɪ n z t̚ t ʉ ʔ ɛ n t̚ t ɚ f ɹ ɪ l i 
/home/isaac/Projects/Thesis/data/timit/data/TRAIN/DR3/FLTM0/SX440.WAV,h# dh iy q ae dcl v axr tcl t ay z ix ng epi v er s ix v pcl p l ix m ih th f er ay dx iy s tcl t ao r n eh v r ix tcl ch ey n dcl jh ix s h#, ð i ʔ æ d̚ v ɚ t̚ t aɪ z ɨ ŋ  v ɝ s ɨ v p̚ p l ɨ m ɪ θ f ɝ aɪ ɾ i s t̚ t ɔ ɹ n ɛ v ɹ ɨ t̚ tʃ eɪ n d̚ dʒ ɨ s 
/home/isaac/Projects/Thesis/data/timit/data/TRAIN/DR3/FLTM0/SX80.WAV,h# q ih tcl t s ih l iy gcl g el tcl t ix pcl p ow s tcl d ey dx ih tcl ch eh kcl k h#, ʔ ɪ t̚ t s ɪ l i ɡ̚ ɡ l̩ t̚ t ɨ p̚ p oʊ s t̚ d eɪ ɾ ɪ t̚ tʃ ɛ k̚ k 
/home/isaac/Projects/Thesis/data/timit/data/TRAIN/DR3/FLTM0/SI1070.WAV,h# d ix y uw q ao l w ey z epi n ae v ix gcl g ey tcl l ay kcl dh ih s h#, d ɨ j u ʔ ɔ l w eɪ z  n æ v ɨ ɡ̚ ɡ eɪ t̚ l aɪ k̚ ð ɪ s 
/home/isaac/Projects/Thesis/data/timit/data/TRAIN/DR3/MRDS0/SI1167.WAV,h# w iy eh v n ah dh ih ng d ix hv ay dx ah n d er ax bcl b uh sh el h#, w i ɛ v n ʌ ð ɪ ŋ d ɨ ɦ aɪ ɾ ʌ n d ɝ ə b̚ b ʊ ʃ l̩ 
/home/isaac/Projects/Thesis/data/timit/data/TRAIN/DR3/MRDS0/SX357.WAV,h# dh ax m oy s sh er ix n m ay ay z ix z f axr m ay dcl d r aa pcl s n aa tcl f axr m tcl t ih er z h#, ð ə m ɔɪ s ʃ ɝ ɨ n m aɪ aɪ z ɨ z f ɚ m aɪ d̚ d ɹ ɑ p̚ s n ɑ t̚ f ɚ m t̚ t ɪ ɝ z 
/home/isaac/Projects/Thesis/data/timit/data/TRAIN/DR3/MRDS0/SX177.WAV,h# d ah z kcl k r iy ow l kcl k uh kcl k iy ng y ux z kcl k er iy h#, d ʌ z k̚ k ɹ i oʊ l k̚ k ʊ k̚ k i ŋ j ʉ z k̚ k ɝ i 
/home/isaac/Projects/Thesis/data/timit/data/TRAIN/DR3/MRDS0/SI1797.WAV,h# k ax m ao nx iy w ih s pcl p er dcl d f ao r l eh v el z ax bcl b aw th r iy f iy tcl d aw n s ow dcl d ow n tcl f ao l h#, k ə m ɔ ɾ̃ i w ɪ s p̚ p ɝ d̚ d f ɔ ɹ l ɛ v l̩ z ə b̚ b aʊ θ ɹ i f i t̚ d aʊ n s oʊ d̚ d oʊ n t̚ f ɔ l 
/home/isaac/Projects/Thesis/data/timit/data/TRAIN/DR3/MRDS0/SX267.WAV,h# d r ao q eh v r iy aw dx er l ay n f er s tcl dh eh n f ih l ix n dh iy ix n tcl t ih r ih axr h#, d ɹ ɔ ʔ ɛ v ɹ i aʊ ɾ ɝ l aɪ n f ɝ s t̚ ð ɛ n f ɪ l ɨ n ð i ɨ n t̚ t ɪ ɹ ɪ ɚ 
/home/isaac/Projects/Thesis/data/timit/data/TRAIN/DR3/MRDS0/SX447.WAV,h# f er s tcl t ae dcl m ih l kcl k tcl t ux dh ix sh r eh dx ix dcl ch iy z h#, f ɝ s t̚ t æ d̚ m ɪ l k̚ k t̚ t ʉ ð ɨ ʃ ɹ ɛ ɾ ɨ d̚ tʃ i z 
/home/isaac/Projects/Thesis/data/timit/data/TRAIN/DR3/MRDS0/SI537.WAV,h# ix dx ih z w ah nx ah v dh ax r eh r pcl p ah bcl l ix kcl k v eh n ch er z ih er ax n w ix tcl ch n ih r l iy eh v r iy w ah nx ix z ix gcl g r iy dcl d h#, ɨ ɾ ɪ z w ʌ ɾ̃ ʌ v ð ə ɹ ɛ ɹ p̚ p ʌ b̚ l ɨ k̚ k v ɛ n tʃ ɝ z ɪ ɝ ə n w ɨ t̚ tʃ n ɪ ɹ l i ɛ v ɹ i w ʌ ɾ̃ ɨ z ɨ ɡ̚ ɡ ɹ i d̚ d 
/home/isaac/Projects/Thesis/data/timit/data/TRAIN/DR3/MRDS0/SX87.WAV,h# p axr m ix dx ix v tcl t r ay bcl z hh eh v ax n q ah pcl b iy q ae dx ih tcl t ux dcl d en h#, p ɚ m ɨ ɾ ɨ v t̚ t ɹ aɪ b̚ z h ɛ v ə n ʔ ʌ p̚ b i ʔ æ ɾ ɪ t̚ t ʉ d̚ d n̩ 
/home/isaac/Projects/Thesis/data/timit/data/TRAIN/DR3/MDWM0/SX16.WAV,h# q ax r ow l ax v w ay axr l ey n iy axr dh ax w ao l h#, ʔ ə ɹ oʊ l ə v w aɪ ɚ l eɪ n i ɚ ð ə w ɔ l 
/home/isaac/Projects/Thesis/data/timit/data/TRAIN/DR3/MDWM0/SI916.WAV,h# s ah m ey kcl b y ux dx ax f el tcl ch eh axr z kcl k ae bcl n ih tcl t s tcl ch eh s pau d aa l hv aw z ix z ix tcl t s eh tcl t r ax h#, s ʌ m eɪ k̚ b j ʉ ɾ ə f l̩ t̚ tʃ ɛ ɚ z k̚ k æ b̚ n ɪ t̚ t s t̚ tʃ ɛ s  d ɑ l ɦ aʊ z ɨ z ɨ t̚ t s ɛ t̚ t ɹ ə 
/home/isaac/Projects/Thesis/data/timit/data/TRAIN/DR3/MDWM0/SI2176.WAV,h# w aa tcl ch ix tcl b ih gcl g sh aa tcl q ey hh ao r s epi v oy s y eh l dcl b ae kcl k h#, w ɑ t̚ tʃ ɨ t̚ b ɪ ɡ̚ ɡ ʃ ɑ t̚ ʔ eɪ h ɔ ɹ s  v ɔɪ s j ɛ l d̚ b æ k̚ k 
/home/isaac/Projects/Thesis/data/timit/data/TRAIN/DR3/MDWM0/SI1546.WAV,h# q ix n dh ix pcl p ih dx iy f axr dh eh m hh ih z l ow n l ix n eh s w ix z gcl g ao n h#, ʔ ɨ n ð ɨ p̚ p ɪ ɾ i f ɚ ð ɛ m h ɪ z l oʊ n l ɨ n ɛ s w ɨ z ɡ̚ ɡ ɔ n 
/home/isaac/Projects/Thesis/data/timit/data/TRAIN/DR3/MDWM0/SX286.WAV,h# q ih n eh v r ix m ey dcl jh axr kcl k l ow v axr l iy f pau t r ae f ix kcl k s ah m tcl t ay m z gcl g ix tcl t s bcl b ae kcl t ah pcl h#, ʔ ɪ n ɛ v ɹ ɨ m eɪ d̚ dʒ ɚ k̚ k l oʊ v ɚ l i f  t ɹ æ f ɨ k̚ k s ʌ m t̚ t aɪ m z ɡ̚ ɡ ɨ t̚ t s b̚ b æ k̚ t ʌ p̚ 
/home/isaac/Projects/Thesis/data/timit/data/TRAIN/DR3/MDWM0/SX376.WAV,h# w ih m ih n m ey n eh v axr bcl iy kcl k ah m kcl k ax m pcl p l iy tcl l iy q iy kcl k w el tcl t ix m eh n h#, w ɪ m ɪ n m eɪ n ɛ v ɚ b̚ i k̚ k ʌ m k̚ k ə m p̚ p l i t̚ l i ʔ i k̚ k w l̩ t̚ t ɨ m ɛ n 
/home/isaac/Projects/Thesis/data/timit/data/TRAIN/DR3/MDWM0/SX433.WAV,h# dh iy ow v axr w ey tcl ch aa r m axr kcl k ix dcl s l ih pcl p oy z en ih n tcl t ux eh nx iy w ah n z tcl t iy h#, ð i oʊ v ɚ w eɪ t̚ tʃ ɑ ɹ m ɚ k̚ k ɨ d̚ s l ɪ p̚ p ɔɪ z n̩ ɪ n t̚ t ʉ ɛ ɾ̃ i w ʌ n z t̚ t i 
/home/isaac/Projects/Thesis/data/timit/data/TRAIN/DR3/MDWM0/SX106.WAV,h# q ey hh y ux dcl jh tcl t ae pcl p ix s tcl t r iy hh ah ng ix nx axr hv ao l w ey h#, ʔ eɪ h j ʉ d̚ dʒ t̚ t æ p̚ p ɨ s t̚ t ɹ i h ʌ ŋ ɨ ɾ̃ ɚ ɦ ɔ l w eɪ 
/home/isaac/Projects/Thesis/data/timit/data/TRAIN/DR3/FMJF0/SX264.WAV,h# w iy s ao q ey tcl t ay n iy q ay s ix kcl k el z bcl b iy l ow aa r ux f h#, w i s ɔ ʔ eɪ t̚ t aɪ n i ʔ aɪ s ɨ k̚ k l̩ z b̚ b i l oʊ ɑ ɹ ʉ f 
/home/isaac/Projects/Thesis/data/timit/data/TRAIN/DR3/FMJF0/SX174.WAV,h# dh ah hv ao nx ix dcl d hv aw s epi w ax z ix hv ih tcl d ux tcl t ux aw tcl s tcl t ae nx ix ng ao dx iy ow v ix zh uw l ix f eh kcl k s h#, ð ʌ ɦ ɔ ɾ̃ ɨ d̚ d ɦ aʊ s  w ə z ɨ ɦ ɪ t̚ d ʉ t̚ t ʉ aʊ t̚ s t̚ t æ ɾ̃ ɨ ŋ ɔ ɾ i oʊ v ɨ ʒ u l ɨ f ɛ k̚ k s 
/home/isaac/Projects/Thesis/data/timit/data/TRAIN/DR3/FMJF0/SX354.WAV,h# ey l oy er w ax z ax pcl p oy nx ix dcl t ix q eh kcl k s ax-h kcl k y ux dcl hv axr w ih l h#, eɪ l ɔɪ ɝ w ə z ə p̚ p ɔɪ ɾ̃ ɨ d̚ t ɨ ʔ ɛ k̚ k s ə̥ k̚ k j ʉ d̚ ɦ ɚ w ɪ l 
/home/isaac/Projects/Thesis/data/timit/data/TRAIN/DR3/FMJF0/SX444.WAV,h# dh ax tcl t aa dcl l axr f aw nx ax kcl k l ae m sh eh l n ih axr dh ix kcl k ae m pcl p s ay tcl t h#, ð ə t̚ t ɑ d̚ l ɚ f aʊ ɾ̃ ə k̚ k l æ m ʃ ɛ l n ɪ ɚ ð ɨ k̚ k æ m p̚ p s aɪ t̚ t 
/home/isaac/Projects/Thesis/data/timit/data/TRAIN/DR3/FMJF0/SI1884.WAV,h# dh ax w ae gcl g ix n z w axr bcl b er nx ih ng f ih r s l iy h#, ð ə w æ ɡ̚ ɡ ɨ n z w ɚ b̚ b ɝ ɾ̃ ɪ ŋ f ɪ ɹ s l i 
/home/isaac/Projects/Thesis/data/timit/data/TRAIN/DR3/FMJF0/SI624.WAV,h# hh iy m ey hv ae v ax pcl p oy n q ix n q er dcl jh iy ng dh ae tcl d eh kcl k en q pau th iy m z bcl b iy gcl g ih v ix n f y ux axr pcl p r ay z ix z h#, h i m eɪ ɦ æ v ə p̚ p ɔɪ n ʔ ɨ n ʔ ɝ d̚ dʒ i ŋ ð æ t̚ d ɛ k̚ k n̩ ʔ  θ i m z b̚ b i ɡ̚ ɡ ɪ v ɨ n f j ʉ ɚ p̚ p ɹ aɪ z ɨ z 
/home/isaac/Projects/Thesis/data/timit/data/TRAIN/DR3/FMJF0/SI1254.WAV,h# t uw q aa n axr hv ih m ix z tcl t ix q aa n axr aa r s eh l v z h#, t u ʔ ɑ n ɚ ɦ ɪ m ɨ z t̚ t ɨ ʔ ɑ n ɚ ɑ ɹ s ɛ l v z 
/home/isaac/Projects/Thesis/data/timit/data/TRAIN/DR3/FMJF0/SX84.WAV,h# k ow aa pcl p axr ey sh en ax l ao ng w ix dh q ah n dcl d axr s tcl t ae n dcl d iy ng pau ah l iy v iy ey tcl d ix s pcl p y ux tcl t h#, k oʊ ɑ p̚ p ɚ eɪ ʃ n̩ ə l ɔ ŋ w ɨ ð ʔ ʌ n d̚ d ɚ s t̚ t æ n d̚ d i ŋ  ʌ l i v i eɪ t̚ d ɨ s p̚ p j ʉ t̚ t 
/home/isaac/Projects/Thesis/data/timit/data/TRAIN/DR3/FCKE0/SX31.WAV,h# ey gcl g uh dx ae dx ix tcl t ux dx ix z ah n bcl b iy dx ix bcl b el h#, eɪ ɡ̚ ɡ ʊ ɾ æ ɾ ɨ t̚ t ʉ ɾ ɨ z ʌ n b̚ b i ɾ ɨ b̚ b l̩ 
/home/isaac/Projects/Thesis/data/timit/data/TRAIN/DR3/FCKE0/SX121.WAV,h# t r eh s pcl p ae s ih ng ix z f axr bcl b ih dx en ix n s ah bcl jh ih kcl t ix pcl p eh nx el tcl t iy h#, t ɹ ɛ s p̚ p æ s ɪ ŋ ɨ z f ɚ b̚ b ɪ ɾ n̩ ɨ n s ʌ b̚ dʒ ɪ k̚ t ɨ p̚ p ɛ ɾ̃ l̩ t̚ t i 
/home/isaac/Projects/Thesis/data/timit/data/TRAIN/DR3/FCKE0/SX211.WAV,h# ow n l ix dh ix bcl b eh s tcl p l ey er z ix n dcl jh oy pcl p aa pcl p y ix l eh er tcl t iy h#, oʊ n l ɨ ð ɨ b̚ b ɛ s t̚ p l eɪ ɝ z ɨ n d̚ dʒ ɔɪ p̚ p ɑ p̚ p j ɨ l ɛ ɝ t̚ t i 
/home/isaac/Projects/Thesis/data/timit/data/TRAIN/DR3/FCKE0/SX391.WAV,h# dh ey ao l ay kcl k l ao ng hv aa tcl t sh aw er z h#, ð eɪ ɔ l aɪ k̚ k l ɔ ŋ ɦ ɑ t̚ t ʃ aʊ ɝ z 
/home/isaac/Projects/Thesis/data/timit/data/TRAIN/DR3/FCKE0/SX301.WAV,h# w iy l ay kcl b l ux tcl ch iy z bcl ix tcl v ih kcl t axr pcl p axr f er s w ih s tcl ch iy z h#, w i l aɪ k̚ b l ʉ t̚ tʃ i z b̚ ɨ t̚ v ɪ k̚ t ɚ p̚ p ɚ f ɝ s w ɪ s t̚ tʃ i z 
/home/isaac/Projects/Thesis/data/timit/data/TRAIN/DR3/FCKE0/SI1111.WAV,h# hh ah dx ux w iy dcl d ix f ay n ih q h#, h ʌ ɾ ʉ w i d̚ d ɨ f aɪ n ɪ ʔ 
/home/isaac/Projects/Thesis/data/timit/data/TRAIN/DR3/FCKE0/SI481.WAV,h# dh ih s pau hh iy ae dx ih dcl b r ao dx ax bcl b aw tcl p eh dx iy dcl jh eh l ax s iy z q ix n pcl p eh dx iy pcl p er s en ax l gcl g r iy v ix n s ix z h#, ð ɪ s  h i æ ɾ ɪ d̚ b ɹ ɔ ɾ ə b̚ b aʊ t̚ p ɛ ɾ i d̚ dʒ ɛ l ə s i z ʔ ɨ n p̚ p ɛ ɾ i p̚ p ɝ s n̩ ə l ɡ̚ ɡ ɹ i v ɨ n s ɨ z 
/home/isaac/Projects/Thesis/data/timit/data/TRAIN/DR3/FCKE0/SI1741.WAV,h# sh ux ao w iy z dcl d ih dcl b iy f ao er pau ix n sh ow dcl dh iy ah q m ow s tcl k aa n f ix dx ix n s ix n w ah dx eh v axr w iy ix dcl d v ay z dcl d h#, ʃ ʉ ɔ w i z d̚ d ɪ d̚ b i f ɔ ɝ  ɨ n ʃ oʊ d̚ ð i ʌ ʔ m oʊ s t̚ k ɑ n f ɨ ɾ ɨ n s ɨ n w ʌ ɾ ɛ v ɚ w i ɨ d̚ d v aɪ z d̚ d 
/home/isaac/Projects/Thesis/data/timit/data/TRAIN/DR3/MLNS0/SX237.WAV,h# dh ix kcl k er ih axr w ax z ax dcl d w ao r f h#, ð ɨ k̚ k ɝ ɪ ɚ w ə z ə d̚ d w ɔ ɹ f 
/home/isaac/Projects/Thesis/data/timit/data/TRAIN/DR3/MLNS0/SX147.WAV,h# k axr eh kcl t eh kcl k s ix kcl k ux sh ix n ax m ay ix n s tcl t r ah kcl sh en z ix z kcl k r uw sh el h#, k ɚ ɛ k̚ t ɛ k̚ k s ɨ k̚ k ʉ ʃ ɨ n ə m aɪ ɨ n s t̚ t ɹ ʌ k̚ ʃ n̩ z ɨ z k̚ k ɹ u ʃ l̩ 
/home/isaac/Projects/Thesis/data/timit/data/TRAIN/DR3/MLNS0/SI1407.WAV,h# w ax dh ih nx ah m ah n th kcl k ao l z w axr ah pcl p s eh v en d iy pcl p axr s eh n tcl h#, w ə ð ɪ ɾ̃ ʌ m ʌ n θ k̚ k ɔ l z w ɚ ʌ p̚ p s ɛ v n̩ d i p̚ p ɚ s ɛ n t̚ 
/home/isaac/Projects/Thesis/data/timit/data/TRAIN/DR3/MLNS0/SI777.WAV,h# q iy z ih nx ih n iy eh kcl k s tcl t axr f uh l n ax s iy v ax n l iy axr r aw n dcl d h#, ʔ i z ɪ ɾ̃ ɪ n i ɛ k̚ k s t̚ t ɚ f ʊ l n ə s i v ə n l i ɚ ɹ aʊ n d̚ d 
/home/isaac/Projects/Thesis/data/timit/data/TRAIN/DR3/MLNS0/SI2037.WAV,h# hh iy kcl k r ao s tcl dh ax n eh kcl s tcl m ow dx ow en kcl k l ay m dcl d ix tcl t r iy w ax dh ax dcl jh ah ng g el tcl t r ey l axr s ux m dcl d h#, h i k̚ k ɹ ɔ s t̚ ð ə n ɛ k̚ s t̚ m oʊ ɾ oʊ n̩ k̚ k l aɪ m d̚ d ɨ t̚ t ɹ i w ə ð ə d̚ dʒ ʌ ŋ ɡ l̩ t̚ t ɹ eɪ l ɚ s ʉ m d̚ d 
/home/isaac/Projects/Thesis/data/timit/data/TRAIN/DR3/MLNS0/SX417.WAV,h# v ae l ih l aa dcl jh y ih r l iy s eh l ax bcl b r ey tcl s dh ax-h f er s tcl k ae f bcl b ao r n h#, v æ l ɪ l ɑ d̚ dʒ j ɪ ɹ l i s ɛ l ə b̚ b ɹ eɪ t̚ s ð ə̥ f ɝ s t̚ k æ f b̚ b ɔ ɹ n 
/home/isaac/Projects/Thesis/data/timit/data/TRAIN/DR3/MLNS0/SX57.WAV,h# dh ax-h pcl p r aw l axr w ao axr s kcl k iy m ae s kcl k f axr dcl d z kcl k ay z h#, ð ə̥ p̚ p ɹ aʊ l ɚ w ɔ ɚ s k̚ k i m æ s k̚ k f ɚ d̚ d z k̚ k aɪ z 
/home/isaac/Projects/Thesis/data/timit/data/TRAIN/DR3/MLNS0/SX327.WAV,h# aw r axr s iy v dcl d ix dcl jh oy nx ax pcl p oy m ix n tcl ix n ax bcl b ay aa l ax dcl jh iy ih n iy eh n dcl jh ix n ih axr ng dcl d ax-h pcl p aa r q m en tcl t s h#, aʊ ɹ ɚ s i v d̚ d ɨ d̚ dʒ ɔɪ ɾ̃ ə p̚ p ɔɪ m ɨ n t̚ ɨ n ə b̚ b aɪ ɑ l ə d̚ dʒ i ɪ n i ɛ n d̚ dʒ ɨ n ɪ ɚ ŋ d̚ d ə̥ p̚ p ɑ ɹ ʔ m n̩ t̚ t s 
/home/isaac/Projects/Thesis/data/timit/data/TRAIN/DR3/MDDC0/SI789.WAV,h# b ah tcl p r aa bcl b ax m z kcl k l ih ng tcl t ax pcl p uw l z eh z q eh nx iy pcl p uw l q ow nx axr n ow z h#, b ʌ t̚ p ɹ ɑ b̚ b ə m z k̚ k l ɪ ŋ t̚ t ə p̚ p u l z ɛ z ʔ ɛ ɾ̃ i p̚ p u l ʔ oʊ ɾ̃ ɚ n oʊ z 
/home/isaac/Projects/Thesis/data/timit/data/TRAIN/DR3/MDDC0/SX69.WAV,h# hh iy tcl ch er r ey z en z aw q d ao r z ao n dh ax pcl p ao r tcl ch tcl t eh pcl p s h#, h i t̚ tʃ ɝ ɹ eɪ z n̩ z aʊ ʔ d ɔ ɹ z ɔ n ð ə p̚ p ɔ ɹ t̚ tʃ t̚ t ɛ p̚ p s 
/home/isaac/Projects/Thesis/data/timit/data/TRAIN/DR3/MDDC0/SI2049.WAV,h# sh eh l w iy tcl t iy tcl ch ih m s ah m h#, ʃ ɛ l w i t̚ t i t̚ tʃ ɪ m s ʌ m 
/home/isaac/Projects/Thesis/data/timit/data/TRAIN/DR3/MDDC0/SX249.WAV,h# ay ey tcl t q eh v r iy q oy s tcl t er q ao n ao r ih z pcl p l ey tcl h#, aɪ eɪ t̚ t ʔ ɛ v ɹ i ʔ ɔɪ s t̚ t ɝ ʔ ɔ n ɔ ɹ ɪ z p̚ p l eɪ t̚ 
/home/isaac/Projects/Thesis/data/timit/data/TRAIN/DR3/MDDC0/SI1419.WAV,h# dh ax f ey y er dx ix kcl k iy pcl dh iy z tcl t ux y ux s ix dcl jh ix z dcl d ix s tcl t ih ng kcl pau p r ix z eh n tcl t s hv ae z axr dcl d z tcl t ix dh ix r iy dx axr h#, ð ə f eɪ j ɝ ɾ ɨ k̚ k i p̚ ð i z t̚ t ʉ j ʉ s ɨ d̚ dʒ ɨ z d̚ d ɨ s t̚ t ɪ ŋ k̚  p ɹ ɨ z ɛ n t̚ t s ɦ æ z ɚ d̚ d z t̚ t ɨ ð ɨ ɹ i ɾ ɚ 
/home/isaac/Projects/Thesis/data/timit/data/TRAIN/DR3/MDDC0/SX429.WAV,h# q ey tcl t ux th pcl p ey s tcl t ux bcl sh ix dcl b ix s kcl k w iy z f axr m dh ax bcl b aa dx ax m h#, ʔ eɪ t̚ t ʉ θ p̚ p eɪ s t̚ t ʉ b̚ ʃ ɨ d̚ b ɨ s k̚ k w i z f ɚ m ð ə b̚ b ɑ ɾ ə m 
/home/isaac/Projects/Thesis/data/timit/data/TRAIN/DR3/MDDC0/SX339.WAV,h# d ih dcl sh ao n kcl k eh tcl ch dh ae tcl b ih gcl g ux s hh w ax dh aw tcl hv eh l pcl h#, d ɪ d̚ ʃ ɔ n k̚ k ɛ t̚ tʃ ð æ t̚ b ɪ ɡ̚ ɡ ʉ s h w ə ð aʊ t̚ ɦ ɛ l p̚ 
/home/isaac/Projects/Thesis/data/timit/data/TRAIN/DR3/MDDC0/SX159.WAV,h# dh ix gcl g ah v axr m ih n tcl s ao tcl t q ao th axr ih z ey sh ix n ah v hh ih s ih dx ix s en sh ih pcl h#, ð ɨ ɡ̚ ɡ ʌ v ɚ m ɪ n t̚ s ɔ t̚ t ʔ ɔ θ ɚ ɪ z eɪ ʃ ɨ n ʌ v h ɪ s ɪ ɾ ɨ s n̩ ʃ ɪ p̚ 
/home/isaac/Projects/Thesis/data/timit/data/TRAIN/DR3/MAPV0/SI1923.WAV,h# w ah tcl d ix dcl jh ux m iy n bcl b ay dh ae q r ae dx el s epi n ey kcl g ae gcl g ax-h h#, w ʌ t̚ d ɨ d̚ dʒ ʉ m i n b̚ b aɪ ð æ ʔ ɹ æ ɾ l̩ s  n eɪ k̚ ɡ æ ɡ̚ ɡ ə̥ 
/home/isaac/Projects/Thesis/data/timit/data/TRAIN/DR3/MAPV0/SX33.WAV,h# k ow kcl k ix n ah q k r iy m pcl p ay m ey kcl s ey n ay s dcl d ix z er q h#, k oʊ k̚ k ɨ n ʌ ʔ k ɹ i m p̚ p aɪ m eɪ k̚ s eɪ n aɪ s d̚ d ɨ z ɝ ʔ 
/home/isaac/Projects/Thesis/data/timit/data/TRAIN/DR3/MAPV0/SX393.WAV,h# sh iy y ux z ix z bcl b ow th epi n ey m epi s pau q ix nx axr tcl ch ey n dcl jh ix bcl b l iy h#, ʃ i j ʉ z ɨ z b̚ b oʊ θ  n eɪ m  s  ʔ ɨ ɾ̃ ɚ t̚ tʃ eɪ n d̚ dʒ ɨ b̚ b l i 
/home/isaac/Projects/Thesis/data/timit/data/TRAIN/DR3/MAPV0/SI663.WAV,h# s ae dx ax l ay tcl t s pcl p ah q n ix kcl k s pau r aa kcl k ix tcl t s pau b ax l uw n z pau w ah tcl n eh kcl k s tcl t h#, s æ ɾ ə l aɪ t̚ t s p̚ p ʌ ʔ n ɨ k̚ k s  ɹ ɑ k̚ k ɨ t̚ t s  b ə l u n z  w ʌ t̚ n ɛ k̚ k s t̚ t 
/home/isaac/Projects/Thesis/data/timit/data/TRAIN/DR3/MAPV0/SX123.WAV,h# q ey s kcl k r ux dcl d r ay v er ix z epi m ey dcl d f r ax m v aa dcl k ah q ix n q ao r ix n dcl jh dcl jh ux s h#, ʔ eɪ s k̚ k ɹ ʉ d̚ d ɹ aɪ v ɝ ɨ z  m eɪ d̚ d f ɹ ə m v ɑ d̚ k ʌ ʔ ɨ n ʔ ɔ ɹ ɨ n d̚ dʒ d̚ dʒ ʉ s 
/home/isaac/Projects/Thesis/data/timit/data/TRAIN/DR3/MAPV0/SI1293.WAV,h# dh iy z kcl k er z w axr dcl d ix r ay v dcl b ay q eh n ix n ae l ax s ix s ax v ix kcl k s tcl t eh n epi s ix v s kcl k ay w ey v m eh zh axr m ax n tcl d ey dx ax h#, ð i z k̚ k ɝ z w ɚ d̚ d ɨ ɹ aɪ v d̚ b aɪ ʔ ɛ n ɨ n æ l ə s ɨ s ə v ɨ k̚ k s t̚ t ɛ n  s ɨ v s k̚ k aɪ w eɪ v m ɛ ʒ ɚ m ə n t̚ d eɪ ɾ ə 
/home/isaac/Projects/Thesis/data/timit/data/TRAIN/DR3/MAPV0/SX213.WAV,h# dh ix n ux z ey zh ix n s iy hv ay axr dcl d ey gcl g r ey tcl jh er nx ax l ix s tcl t h#, ð ɨ n ʉ z eɪ ʒ ɨ n s i ɦ aɪ ɚ d̚ d eɪ ɡ̚ ɡ ɹ eɪ t̚ dʒ ɝ ɾ̃ ə l ɨ s t̚ t 
/home/isaac/Projects/Thesis/data/timit/data/TRAIN/DR3/MAPV0/SX303.WAV,h# dh ax bcl b l ux dcl jh ey f l ux q ow v axr dh ix hv ay bcl b ih l dcl d ix ng h#, ð ə b̚ b l ʉ d̚ dʒ eɪ f l ʉ ʔ oʊ v ɚ ð ɨ ɦ aɪ b̚ b ɪ l d̚ d ɨ ŋ 
/home/isaac/Projects/Thesis/data/timit/data/TRAIN/DR3/MRTJ0/SI1551.WAV,h# ow pau w iy m ae nx ih dcl jh tcl t pau sh iy s eh dcl d h#, oʊ  w i m æ ɾ̃ ɪ d̚ dʒ t̚ t  ʃ i s ɛ d̚ d 
/home/isaac/Projects/Thesis/data/timit/data/TRAIN/DR3/MRTJ0/SX52.WAV,h# hh axr kcl k l ae s ix kcl k ax l pcl p axr f ao r m ix n s gcl g ey n dcl d pau k r ih dx ix kcl k ax l pau ax kcl k l ey m h#, h ɚ k̚ k l æ s ɨ k̚ k ə l p̚ p ɚ f ɔ ɹ m ɨ n s ɡ̚ ɡ eɪ n d̚ d  k ɹ ɪ ɾ ɨ k̚ k ə l  ə k̚ k l eɪ m 
/home/isaac/Projects/Thesis/data/timit/data/TRAIN/DR3/MRTJ0/SX322.WAV,h# ax l eh dh axr hv ae n dcl b ae gcl w ax dcl b iy ax s ux dx ax bcl b el gcl g ix f tcl t h#, ə l ɛ ð ɚ ɦ æ n d̚ b æ ɡ̚ w ə d̚ b i ə s ʉ ɾ ə b̚ b l̩ ɡ̚ ɡ ɨ f t̚ t 
/home/isaac/Projects/Thesis/data/timit/data/TRAIN/DR3/MRTJ0/SI2032.WAV,h# hh iy tcl t uh kcl k ax bcl b ix gcl g s epi w ih gcl g ax v ih z dcl d r iy ng kcl k h#, h i t̚ t ʊ k̚ k ə b̚ b ɨ ɡ̚ ɡ s  w ɪ ɡ̚ ɡ ə v ɪ z d̚ d ɹ i ŋ k̚ k 
/home/isaac/Projects/Thesis/data/timit/data/TRAIN/DR3/MRTJ0/SX412.WAV,h# g w eh n pcl p l ae nx ix dcl d gcl g r iy n bcl b iy n z ix n hv er v eh dcl jh tcl t ax bcl b el gcl g aa r dcl en h#, ɡ w ɛ n p̚ p l æ ɾ̃ ɨ d̚ d ɡ̚ ɡ ɹ i n b̚ b i n z ɨ n ɦ ɝ v ɛ d̚ dʒ t̚ t ə b̚ b l̩ ɡ̚ ɡ ɑ ɹ d̚ n̩ 
/home/isaac/Projects/Thesis/data/timit/data/TRAIN/DR3/MRTJ0/SX142.WAV,h# w ih tcl ch l ao ng q aa r dx ix kcl k el w aa z epi ow pcl p eh kcl k pau q ae n iy dx ix dcl k l ae axr f ix kcl k ey sh en h#, w ɪ t̚ tʃ l ɔ ŋ ʔ ɑ ɹ ɾ ɨ k̚ k l̩ w ɑ z  oʊ p̚ p ɛ k̚ k  ʔ æ n i ɾ ɨ d̚ k l æ ɚ f ɨ k̚ k eɪ ʃ n̩ 
/home/isaac/Projects/Thesis/data/timit/data/TRAIN/DR3/MRTJ0/SX232.WAV,h# hh ih z f ey l ih axr tcl t ux q ow pcl p ix n ax s tcl t ao r bcl b ay q ey tcl pau k ao s tcl t ih m hh ix z dcl jh aa bcl b h#, h ɪ z f eɪ l ɪ ɚ t̚ t ʉ ʔ oʊ p̚ p ɨ n ə s t̚ t ɔ ɹ b̚ b aɪ ʔ eɪ t̚  k ɔ s t̚ t ɪ m h ɨ z d̚ dʒ ɑ b̚ b 
/home/isaac/Projects/Thesis/data/timit/data/TRAIN/DR3/MRTJ0/SI772.WAV,h# ax kcl k aa r dcl b ao r dcl p ae dx axr n pau k ah tcl t ix f ix dx ix n s ay dcl hh ow l dcl axr w uh hh eh l pcl t ax-h pcl p r ih v eh n tcl pau w ao r pcl p iy ng h#, ə k̚ k ɑ ɹ d̚ b ɔ ɹ d̚ p æ ɾ ɚ n  k ʌ t̚ t ɨ f ɨ ɾ ɨ n s aɪ d̚ h oʊ l d̚ ɚ w ʊ h ɛ l p̚ t ə̥ p̚ p ɹ ɪ v ɛ n t̚  w ɔ ɹ p̚ p i ŋ 
/home/isaac/Projects/Thesis/data/timit/data/TRAIN/DR3/FSJS0/SX271.WAV,h# b iy kcl k eh r f el n aa tcl t ax-h pcl p l aw ow v er dh ax f l aw er bcl b eh dcl s h#, b i k̚ k ɛ ɹ f l̩ n ɑ t̚ t ə̥ p̚ p l aʊ oʊ v ɝ ð ə f l aʊ ɝ b̚ b ɛ d̚ s 
/home/isaac/Projects/Thesis/data/timit/data/TRAIN/DR3/FSJS0/SI541.WAV,h# ih dcl hh eh l pcl p s dh ow z pcl p iy pcl p el hh uw hh eh l pcl dh ax m s eh l v s h#, ɪ d̚ h ɛ l p̚ p s ð oʊ z p̚ p i p̚ p l̩ h u h ɛ l p̚ ð ə m s ɛ l v s 
/home/isaac/Projects/Thesis/data/timit/data/TRAIN/DR3/FSJS0/SX451.WAV,h# dh ax th ih kcl k ix q eh l m f ao r ix s tcl t w ax z n ih r l iy q ow v er w eh l m bcl b ay dcl d ah tcl ch eh l m dcl d ix z iy s h#, ð ə θ ɪ k̚ k ɨ ʔ ɛ l m f ɔ ɹ ɨ s t̚ t w ə z n ɪ ɹ l i ʔ oʊ v ɝ w ɛ l m b̚ b aɪ d̚ d ʌ t̚ tʃ ɛ l m d̚ d ɨ z i s 
/home/isaac/Projects/Thesis/data/timit/data/TRAIN/DR3/FSJS0/SX181.WAV,h# r ih tcl ch l uh kcl k t f er s pcl p aa dx ix dcl ax hv ay y iy nx ix z ix n dcl jh ae gcl g w ay er z q ao n dh ix s ax-h f aa r iy h#, ɹ ɪ t̚ tʃ l ʊ k̚ k t f ɝ s p̚ p ɑ ɾ ɨ d̚ ə ɦ aɪ j i ɾ̃ ɨ z ɨ n d̚ dʒ æ ɡ̚ ɡ w aɪ ɝ z ʔ ɔ n ð ɨ s ə̥ f ɑ ɹ i 
/home/isaac/Projects/Thesis/data/timit/data/TRAIN/DR3/FSJS0/SI1801.WAV,h# ih f w iy l eh f tcl t w ah n w iy dcl hv ae f tcl t ax w ay pcl p ix q f axr f iy ng gcl g er pcl p r ih n tcl s h#, ɪ f w i l ɛ f t̚ t w ʌ n w i d̚ ɦ æ f t̚ t ə w aɪ p̚ p ɨ ʔ f ɚ f i ŋ ɡ̚ ɡ ɝ p̚ p ɹ ɪ n t̚ s 
/home/isaac/Projects/Thesis/data/timit/data/TRAIN/DR3/FSJS0/SX361.WAV,h# dh ax s pcl p iy tcl ch s ix m pcl p ow z iy ah m ay tcl bcl b iy gcl g ih n m ah n dcl d ey h#, ð ə s p̚ p i t̚ tʃ s ɨ m p̚ p oʊ z i ʌ m aɪ t̚ b̚ b i ɡ̚ ɡ ɪ n m ʌ n d̚ d eɪ 
/home/isaac/Projects/Thesis/data/timit/data/TRAIN/DR3/FSJS0/SI1171.WAV,h# n ao r w er hv ih z m ae nx er z bcl b aa r bcl b eh r ix kcl k h#, n ɔ ɹ w ɝ ɦ ɪ z m æ ɾ̃ ɝ z b̚ b ɑ ɹ b̚ b ɛ ɹ ɨ k̚ k 
/home/isaac/Projects/Thesis/data/timit/data/TRAIN/DR3/FSJS0/SX91.WAV,h# dh ax m ih s pcl p r ih n tcl p ax v ow kcl k tcl t q ix n ih n m iy dx iy ix tcl d ix s kcl k l ey m er h#, ð ə m ɪ s p̚ p ɹ ɪ n t̚ p ə v oʊ k̚ k t̚ t ʔ ɨ n ɪ n m i ɾ i ɨ t̚ d ɨ s k̚ k l eɪ m ɝ 
/home/isaac/Projects/Thesis/data/timit/data/TRAIN/DR3/MTPG0/SX33.WAV,h# k ow kcl k ax n ah tcl k r iy m pcl p ay m ey kcl s ax n ay s dcl d ax z er tcl h#, k oʊ k̚ k ə n ʌ t̚ k ɹ i m p̚ p aɪ m eɪ k̚ s ə n aɪ s d̚ d ə z ɝ t̚ 
/home/isaac/Projects/Thesis/data/timit/data/TRAIN/DR3/MTPG0/SI753.WAV,h# m ey kcl k ey pcl p ey s tcl t ax v bcl b r aw n sh uh gcl axr ix n m ah s tcl t axr dx ix n s pcl p r eh dx l ay l ih ow v axr s kcl k ao r dcl s er f ax-h s h#, m eɪ k̚ k eɪ p̚ p eɪ s t̚ t ə v b̚ b ɹ aʊ n ʃ ʊ ɡ̚ ɚ ɨ n m ʌ s t̚ t ɚ ɾ ɨ n s p̚ p ɹ ɛ ɾ l aɪ l ɪ oʊ v ɚ s k̚ k ɔ ɹ d̚ s ɝ f ə̥ s 
/home/isaac/Projects/Thesis/data/timit/data/TRAIN/DR3/MTPG0/SX393.WAV,h# sh iy y ux z ih z bcl b ow th epi n ey m z pau q ih nx er tcl ch ey n dcl jh ax bcl b l iy h#, ʃ i j ʉ z ɪ z b̚ b oʊ θ  n eɪ m z  ʔ ɪ ɾ̃ ɝ t̚ tʃ eɪ n d̚ dʒ ə b̚ b l i 
/home/isaac/Projects/Thesis/data/timit/data/TRAIN/DR3/MTPG0/SX123.WAV,h# q ey s kcl k r ux dcl r ay v axr ix z m ey f r em epi v aa dcl k eh n ao axr n jh dcl jh ux s h#, ʔ eɪ s k̚ k ɹ ʉ d̚ ɹ aɪ v ɚ ɨ z m eɪ f ɹ m̩  v ɑ d̚ k ɛ n ɔ ɚ n dʒ d̚ dʒ ʉ s 
/home/isaac/Projects/Thesis/data/timit/data/TRAIN/DR3/MTPG0/SX213.WAV,h# dh ih n ux z ey jh en s iy hh ay er dx ax gcl g r ey tcl jh er nx el ax s tcl t h#, ð ɪ n ʉ z eɪ dʒ n̩ s i h aɪ ɝ ɾ ə ɡ̚ ɡ ɹ eɪ t̚ dʒ ɝ ɾ̃ l̩ ə s t̚ t 
/home/isaac/Projects/Thesis/data/timit/data/TRAIN/DR3/MTPG0/SI2013.WAV,h# dh ix w axr ao l r eh dx iy s epi w ow l ax n tcl t ax bcl b er s tcl t iy ng h#, ð ɨ w ɚ ɔ l ɹ ɛ ɾ i s  w oʊ l ə n t̚ t ə b̚ b ɝ s t̚ t i ŋ 
/home/isaac/Projects/Thesis/data/timit/data/TRAIN/DR3/MTPG0/SI1383.WAV,h# hh aw m ah tcl ch ix n hv aw m ax nx iy pcl p r aa f ax tcl s kcl k uh dx ax m ax dcl jh ao axr dx iy tcl t ey kcl k ae dx ah dh ax l ao s ix z ax v ax f y ux h#, h aʊ m ʌ t̚ tʃ ɨ n ɦ aʊ m ə ɾ̃ i p̚ p ɹ ɑ f ə t̚ s k̚ k ʊ ɾ ə m ə d̚ dʒ ɔ ɚ ɾ i t̚ t eɪ k̚ k æ ɾ ʌ ð ə l ɔ s ɨ z ə v ə f j ʉ 
/home/isaac/Projects/Thesis/data/timit/data/TRAIN/DR3/MTPG0/SX303.WAV,h# dh ix bcl b l ux dcl jh ey f l uw ow v axr dh iy hh ay bcl b ih l dcl d ix ng h#, ð ɨ b̚ b l ʉ d̚ dʒ eɪ f l u oʊ v ɚ ð i h aɪ b̚ b ɪ l d̚ d ɨ ŋ 
/home/isaac/Projects/Thesis/data/timit/data/TRAIN/DR3/MRTC0/SX378.WAV,h# q ay dcl jh eh s ao dcl jh ih m n ih axr dh ax n uw q ao r kcl k iy el aa dcl jh ix kcl k el m y ux z iy ax m h#, ʔ aɪ d̚ dʒ ɛ s ɔ d̚ dʒ ɪ m n ɪ ɚ ð ə n u ʔ ɔ ɹ k̚ k i l̩ ɑ d̚ dʒ ɨ k̚ k l̩ m j ʉ z i ə m 
/home/isaac/Projects/Thesis/data/timit/data/TRAIN/DR3/MRTC0/SX18.WAV,h# q ah l ah m ow nx iy hv aa r m z q ax dcl d ax v ao r s tcl m ae n z w eh l th h#, ʔ ʌ l ʌ m oʊ ɾ̃ i ɦ ɑ ɹ m z ʔ ə d̚ d ə v ɔ ɹ s t̚ m æ n z w ɛ l θ 
/home/isaac/Projects/Thesis/data/timit/data/TRAIN/DR3/MRTC0/SI2088.WAV,h# hh iy dcl d hh ae dcl n ow ay dcl d iy ah hh aw ax n hv ae pcl p iy hv ih s epi w iy tcl p iy tcl ch hh eh dcl b eh n h#, h i d̚ d h æ d̚ n oʊ aɪ d̚ d i ʌ h aʊ ə n ɦ æ p̚ p i ɦ ɪ s  w i t̚ p i t̚ tʃ h ɛ d̚ b ɛ n 
/home/isaac/Projects/Thesis/data/timit/data/TRAIN/DR3/MRTC0/SI1458.WAV,h# q ax dcl d ix m eh s tcl t ix kcl k ao dx ax m ae dx ix kcl k w uh sh er dh ae q w ih l gcl g ih v ix q iy kcl k w uh v el ix n q r iy z ah l tcl t s epi m ey bcl b iy y ux z dcl d h#, ʔ ə d̚ d ɨ m ɛ s t̚ t ɨ k̚ k ɔ ɾ ə m æ ɾ ɨ k̚ k w ʊ ʃ ɝ ð æ ʔ w ɪ l ɡ̚ ɡ ɪ v ɨ ʔ i k̚ k w ʊ v l̩ ɨ n ʔ ɹ i z ʌ l t̚ t s  m eɪ b̚ b i j ʉ z d̚ d 
/home/isaac/Projects/Thesis/data/timit/data/TRAIN/DR3/MRTC0/SX108.WAV,h# hh ih s kcl k ae l pcl p w ax z bcl b l ih s tcl t er dcl f r em tcl t ax dcl d ey z hh aa tcl s ah n h#, h ɪ s k̚ k æ l p̚ p w ə z b̚ b l ɪ s t̚ t ɝ d̚ f ɹ m̩ t̚ t ə d̚ d eɪ z h ɑ t̚ s ʌ n 
/home/isaac/Projects/Thesis/data/timit/data/TRAIN/DR3/MRTC0/SI828.WAV,h# d r ah gcl g z kcl k eh m ix kcl k el n ey m pau d r ay dcl r uw m ix n bcl b ae kcl t er iy ax h#, d ɹ ʌ ɡ̚ ɡ z k̚ k ɛ m ɨ k̚ k l̩ n eɪ m  d ɹ aɪ d̚ ɹ u m ɨ n b̚ b æ k̚ t ɝ i ə 
/home/isaac/Projects/Thesis/data/timit/data/TRAIN/DR3/MRTC0/SX198.WAV,h# n ax w iy dcl jh ih n s epi w eh dx er z er m ey dx ah v l ae m z w uh l h#, n ə w i d̚ dʒ ɪ n s  w ɛ ɾ ɝ z ɝ m eɪ ɾ ʌ v l æ m z w ʊ l 
/home/isaac/Projects/Thesis/data/timit/data/TRAIN/DR3/MRTC0/SX288.WAV,h# b r ah sh f ay er z ah r kcl k aa m ix n en dh ax dcl d r ay q ah n dcl d axr bcl b r ah sh ax v n ax v ae dx ax h#, b ɹ ʌ ʃ f aɪ ɝ z ʌ ɹ k̚ k ɑ m ɨ n n̩ ð ə d̚ d ɹ aɪ ʔ ʌ n d̚ d ɚ b̚ b ɹ ʌ ʃ ə v n ə v æ ɾ ə 
/home/isaac/Projects/Thesis/data/timit/data/TRAIN/DR3/MDEF0/SI1123.WAV,h# dh ey ao l s ax f er nx ix sh pcl p r ux f dh eh dx ix n m aa dx axr n w ao r hh pau m eh s ax-h s eh n d ix ng m ah s bcl b iy m aa nx ax-h dx axr dcl d h#, ð eɪ ɔ l s ə f ɝ ɾ̃ ɨ ʃ p̚ p ɹ ʉ f ð ɛ ɾ ɨ n m ɑ ɾ ɚ n w ɔ ɹ h  m ɛ s ə̥ s ɛ n d ɨ ŋ m ʌ s b̚ b i m ɑ ɾ̃ ə̥ ɾ ɚ d̚ d 
/home/isaac/Projects/Thesis/data/timit/data/TRAIN/DR3/MDEF0/SI1563.WAV,h# q ix tcl w ax z ix gcl g r ow tcl t eh s kcl k eh n pau f ay v axr s ih kcl k s f iy tcl t ao l hh h#, ʔ ɨ t̚ w ə z ɨ ɡ̚ ɡ ɹ oʊ t̚ t ɛ s k̚ k ɛ n  f aɪ v ɚ s ɪ k̚ k s f i t̚ t ɔ l h 
/home/isaac/Projects/Thesis/data/timit/data/TRAIN/DR3/MDEF0/SI2193.WAV,h# n aw m ey bcl iy dh eh dcl d r iy l ay z dh ax tcl l ay f kcl k ix n bcl b iy tcl t ah f h#, n aʊ m eɪ b̚ i ð ɛ d̚ d ɹ i l aɪ z ð ə t̚ l aɪ f k̚ k ɨ n b̚ b i t̚ t ʌ f 
/home/isaac/Projects/Thesis/data/timit/data/TRAIN/DR3/MDEF0/SX33.WAV,h# k ow kcl k ax-h nx ix tcl k r iy m pcl p ay m ey kcl k s ax n ay s dcl d ix z axr tcl h#, k oʊ k̚ k ə̥ ɾ̃ ɨ t̚ k ɹ i m p̚ p aɪ m eɪ k̚ k s ə n aɪ s d̚ d ɨ z ɚ t̚ 
/home/isaac/Projects/Thesis/data/timit/data/TRAIN/DR3/MDEF0/SX393.WAV,h# sh iy y ux z ax z bcl b ow th n ey m z ix nx axr tcl ch ey n jh ix bcl b l iy h#, ʃ i j ʉ z ə z b̚ b oʊ θ n eɪ m z ɨ ɾ̃ ɚ t̚ tʃ eɪ n dʒ ɨ b̚ b l i 
/home/isaac/Projects/Thesis/data/timit/data/TRAIN/DR3/MDEF0/SX123.WAV,h# ax-h s kcl k ux dcl d r ay v er ix z epi m ey dcl f em v aa dcl k eh n ao r n zh dcl jh ux s h#, ə̥ s k̚ k ʉ d̚ d ɹ aɪ v ɝ ɨ z  m eɪ d̚ f m̩ v ɑ d̚ k ɛ n ɔ ɹ n ʒ d̚ dʒ ʉ s 
/home/isaac/Projects/Thesis/data/timit/data/TRAIN/DR3/MDEF0/SX213.WAV,h# dh ix n ux z ey dcl jh ax-h s iy hv ay axr dx ix gcl g r ey tcl jh er n el ix s tcl t h#, ð ɨ n ʉ z eɪ d̚ dʒ ə̥ s i ɦ aɪ ɚ ɾ ɨ ɡ̚ ɡ ɹ eɪ t̚ dʒ ɝ n l̩ ɨ s t̚ t 
/home/isaac/Projects/Thesis/data/timit/data/TRAIN/DR3/MDEF0/SX303.WAV,h# dh ax bcl b l ux dcl jh ey f l uw ow v axr dh ax hv ay bcl b ih l q ix ng h#, ð ə b̚ b l ʉ d̚ dʒ eɪ f l u oʊ v ɚ ð ə ɦ aɪ b̚ b ɪ l ʔ ɨ ŋ 
/home/isaac/Projects/Thesis/data/timit/data/TRAIN/DR3/FPAZ0/SI1593.WAV,h# n iy dh er ih kcl k n aa l ix tcl ch dcl dh ix gcl g ih f tcl t h#, n i ð ɝ ɪ k̚ k n ɑ l ɨ t̚ tʃ d̚ ð ɨ ɡ̚ ɡ ɪ f t̚ t 
/home/isaac/Projects/Thesis/data/timit/data/TRAIN/DR3/FPAZ0/SX63.WAV,h# k aa q n eh nx ax l dcl d r ih f tcl t ix z ix dcl jh iy ix l aa dcl jh ix kcl k el th ih r iy h#, k ɑ ʔ n ɛ ɾ̃ ə l d̚ d ɹ ɪ f t̚ t ɨ z ɨ d̚ dʒ i ɨ l ɑ d̚ dʒ ɨ k̚ k l̩ θ ɪ ɹ i 
/home/isaac/Projects/Thesis/data/timit/data/TRAIN/DR3/FPAZ0/SX243.WAV,h# dh ey ao l ax gcl g r iy dh ih tcl dh iy eh s ey ix z bcl b eh r l iy ih n tcl t eh l ax dcl jh ix bcl b el h#, ð eɪ ɔ l ə ɡ̚ ɡ ɹ i ð ɪ t̚ ð i ɛ s eɪ ɨ z b̚ b ɛ ɹ l i ɪ n t̚ t ɛ l ə d̚ dʒ ɨ b̚ b l̩ 
/home/isaac/Projects/Thesis/data/timit/data/TRAIN/DR3/FPAZ0/SX153.WAV,h# s kcl k ax l ae s tcl t ix kcl k ae pcl t ix tcl t ux dx ix z dcl jh ah dcl jh bcl b ay s tcl t ae n dcl d axr dx ay s tcl t eh s tcl s h#, s k̚ k ə l æ s t̚ t ɨ k̚ k æ p̚ t ɨ t̚ t ʉ ɾ ɨ z d̚ dʒ ʌ d̚ dʒ b̚ b aɪ s t̚ t æ n d̚ d ɚ ɾ aɪ s t̚ t ɛ s t̚ s 
/home/isaac/Projects/Thesis/data/timit/data/TRAIN/DR3/FPAZ0/SX27.WAV,h# d ix dcl d ae dcl d ux aa kcl k ix dcl d eh m ih kcl b ih dx ih ng h#, d ɨ d̚ d æ d̚ d ʉ ɑ k̚ k ɨ d̚ d ɛ m ɪ k̚ b ɪ ɾ ɪ ŋ 
/home/isaac/Projects/Thesis/data/timit/data/TRAIN/DR3/FPAZ0/SI963.WAV,h# hh aw eh v er pau dh ih s ix n ao gcl g axr el f iy s tcl d ih dx ih tcl s pcl p aa n epi s axr z epi n ow gcl g uh dcl d w ah dx eh v axr h#, h aʊ ɛ v ɝ  ð ɪ s ɨ n ɔ ɡ̚ ɡ ɚ l̩ f i s t̚ d ɪ ɾ ɪ t̚ s p̚ p ɑ n  s ɚ z  n oʊ ɡ̚ ɡ ʊ d̚ d w ʌ ɾ ɛ v ɚ 
/home/isaac/Projects/Thesis/data/timit/data/TRAIN/DR3/FPAZ0/SI2223.WAV,h# q ix n dh iy z dcl d ae m pcl s er kcl k em s tcl t ae n s ix z pau hh iy w ih z ix n pau q aa dcl z q aa n bcl b eh tcl t ix dcl d ix v eh l ax pcl n ix m ow n y ah h#, ʔ ɨ n ð i z d̚ d æ m p̚ s ɝ k̚ k m̩ s t̚ t æ n s ɨ z  h i w ɪ z ɨ n  ʔ ɑ d̚ z ʔ ɑ n b̚ b ɛ t̚ t ɨ d̚ d ɨ v ɛ l ə p̚ n ɨ m oʊ n j ʌ 
/home/isaac/Projects/Thesis/data/timit/data/TRAIN/DR3/FPAZ0/SX423.WAV,h# s epi m ae sh l ay tcl b ao bcl b z ix n axr kcl k ae sh v ae y uw w el dcl d ix m ih nx ih sh tcl t ax-h n ah th ih ng h#, s  m æ ʃ l aɪ t̚ b ɔ b̚ b z ɨ n ɚ k̚ k æ ʃ v æ j u w l̩ d̚ d ɨ m ɪ ɾ̃ ɪ ʃ t̚ t ə̥ n ʌ θ ɪ ŋ 
/home/isaac/Projects/Thesis/data/timit/data/TRAIN/DR3/FLAC0/SX271.WAV,h# b iy kcl k eh r f el n aa tcl t ix pcl p l aw ow v axr dh ix f l aw axr bcl b eh dcl s h#, b i k̚ k ɛ ɹ f l̩ n ɑ t̚ t ɨ p̚ p l aʊ oʊ v ɚ ð ɨ f l aʊ ɚ b̚ b ɛ d̚ s 
/home/isaac/Projects/Thesis/data/timit/data/TRAIN/DR3/FLAC0/SX451.WAV,h# dh ah th ih kcl k eh l m f ao r s tcl t w ax z epi n ih axr l iy ow f axr w eh l m dcl d bcl b ay dcl d ah tcl ch eh l m dcl d ix z iy z h#, ð ʌ θ ɪ k̚ k ɛ l m f ɔ ɹ s t̚ t w ə z  n ɪ ɚ l i oʊ f ɚ w ɛ l m d̚ d b̚ b aɪ d̚ d ʌ t̚ tʃ ɛ l m d̚ d ɨ z i z 
/home/isaac/Projects/Thesis/data/timit/data/TRAIN/DR3/FLAC0/SX181.WAV,h# r ih tcl ch l uh kcl t f axr s pcl p aa dx ih dcl hv ay iy nx ah z ix n dcl jh ae gcl g w axr z aa n ax s ax f aa r iy h#, ɹ ɪ t̚ tʃ l ʊ k̚ t f ɚ s p̚ p ɑ ɾ ɪ d̚ ɦ aɪ i ɾ̃ ʌ z ɨ n d̚ dʒ æ ɡ̚ ɡ w ɚ z ɑ n ə s ə f ɑ ɹ i 
/home/isaac/Projects/Thesis/data/timit/data/TRAIN/DR3/FLAC0/SX361.WAV,h# dh ih s pcl p iy tcl ch s ix m pcl p ow z iy ix m ay tcl b iy gcl g ih n m ah n dcl d ey h#, ð ɪ s p̚ p i t̚ tʃ s ɨ m p̚ p oʊ z i ɨ m aɪ t̚ b i ɡ̚ ɡ ɪ n m ʌ n d̚ d eɪ 
/home/isaac/Projects/Thesis/data/timit/data/TRAIN/DR3/FLAC0/SI901.WAV,h# m eh l kcl k ax pcl p ih axr z tcl t w ay s ix dcl d ey h#, m ɛ l k̚ k ə p̚ p ɪ ɚ z t̚ t w aɪ s ɨ d̚ d eɪ 
/home/isaac/Projects/Thesis/data/timit/data/TRAIN/DR3/FLAC0/SI1339.WAV,h# q ax v pcl p ix tcl t ih kcl k ih l er em pcl p ao r q en s pau q ix s dh ix s tcl t ah dx iy ix v dh iy ae kcl k sh epi en z ax v dcl d r ah gcl z q ih n ih s epi r ax s pcl p eh kcl t h#, ʔ ə v p̚ p ɨ t̚ t ɪ k̚ k ɪ l ɝ m̩ p̚ p ɔ ɹ ʔ n̩ s  ʔ ɨ s ð ɨ s t̚ t ʌ ɾ i ɨ v ð i æ k̚ k ʃ  n̩ z ə v d̚ d ɹ ʌ ɡ̚ z ʔ ɪ n ɪ s  ɹ ə s p̚ p ɛ k̚ t 
/home/isaac/Projects/Thesis/data/timit/data/TRAIN/DR3/FLAC0/SX91.WAV,h# dh ix m ih s pcl p r ih n tcl p axr v ow kcl t ih nx ix m iy dx iy ix tcl d ix s kcl k l ey m axr h#, ð ɨ m ɪ s p̚ p ɹ ɪ n t̚ p ɚ v oʊ k̚ t ɪ ɾ̃ ɨ m i ɾ i ɨ t̚ d ɨ s k̚ k l eɪ m ɚ 
/home/isaac/Projects/Thesis/data/timit/data/TRAIN/DR3/FLAC0/SI2161.WAV,h# f axr gcl g eh q w iy eh v axr n ux w ah tcl h#, f ɚ ɡ̚ ɡ ɛ ʔ w i ɛ v ɚ n ʉ w ʌ t̚ 
/home/isaac/Projects/Thesis/data/timit/data/TRAIN/DR3/MHMR0/SX129.WAV,h# ae ng gcl g ao axr kcl k ae tcl s aa r f er ih er dh eh n s ay m iy z h#, æ ŋ ɡ̚ ɡ ɔ ɚ k̚ k æ t̚ s ɑ ɹ f ɝ ɪ ɝ ð ɛ n s aɪ m i z 
/home/isaac/Projects/Thesis/data/timit/data/TRAIN/DR3/MHMR0/SX399.WAV,h# dh ey ix s uw m n ow bcl b er gcl l er w el eh v axr eh nx er hv ih er h#, ð eɪ ɨ s u m n oʊ b̚ b ɝ ɡ̚ l ɝ w l̩ ɛ v ɚ ɛ ɾ̃ ɝ ɦ ɪ ɝ 
/home/isaac/Projects/Thesis/data/timit/data/TRAIN/DR3/MHMR0/SX39.WAV,h# b aa r bcl z gcl g ow l dcl b r ey s l ax tcl w ax z ax gcl g r ae dcl jh ix w ey sh en pcl p r eh z en tcl h#, b ɑ ɹ b̚ z ɡ̚ ɡ oʊ l d̚ b ɹ eɪ s l ə t̚ w ə z ə ɡ̚ ɡ ɹ æ d̚ dʒ ɨ w eɪ ʃ n̩ p̚ p ɹ ɛ z n̩ t̚ 
/home/isaac/Projects/Thesis/data/timit/data/TRAIN/DR3/MHMR0/SI1692.WAV,h# ih kcl k s eh pcl f er dh ow z m ih nx ix tcl s ix n hv er r uw m pau hh iy hv eh dcl d l ao s tcl t ah tcl ch epi w ix th hh er ae z axr r ih ae l tcl t ix h#, ɪ k̚ k s ɛ p̚ f ɝ ð oʊ z m ɪ ɾ̃ ɨ t̚ s ɨ n ɦ ɝ ɹ u m  h i ɦ ɛ d̚ d l ɔ s t̚ t ʌ t̚ tʃ  w ɨ θ h ɝ æ z ɚ ɹ ɪ æ l t̚ t ɨ 
/home/isaac/Projects/Thesis/data/timit/data/TRAIN/DR3/MHMR0/SI489.WAV,h# w iy m ah s tcl b iy r eh dx iy f er q ih nx iy n iy dx ix dcl s ae kcl k axr f ay s h#, w i m ʌ s t̚ b i ɹ ɛ ɾ i f ɝ ʔ ɪ ɾ̃ i n i ɾ ɨ d̚ s æ k̚ k ɚ f aɪ s 
/home/isaac/Projects/Thesis/data/timit/data/TRAIN/DR3/MHMR0/SX309.WAV,h# dh ax pcl p r uw f dh eh q y ux er s iy kcl k iy ng ix z n aa dx ax v ey l ax bcl b el ax n bcl b uh kcl k s h#, ð ə p̚ p ɹ u f ð ɛ ʔ j ʉ ɝ s i k̚ k i ŋ ɨ z n ɑ ɾ ə v eɪ l ə b̚ b l̩ ə n b̚ b ʊ k̚ k s 
/home/isaac/Projects/Thesis/data/timit/data/TRAIN/DR3/MHMR0/SI1119.WAV,h# dh axr r eh kcl k er dcl t iy m z w ix th r ow m ae n s ix n ix dcl v eh n tcl ch axr h#, ð ɚ ɹ ɛ k̚ k ɝ d̚ t i m z w ɨ θ ɹ oʊ m æ n s ɨ n ɨ d̚ v ɛ n t̚ tʃ ɚ 
/home/isaac/Projects/Thesis/data/timit/data/TRAIN/DR3/MHMR0/SX219.WAV,h# n aa n pcl p r aa f ih q pau ao r gcl g ix n ix z ey sh en z hh eh f r iy kcl k w ax n tcl f ah n r ey z axr z h#, n ɑ n p̚ p ɹ ɑ f ɪ ʔ  ɔ ɹ ɡ̚ ɡ ɨ n ɨ z eɪ ʃ n̩ z h ɛ f ɹ i k̚ k w ə n t̚ f ʌ n ɹ eɪ z ɚ z 
/home/isaac/Projects/Thesis/data/timit/data/TRAIN/DR3/FLJD0/SI2146.WAV,h# b ix dx ix w ix z ah hv ow pcl f ax l s ay n hv iy tcl t ow l dx ix m s eh l f h#, b ɨ ɾ ɨ w ɨ z ʌ ɦ oʊ p̚ f ə l s aɪ n ɦ i t̚ t oʊ l ɾ ɨ m s ɛ l f 
/home/isaac/Projects/Thesis/data/timit/data/TRAIN/DR3/FLJD0/SX166.WAV,h# b ay aa l ix dcl jh ih s ux z r ey dx iy ow ae kcl t ix f q ay s ix tcl t ow pcl p s tcl t s tcl t ah dx iy m ay kcl k r ow ao r gcl g ix n ix z ix m s h#, b aɪ ɑ l ɨ d̚ dʒ ɪ s ʉ z ɹ eɪ ɾ i oʊ æ k̚ t ɨ f ʔ aɪ s ɨ t̚ t oʊ p̚ p s t̚ t s t̚ t ʌ ɾ i m aɪ k̚ k ɹ oʊ ɔ ɹ ɡ̚ ɡ ɨ n ɨ z ɨ m s 
/home/isaac/Projects/Thesis/data/timit/data/TRAIN/DR3/FLJD0/SX346.WAV,h# dh ix bcl b eh axr kcl k ux dx ix r ix kcl k oy l dcl d f axr m dh ax s er pcl p ih n tcl t s pcl p oy z n ix s f ae ng z h#, ð ɨ b̚ b ɛ ɚ k̚ k ʉ ɾ ɨ ɹ ɨ k̚ k ɔɪ l d̚ d f ɚ m ð ə s ɝ p̚ p ɪ n t̚ t s p̚ p ɔɪ z n ɨ s f æ ŋ z 
/home/isaac/Projects/Thesis/data/timit/data/TRAIN/DR3/FLJD0/SI886.WAV,h# hh ix s n ae tcl ch tcl ix q ae dx ix tcl s ae v ix n dcl jh ax l iy h#, h ɨ s n æ t̚ tʃ t̚ ɨ ʔ æ ɾ ɨ t̚ s æ v ɨ n d̚ dʒ ə l i 
/home/isaac/Projects/Thesis/data/timit/data/TRAIN/DR3/FLJD0/SX256.WAV,h# dh ix ay r ey tcl q ae kcl t axr s tcl t aa m pcl t ax w ey q ix dx iy aa dx ix kcl k l iy h#, ð ɨ aɪ ɹ eɪ t̚ ʔ æ k̚ t ɚ s t̚ t ɑ m p̚ t ə w eɪ ʔ ɨ ɾ i ɑ ɾ ɨ k̚ k l i 
/home/isaac/Projects/Thesis/data/timit/data/TRAIN/DR3/FLJD0/SX76.WAV,h# jh eh n q l ix pcl p l ey s dcl jh ih m z f ow m s kcl k uh l pcl ch axr ix n ax bcl b aa kcl k s h#, dʒ ɛ n ʔ l ɨ p̚ p l eɪ s d̚ dʒ ɪ m z f oʊ m s k̚ k ʊ l p̚ tʃ ɚ ɨ n ə b̚ b ɑ k̚ k s 
/home/isaac/Projects/Thesis/data/timit/data/TRAIN/DR3/FLJD0/SI1516.WAV,h# dh ax w er dx aa l s ax m ey dx ix m f iy l hh ey tcl pau s ix n s ih axr hv ey tcl f axr dh ow s ow l ey bcl b el dcl d h#, ð ə w ɝ ɾ ɑ l s ə m eɪ ɾ ɨ m f i l h eɪ t̚  s ɨ n s ɪ ɚ ɦ eɪ t̚ f ɚ ð oʊ s oʊ l eɪ b̚ b l̩ d̚ d 
/home/isaac/Projects/Thesis/data/timit/data/TRAIN/DR3/FLJD0/SX436.WAV,h# p l iy s ih ng dcl jh ih s dh ax kcl k l ah bcl th iy m h#, p l i s ɪ ŋ d̚ dʒ ɪ s ð ə k̚ k l ʌ b̚ θ i m 
/home/isaac/Projects/Thesis/data/timit/data/TRAIN/DR3/MMJB1/SX328.WAV,h# g r eh gcl g axr r iy ix n tcl t aa m tcl ch ow z tcl t ax-h w aa tcl ch kcl k aa r tcl t ux n z ix n dh iy ae f tcl t axr n ux n h#, ɡ ɹ ɛ ɡ̚ ɡ ɚ ɹ i ɨ n t̚ t ɑ m t̚ tʃ oʊ z t̚ t ə̥ w ɑ t̚ tʃ k̚ k ɑ ɹ t̚ t ʉ n z ɨ n ð i æ f t̚ t ɚ n ʉ n 
/home/isaac/Projects/Thesis/data/timit/data/TRAIN/DR3/MMJB1/SX418.WAV,h# q ay r axr s th ix ng k s dh ix s z ux hv ae z ax l eh v ix n s pcl p ae n ih sh z iy bcl b r ix s h#, ʔ aɪ ɹ ɚ s θ ɨ ŋ k s ð ɨ s z ʉ ɦ æ z ə l ɛ v ɨ n s p̚ p æ n ɪ ʃ z i b̚ b ɹ ɨ s 
/home/isaac/Projects/Thesis/data/timit/data/TRAIN/DR3/MMJB1/SI1408.WAV,h# y eh tcl w ah n hv ae z tcl t ax-h gcl g ow bcl b ae kcl k ow n l iy s ah m s ih kcl k s tcl t iy y ih axr s h#, j ɛ t̚ w ʌ n ɦ æ z t̚ t ə̥ ɡ̚ ɡ oʊ b̚ b æ k̚ k oʊ n l i s ʌ m s ɪ k̚ k s t̚ t i j ɪ ɚ s 
/home/isaac/Projects/Thesis/data/timit/data/TRAIN/DR3/MMJB1/SX58.WAV,h# w iy kcl k s pcl p ih r iy ix n s dcl d ix s tcl t r eh s en f r ah s tcl t r ey sh en ax bcl t ey n iy ng aa r dcl d ix gcl g r iy z h#, w i k̚ k s p̚ p ɪ ɹ i ɨ n s d̚ d ɨ s t̚ t ɹ ɛ s n̩ f ɹ ʌ s t̚ t ɹ eɪ ʃ n̩ ə b̚ t eɪ n i ŋ ɑ ɹ d̚ d ɨ ɡ̚ ɡ ɹ i z 
/home/isaac/Projects/Thesis/data/timit/data/TRAIN/DR3/MMJB1/SI2038.WAV,h# hh iy m er m axr dcl t uw ax m s eh l f epi w ax th f er m n ih s pau n ow s axr r eh n dcl d axr h#, h i m ɝ m ɚ d̚ t u ə m s ɛ l f  w ə θ f ɝ m n ɪ s  n oʊ s ɚ ɹ ɛ n d̚ d ɚ 
/home/isaac/Projects/Thesis/data/timit/data/TRAIN/DR3/MMJB1/SI778.WAV,h# n ao r ih sh iy ax w eh tcl b ow tcl h#, n ɔ ɹ ɪ ʃ i ə w ɛ t̚ b oʊ t̚ 
/home/isaac/Projects/Thesis/data/timit/data/TRAIN/DR3/MMJB1/SX148.WAV,h# m ow s tcl p r iy s ih ng kcl k s hh ae dx ax th er dx ax v dh ax v ow tcl s kcl k aw nx ix dcl d h#, m oʊ s t̚ p ɹ i s ɪ ŋ k̚ k s h æ ɾ ə θ ɝ ɾ ə v ð ə v oʊ t̚ s k̚ k aʊ ɾ̃ ɨ d̚ d 
/home/isaac/Projects/Thesis/data/timit/data/TRAIN/DR3/MMJB1/SX238.WAV,h# ah dcl d aa kcl t axr w ax z ix n dh iy ae m bcl b ix l ax n s epi w ax th ax-h pcl p ey sh en tcl h#, ʌ d̚ d ɑ k̚ t ɚ w ə z ɨ n ð i æ m b̚ b ɨ l ə n s  w ə θ ə̥ p̚ p eɪ ʃ n̩ t̚ 
/home/isaac/Projects/Thesis/data/timit/data/TRAIN/DR3/MDLC0/SX45.WAV,h# q ix dcl d ih sh ih n q eh n s ax bcl t r ae kcl sh ix n aa r l er n dcl s kcl ih l z h#, ʔ ɨ d̚ d ɪ ʃ ɪ n ʔ ɛ n s ə b̚ t ɹ æ k̚ ʃ ɨ n ɑ ɹ l ɝ n d̚ s k̚ ɪ l z 
/home/isaac/Projects/Thesis/data/timit/data/TRAIN/DR3/MDLC0/SI765.WAV,h# t er n sh ey kcl k er q ah pcl p s ay dcl d aw n h#, t ɝ n ʃ eɪ k̚ k ɝ ʔ ʌ p̚ p s aɪ d̚ d aʊ n 
/home/isaac/Projects/Thesis/data/timit/data/TRAIN/DR3/MDLC0/SI2025.WAV,h# hh iy dcl d ih dx en tcl t eh l hv er dh ax tcl t r uw th hh iy n aw f r iy l iy q ix dcl m ih dx ix dcl t uw ix m s eh l f h#, h i d̚ d ɪ ɾ n̩ t̚ t ɛ l ɦ ɝ ð ə t̚ t ɹ u θ h i n aʊ f ɹ i l i ʔ ɨ d̚ m ɪ ɾ ɨ d̚ t u ɨ m s ɛ l f 
/home/isaac/Projects/Thesis/data/timit/data/TRAIN/DR3/MDLC0/SX405.WAV,h# q ax v kcl k ao r sh ux kcl k ix n hv ae v ax n ah dh axr tcl t uw n ax f ih sh s ae n w ix tcl ch h#, ʔ ə v k̚ k ɔ ɹ ʃ ʉ k̚ k ɨ n ɦ æ v ə n ʌ ð ɚ t̚ t u n ə f ɪ ʃ s æ n w ɨ t̚ tʃ 
/home/isaac/Projects/Thesis/data/timit/data/TRAIN/DR3/MDLC0/SX315.WAV,h# b aa bcl f aw n m ao r kcl k l ae m z ix tcl dh iy ow sh en z pau q eh dcl jh h#, b ɑ b̚ f aʊ n m ɔ ɹ k̚ k l æ m z ɨ t̚ ð i oʊ ʃ n̩ z  ʔ ɛ d̚ dʒ 
/home/isaac/Projects/Thesis/data/timit/data/TRAIN/DR3/MDLC0/SX135.WAV,h# t eh kcl n ix kcl k el r ay dx er z kcl k ix nx ax bcl b r iy v iy ey tcl ix n bcl b ih bcl b l iy aa gcl f r iy s h#, t ɛ k̚ n ɨ k̚ k l̩ ɹ aɪ ɾ ɝ z k̚ k ɨ ɾ̃ ə b̚ b ɹ i v i eɪ t̚ ɨ n b̚ b ɪ b̚ b l i ɑ ɡ̚ f ɹ i s 
/home/isaac/Projects/Thesis/data/timit/data/TRAIN/DR3/MDLC0/SI1395.WAV,h# dh iy eh l ax m eh nx axr iy s kcl k uw l tcl ch ay l dcl d gcl g r ow z gcl g r ae dcl jh ax-h el iy q ih n hv ih z ax bcl b ih l ax tcl t iy tcl t ax w er kcl k q ix n gcl g r uw pcl s h#, ð i ɛ l ə m ɛ ɾ̃ ɚ i s k̚ k u l t̚ tʃ aɪ l d̚ d ɡ̚ ɡ ɹ oʊ z ɡ̚ ɡ ɹ æ d̚ dʒ ə̥ l̩ i ʔ ɪ n ɦ ɪ z ə b̚ b ɪ l ə t̚ t i t̚ t ə w ɝ k̚ k ʔ ɨ n ɡ̚ ɡ ɹ u p̚ s 
/home/isaac/Projects/Thesis/data/timit/data/TRAIN/DR3/MDLC0/SX225.WAV,h# k iy pcl dh ax th ax m aa m ax tcl t axr q ah n dcl d axr y axr tcl t ah ng h#, k i p̚ ð ə θ ə m ɑ m ə t̚ t ɚ ʔ ʌ n d̚ d ɚ j ɚ t̚ t ʌ ŋ 
/home/isaac/Projects/Thesis/data/timit/data/TRAIN/DR3/FSKC0/SX156.WAV,h# aa r kcl k s pcl p er m ax n tcl s pcl p aa z ix v aw q kcl k ah m w ax z ah n ix kcl k s pcl p eh kcl t ix dcl h#, ɑ ɹ k̚ k s p̚ p ɝ m ə n t̚ s p̚ p ɑ z ɨ v aʊ ʔ k̚ k ʌ m w ə z ʌ n ɨ k̚ k s p̚ p ɛ k̚ t ɨ d̚ 
/home/isaac/Projects/Thesis/data/timit/data/TRAIN/DR3/FSKC0/SI1416.WAV,h# n eh s ix s eh r ix r iy tcl t ah tcl ch ix ng w ax z pcl p uh dx ao nx ax q w ah n tcl t s h#, n ɛ s ɨ s ɛ ɹ ɨ ɹ i t̚ t ʌ t̚ tʃ ɨ ŋ w ə z p̚ p ʊ ɾ ɔ ɾ̃ ə ʔ w ʌ n t̚ t s 
/home/isaac/Projects/Thesis/data/timit/data/TRAIN/DR3/FSKC0/SX336.WAV,h# r aa bcl m ey dcl d hv ah ng gcl g eh r iy ix n gcl g ux l aa sh f axr dcl d ih n er ix ng gcl g ux s bcl b eh r ix pcl p ay f axr dx iy z er tcl h#, ɹ ɑ b̚ m eɪ d̚ d ɦ ʌ ŋ ɡ̚ ɡ ɛ ɹ i ɨ n ɡ̚ ɡ ʉ l ɑ ʃ f ɚ d̚ d ɪ n ɝ ɨ ŋ ɡ̚ ɡ ʉ s b̚ b ɛ ɹ ɨ p̚ p aɪ f ɚ ɾ i z ɝ t̚ 
/home/isaac/Projects/Thesis/data/timit/data/TRAIN/DR3/FSKC0/SI2046.WAV,h# hh iy s tcl t r ey tcl en dcl d ah pcl p el er tcl n aw ah z dh ax bcl b ah f el ow hv ah nx axr kcl k ey m kcl k l ow s axr h#, h i s t̚ t ɹ eɪ t̚ n̩ d̚ d ʌ p̚ p l̩ ɝ t̚ n aʊ ʌ z ð ə b̚ b ʌ f l̩ oʊ ɦ ʌ ɾ̃ ɚ k̚ k eɪ m k̚ k l oʊ s ɚ 
/home/isaac/Projects/Thesis/data/timit/data/TRAIN/DR3/FSKC0/SX66.WAV,h# w ix gcl g ah tcl d r eh n ch f r em dh iy ah m ix nx ix nx axr ah pcl t ix dcl d r ey n h#, w ɨ ɡ̚ ɡ ʌ t̚ d ɹ ɛ n tʃ f ɹ m̩ ð i ʌ m ɨ ɾ̃ ɨ ɾ̃ ɚ ʌ p̚ t ɨ d̚ d ɹ eɪ n 
/home/isaac/Projects/Thesis/data/timit/data/TRAIN/DR3/FSKC0/SX426.WAV,h# q ey m ao s ih gcl g z ae gcl d ax l ao ng dh ix pcl p ae th r ux q aa dx ow z gcl g aa r dcl en h#, ʔ eɪ m ɔ s ɪ ɡ̚ ɡ z æ ɡ̚ d ə l ɔ ŋ ð ɨ p̚ p æ θ ɹ ʉ ʔ ɑ ɾ oʊ z ɡ̚ ɡ ɑ ɹ d̚ n̩ 
/home/isaac/Projects/Thesis/data/timit/data/TRAIN/DR3/FSKC0/SX246.WAV,h# hh aw q ey n tcl ch ih n q ih z dh ih s ah bcl b w ey eh s kcl k el ey dx axr h#, h aʊ ʔ eɪ n t̚ tʃ ɪ n ʔ ɪ z ð ɪ s ʌ b̚ b w eɪ ɛ s k̚ k l̩ eɪ ɾ ɚ 
/home/isaac/Projects/Thesis/data/timit/data/TRAIN/DR3/FSKC0/SI786.WAV,h# d ow n tcl l ux z dh ix tcl ch ah kcl k iy h#, d oʊ n t̚ l ʉ z ð ɨ t̚ tʃ ʌ k̚ k i 
/home/isaac/Projects/Thesis/data/timit/data/TRAIN/DR3/MAKB0/SI1646.WAV,h# y er l ey gcl m ah s el z eh n bcl b ae kcl m ah s el z f iy l w ih r iy h#, j ɝ l eɪ ɡ̚ m ʌ s l̩ z ɛ n b̚ b æ k̚ m ʌ s l̩ z f i l w ɪ ɹ i 
/home/isaac/Projects/Thesis/data/timit/data/TRAIN/DR3/MAKB0/SI1016.WAV,h# t ax-h kcl k iy pcl p ax m epi s kcl k ae dx er dcl d s ah m w ah q ae n y eh tcl t hv er dx ah m pau w ah z kcl k ao l dcl l ux s hh er dcl en h#, t ə̥ k̚ k i p̚ p ə m  s k̚ k æ ɾ ɝ d̚ d s ʌ m w ʌ ʔ æ n j ɛ t̚ t ɦ ɝ ɾ ʌ m  w ʌ z k̚ k ɔ l d̚ l ʉ s h ɝ d̚ n̩ 
/home/isaac/Projects/Thesis/data/timit/data/TRAIN/DR3/MAKB0/SX206.WAV,h# w ih n pcl p iy l ih ng eh n ao r ih n dcl jh ih dx ih z hh aa r dcl n aa tcl t ax-h s pcl p r ey dcl jh ux s h#, w ɪ n p̚ p i l ɪ ŋ ɛ n ɔ ɹ ɪ n d̚ dʒ ɪ ɾ ɪ z h ɑ ɹ d̚ n ɑ t̚ t ə̥ s p̚ p ɹ eɪ d̚ dʒ ʉ s 
/home/isaac/Projects/Thesis/data/timit/data/TRAIN/DR3/MAKB0/SI2276.WAV,h# w ah n s pcl p iy s iy z ih v ae m bcl b ix gcl g y ux eh dx iy tcl t r ay z tcl t ix bcl b ae f el bcl b ay ih nx axr w iy v ih ng r eh pcl p ix tcl t ih sh ix n h#, w ʌ n s p̚ p i s i z ɪ v æ m b̚ b ɨ ɡ̚ ɡ j ʉ ɛ ɾ i t̚ t ɹ aɪ z t̚ t ɨ b̚ b æ f l̩ b̚ b aɪ ɪ ɾ̃ ɚ w i v ɪ ŋ ɹ ɛ p̚ p ɨ t̚ t ɪ ʃ ɨ n 
/home/isaac/Projects/Thesis/data/timit/data/TRAIN/DR3/MAKB0/SX26.WAV,h# m ow s tcl t y ah ng r ay z er l iy eh v r ix m ao r nx ix ng h#, m oʊ s t̚ t j ʌ ŋ ɹ aɪ z ɝ l i ɛ v ɹ ɨ m ɔ ɹ ɾ̃ ɨ ŋ 
/home/isaac/Projects/Thesis/data/timit/data/TRAIN/DR3/MAKB0/SX386.WAV,h# w ih tcl ch tcl ch er tcl ch dcl d ux dh ih s epi m ih th s epi w er sh ix pcl p ih n h#, w ɪ t̚ tʃ t̚ tʃ ɝ t̚ tʃ d̚ d ʉ ð ɪ s  m ɪ θ s  w ɝ ʃ ɨ p̚ p ɪ n 
/home/isaac/Projects/Thesis/data/timit/data/TRAIN/DR3/MAKB0/SX116.WAV,h# k l ae s pcl dh ax s kcl k r ux ih n y axr l eh f tcl t hh ae n dcl d h#, k l æ s p̚ ð ə s k̚ k ɹ ʉ ɪ n j ɚ l ɛ f t̚ t h æ n d̚ d 
/home/isaac/Projects/Thesis/data/timit/data/TRAIN/DR3/MAKB0/SX296.WAV,h# dh ix tcl t ux aa r dx ih s ix kcl k s tcl ch ey n jh dcl d ax q hh aa dx ix gcl g r ae f s h#, ð ɨ t̚ t ʉ ɑ ɹ ɾ ɪ s ɨ k̚ k s t̚ tʃ eɪ n dʒ d̚ d ə ʔ h ɑ ɾ ɨ ɡ̚ ɡ ɹ æ f s 
/home/isaac/Projects/Thesis/data/timit/data/TRAIN/DR3/MILB0/SX3.WAV,h# dh ih s uh z iy z iy f er ah s h#, ð ɪ s ʊ z i z i f ɝ ʌ s 
/home/isaac/Projects/Thesis/data/timit/data/TRAIN/DR3/MILB0/SX273.WAV,h# dh iy ey ng gcl g r iy bcl b oy q ae n tcl s axr dcl b ix tcl d ix dx en q l uh kcl k ah pcl h#, ð i eɪ ŋ ɡ̚ ɡ ɹ i b̚ b ɔɪ ʔ æ n t̚ s ɚ d̚ b ɨ t̚ d ɨ ɾ n̩ ʔ l ʊ k̚ k ʌ p̚ 
/home/isaac/Projects/Thesis/data/timit/data/TRAIN/DR3/MILB0/SI903.WAV,h# q ax v ih gcl g er ix s pcl p r ow gcl r ae m ix gcl z ih s tcl t ix dx ih n s kcl k iy ih ng s kcl k ey dx ih ng s pcl p ao r tcl t s eh n dcl d q ow v axr n ay tcl hh ay kcl k ix ng h#, ʔ ə v ɪ ɡ̚ ɡ ɝ ɨ s p̚ p ɹ oʊ ɡ̚ ɹ æ m ɨ ɡ̚ z ɪ s t̚ t ɨ ɾ ɪ n s k̚ k i ɪ ŋ s k̚ k eɪ ɾ ɪ ŋ s p̚ p ɔ ɹ t̚ t s ɛ n d̚ d ʔ oʊ v ɚ n aɪ t̚ h aɪ k̚ k ɨ ŋ 
/home/isaac/Projects/Thesis/data/timit/data/TRAIN/DR3/MILB0/SX93.WAV,h# k ah dx ax s epi m ao l kcl k ao r nx er ao f iy tcl ch eh dcl jh h#, k ʌ ɾ ə s  m ɔ l k̚ k ɔ ɹ ɾ̃ ɝ ɔ f i t̚ tʃ ɛ d̚ dʒ 
/home/isaac/Projects/Thesis/data/timit/data/TRAIN/DR3/MILB0/SX363.WAV,h# dh ix kcl k aw w ah n dcl d axr dcl d f r em dh ix f aa r m l eh n d ix n bcl b iy kcl k ey m l ao s tcl t h#, ð ɨ k̚ k aʊ w ʌ n d̚ d ɚ d̚ d f ɹ m̩ ð ɨ f ɑ ɹ m l ɛ n d ɨ n b̚ b i k̚ k eɪ m l ɔ s t̚ t 
/home/isaac/Projects/Thesis/data/timit/data/TRAIN/DR3/MILB0/SX183.WAV,h# w ay eh l s w uh dcl d ae n iy ax l aw q ah dh er z tcl t ix gcl g ow h#, w aɪ ɛ l s w ʊ d̚ d æ n i ə l aʊ ʔ ʌ ð ɝ z t̚ t ɨ ɡ̚ ɡ oʊ 
/home/isaac/Projects/Thesis/data/timit/data/TRAIN/DR3/MILB0/SI807.WAV,h# w ah nx ax v dh ax m ow s tcl d ix z ay axr bcl b el f iy tcl ch axr zh f er pcl p aa r kcl k axr bcl b y ux dx ix f el v y ux z axr s iy n r ix h#, w ʌ ɾ̃ ə v ð ə m oʊ s t̚ d ɨ z aɪ ɚ b̚ b l̩ f i t̚ tʃ ɚ ʒ f ɝ p̚ p ɑ ɹ k̚ k ɚ b̚ b j ʉ ɾ ɨ f l̩ v j ʉ z ɚ s i n ɹ ɨ 
/home/isaac/Projects/Thesis/data/timit/data/TRAIN/DR3/MILB0/SI2163.WAV,h# q aa r y ux pcl p aa z ax dx ix v y ix l bcl b iy ao l r ay tcl b ay y axr s eh l f h#, ʔ ɑ ɹ j ʉ p̚ p ɑ z ə ɾ ɨ v j ɨ l b̚ b i ɔ l ɹ aɪ t̚ b aɪ j ɚ s ɛ l f 
/home/isaac/Projects/Thesis/data/timit/data/TRAIN/DR3/MHJB0/SI2277.WAV,h# q ax n ah dh er s tcl t aa kcl v ao dcl v ix l gcl g ae gcl g r ae n pau m ah dh axr ix z hh ow m epi s ih kcl k ix n bcl b eh dcl w ix th ix dx ae kcl t axr h#, ʔ ə n ʌ ð ɝ s t̚ t ɑ k̚ v ɔ d̚ v ɨ l ɡ̚ ɡ æ ɡ̚ ɡ ɹ æ n  m ʌ ð ɚ ɨ z h oʊ m  s ɪ k̚ k ɨ n b̚ b ɛ d̚ w ɨ θ ɨ ɾ æ k̚ t ɚ 
/home/isaac/Projects/Thesis/data/timit/data/TRAIN/DR3/MHJB0/SX117.WAV,h# dh ax m ae ng gcl g ow ah n dh ax pcl p ax-h pcl p ay y ah q aa r ix nx ax bcl b ow l h#, ð ə m æ ŋ ɡ̚ ɡ oʊ ʌ n ð ə p̚ p ə̥ p̚ p aɪ j ʌ ʔ ɑ ɹ ɨ ɾ̃ ə b̚ b oʊ l 
/home/isaac/Projects/Thesis/data/timit/data/TRAIN/DR3/MHJB0/SX297.WAV,h# r aa kcl k ix n r ow l m y ux z ix kcl k ae z ix gcl g r ey tcl r ih dh ax m h#, ɹ ɑ k̚ k ɨ n ɹ oʊ l m j ʉ z ɨ k̚ k æ z ɨ ɡ̚ ɡ ɹ eɪ t̚ ɹ ɪ ð ə m 
/home/isaac/Projects/Thesis/data/timit/data/TRAIN/DR3/MHJB0/SX387.WAV,h# dh ix dcl jh ay ih n tcl r eh dcl d w uh dcl z epi sh ih m axr dcl d ix n ix gcl g l ih s n ix ng kcl s ah n h#, ð ɨ d̚ dʒ aɪ ɪ n t̚ ɹ ɛ d̚ d w ʊ d̚ z  ʃ ɪ m ɚ d̚ d ɨ n ɨ ɡ̚ ɡ l ɪ s n ɨ ŋ k̚ s ʌ n 
/home/isaac/Projects/Thesis/data/timit/data/TRAIN/DR3/MHJB0/SX27.WAV,h# d ih dcl d ae dcl d ux q ae kcl k ix dcl d eh m ih kcl b ih dx ih ng h#, d ɪ d̚ d æ d̚ d ʉ ʔ æ k̚ k ɨ d̚ d ɛ m ɪ k̚ b ɪ ɾ ɪ ŋ 
/home/isaac/Projects/Thesis/data/timit/data/TRAIN/DR3/MHJB0/SI1647.WAV,h# q ih f ih tcl t eh v axr gcl g aa bcl b ah hv ay n m iy dh ix bcl b iy pcl t er n tcl t uw ax bcl b ah z h#, ʔ ɪ f ɪ t̚ t ɛ v ɚ ɡ̚ ɡ ɑ b̚ b ʌ ɦ aɪ n m i ð ɨ b̚ b i p̚ t ɝ n t̚ t u ə b̚ b ʌ z 
/home/isaac/Projects/Thesis/data/timit/data/TRAIN/DR3/MHJB0/SX207.WAV,h# d y ux hv ih r dh ix s l ey bcl b eh l z r ih ng ih ng h#, d j ʉ ɦ ɪ ɹ ð ɨ s l eɪ b̚ b ɛ l z ɹ ɪ ŋ ɪ ŋ 
/home/isaac/Projects/Thesis/data/timit/data/TRAIN/DR3/MHJB0/SI1017.WAV,h# t uw hv ow l dcl em ih n ix kcl k aa m pcl p ae kcl m ae s epi w ax z kcl k l ow s hh er dcl en h#, t u ɦ oʊ l d̚ m̩ ɪ n ɨ k̚ k ɑ m p̚ p æ k̚ m æ s  w ə z k̚ k l oʊ s h ɝ d̚ n̩ 
/home/isaac/Projects/Thesis/data/timit/data/TRAIN/DR3/MDJM0/SX105.WAV,h# y ux m ah s tcl t ix kcl k s pcl p l ih s ix tcl l iy dcl d el iy tcl t f ay el s h#, j ʉ m ʌ s t̚ t ɨ k̚ k s p̚ p l ɪ s ɨ t̚ l i d̚ d l̩ i t̚ t f aɪ l̩ s 
/home/isaac/Projects/Thesis/data/timit/data/TRAIN/DR3/MDJM0/SX285.WAV,h# r ih tcl ch pcl p er sh ix s eh v r el s ay n l ih th ax gcl g r ae f s h#, ɹ ɪ t̚ tʃ p̚ p ɝ ʃ ɨ s ɛ v ɹ l̩ s aɪ n l ɪ θ ə ɡ̚ ɡ ɹ æ f s 
/home/isaac/Projects/Thesis/data/timit/data/TRAIN/DR3/MDJM0/SI1455.WAV,h# ax s ih ng gcl g el kcl k er v l ay n r axr pcl p r ix z eh n tcl s ax s pcl p ax s ih f ix kcl f ao r m y ax l ey sh ix n q ix n ix tcl t eh s ix gcl g z ae m pcl p el h#, ə s ɪ ŋ ɡ̚ ɡ l̩ k̚ k ɝ v l aɪ n ɹ ɚ p̚ p ɹ ɨ z ɛ n t̚ s ə s p̚ p ə s ɪ f ɨ k̚ f ɔ ɹ m j ə l eɪ ʃ ɨ n ʔ ɨ n ɨ t̚ t ɛ s ɨ ɡ̚ ɡ z æ m p̚ p l̩ 
/home/isaac/Projects/Thesis/data/timit/data/TRAIN/DR3/MDJM0/SX375.WAV,h# g r ow ix ng w ah l kcl k eh pcl t gcl g aa r dx en dcl d s ix z v er iy tcl t ay m kcl k en s uw m ix ng h#, ɡ ɹ oʊ ɨ ŋ w ʌ l k̚ k ɛ p̚ t ɡ̚ ɡ ɑ ɹ ɾ n̩ d̚ d s ɨ z v ɝ i t̚ t aɪ m k̚ k n̩ s u m ɨ ŋ 
/home/isaac/Projects/Thesis/data/timit/data/TRAIN/DR3/MDJM0/SI825.WAV,h# w ax dx ix tcl d ah z pau q ey dcl z ix n pcl p axr v eh n tcl t iy ng f ow m iy bcl b l ow tcl t h#, w ə ɾ ɨ t̚ d ʌ z  ʔ eɪ d̚ z ɨ n p̚ p ɚ v ɛ n t̚ t i ŋ f oʊ m i b̚ b l oʊ t̚ t 
/home/isaac/Projects/Thesis/data/timit/data/TRAIN/DR3/MDJM0/SI2085.WAV,h# sh ux w ax s ow bcl b y ux dx ix f el pau s ow v ae l iy ix tcl t pau s ow pcl p ih dx iy ax bcl b el h#, ʃ ʉ w ə s oʊ b̚ b j ʉ ɾ ɨ f l̩  s oʊ v æ l i ɨ t̚ t  s oʊ p̚ p ɪ ɾ i ə b̚ b l̩ 
/home/isaac/Projects/Thesis/data/timit/data/TRAIN/DR3/MDJM0/SX15.WAV,h# iy m ux z iy ih m hh ay er z epi m ux z ih sh ix n s pau q eh v r ih q iy v n iy ng h#, i m ʉ z i ɪ m h aɪ ɝ z  m ʉ z ɪ ʃ ɨ n s  ʔ ɛ v ɹ ɪ ʔ i v n i ŋ 
/home/isaac/Projects/Thesis/data/timit/data/TRAIN/DR3/MDJM0/SX195.WAV,h# w ix dcl y uw ax l aw q ae kcl k s ax v ay l ax n tcl s h#, w ɨ d̚ j u ə l aʊ ʔ æ k̚ k s ə v aɪ l ə n t̚ s 
/home/isaac/Projects/Thesis/data/timit/data/TRAIN/DR3/MRBC0/SX59.WAV,h# dh ix s ih ng axr z f ih ng g axr hv eh dx ix s pcl p l ih nx axr h#, ð ɨ s ɪ ŋ ɚ z f ɪ ŋ ɡ ɚ ɦ ɛ ɾ ɨ s p̚ p l ɪ ɾ̃ ɚ 
/home/isaac/Projects/Thesis/data/timit/data/TRAIN/DR3/MRBC0/SX239.WAV,h# p y er r iy s ix m f r ux tcl b ix f ao r pcl p axr pcl p eh r ix ng dh ix s kcl k y ux axr z h#, p j ɝ ɹ i s ɨ m f ɹ ʉ t̚ b ɨ f ɔ ɹ p̚ p ɚ p̚ p ɛ ɹ ɨ ŋ ð ɨ s k̚ k j ʉ ɚ z 
/home/isaac/Projects/Thesis/data/timit/data/TRAIN/DR3/MRBC0/SI599.WAV,h# w ax dx ix kcl k s pcl p l ey n z dh ix s y ux n ih dcl d axr eh kcl sh en el pcl p er ae l ax s ix s h#, w ə ɾ ɨ k̚ k s p̚ p l eɪ n z ð ɨ s j ʉ n ɪ d̚ d ɚ ɛ k̚ ʃ n̩ l̩ p̚ p ɝ æ l ə s ɨ s 
/home/isaac/Projects/Thesis/data/timit/data/TRAIN/DR3/MRBC0/SX149.WAV,h# q ax l w ey dx ix ng gcl f axr tcl ch ih pcl p axr sh iy kcl k r ih s kcl k r ao s ax s kcl k w eh r m eh n iy tcl t ay m z h#, ʔ ə l w eɪ ɾ ɨ ŋ ɡ̚ f ɚ t̚ tʃ ɪ p̚ p ɚ ʃ i k̚ k ɹ ɪ s k̚ k ɹ ɔ s ə s k̚ k w ɛ ɹ m ɛ n i t̚ t aɪ m z 
/home/isaac/Projects/Thesis/data/timit/data/TRAIN/DR3/MRBC0/SI1665.WAV,h# eh f ux l ix sh th ao tcl k ey m q ix n tcl t ux hv ix z hh eh dcl h#, ɛ f ʉ l ɨ ʃ θ ɔ t̚ k eɪ m ʔ ɨ n t̚ t ʉ ɦ ɨ z h ɛ d̚ 
/home/isaac/Projects/Thesis/data/timit/data/TRAIN/DR3/MRBC0/SX419.WAV,h# dh ix f uh tcl b ao l tcl t iy m kcl k ow tcl ch hh eh z ey w aa tcl ch epi th ih n eh z ix dcl d ay m h#, ð ɨ f ʊ t̚ b ɔ l t̚ t i m k̚ k oʊ t̚ tʃ h ɛ z eɪ w ɑ t̚ tʃ  θ ɪ n ɛ z ɨ d̚ d aɪ m 
/home/isaac/Projects/Thesis/data/timit/data/TRAIN/DR3/MRBC0/SX329.WAV,h# ch ih pcl p ow s pcl p ow n ae l ax m ow n iy pcl p ey m ax n s q ax n tcl t ix l dh ax l ey dx ix s tcl p aa s bcl b el dcl d ey tcl t h#, tʃ ɪ p̚ p oʊ s p̚ p oʊ n æ l ə m oʊ n i p̚ p eɪ m ə n s ʔ ə n t̚ t ɨ l ð ə l eɪ ɾ ɨ s t̚ p ɑ s b̚ b l̩ d̚ d eɪ t̚ t 
/home/isaac/Projects/Thesis/data/timit/data/TRAIN/DR3/MRBC0/SI1859.WAV,h# w ax l w er kcl f ao r aw r kcl k iy pcl dh ax bcl b oy s eh dx iy gcl axr l iy h#, w ə l w ɝ k̚ f ɔ ɹ aʊ ɹ k̚ k i p̚ ð ə b̚ b ɔɪ s ɛ ɾ i ɡ̚ ɚ l i 
/home/isaac/Projects/Thesis/data/timit/data/TRAIN/DR3/MTJM0/SX56.WAV,h# q ae kcl k ix dcl d eh m ix kcl k ae pcl t ix tcl t ux dcl g eh r ix n tcl t iy zh axr dcl d ix pcl p l ow m ax h#, ʔ æ k̚ k ɨ d̚ d ɛ m ɨ k̚ k æ p̚ t ɨ t̚ t ʉ d̚ ɡ ɛ ɹ ɨ n t̚ t i ʒ ɚ d̚ d ɨ p̚ p l oʊ m ə 
/home/isaac/Projects/Thesis/data/timit/data/TRAIN/DR3/MTJM0/SX326.WAV,h# s tcl t iy v kcl k ax l eh kcl k s epi r eh er q eh n aa v el kcl k oy n z h#, s t̚ t i v k̚ k ə l ɛ k̚ k s  ɹ ɛ ɝ ʔ ɛ n ɑ v l̩ k̚ k ɔɪ n z 
/home/isaac/Projects/Thesis/data/timit/data/TRAIN/DR3/MTJM0/SI1856.WAV,h# hh axr ay z w axr gcl g l ey z dcl d q ax z ix f sh iy dcl d ih dcl en tcl hh ih er q ao r iy v en s iy hv ix m h#, h ɚ aɪ z w ɚ ɡ̚ ɡ l eɪ z d̚ d ʔ ə z ɨ f ʃ i d̚ d ɪ d̚ n̩ t̚ h ɪ ɝ ʔ ɔ ɹ i v n̩ s i ɦ ɨ m 
/home/isaac/Projects/Thesis/data/timit/data/TRAIN/DR3/MTJM0/SX416.WAV,h# q ah hv y ux dcl jh pcl p aw axr q aw dx ix dcl jh epi r er l iy ix kcl k er z h#, ʔ ʌ ɦ j ʉ d̚ dʒ p̚ p aʊ ɚ ʔ aʊ ɾ ɨ d̚ dʒ  ɹ ɝ l i ɨ k̚ k ɝ z 
/home/isaac/Projects/Thesis/data/timit/data/TRAIN/DR3/MTJM0/SX236.WAV,h# k l ix axr pcl p r ax n ah n s iy ey sh en ix z ax pcl p r iy sh iy ey dx ix dcl h#, k l ɨ ɚ p̚ p ɹ ə n ʌ n s i eɪ ʃ n̩ ɨ z ə p̚ p ɹ i ʃ i eɪ ɾ ɨ d̚ 
/home/isaac/Projects/Thesis/data/timit/data/TRAIN/DR3/MTJM0/SI1226.WAV,h# dh ax w iy l ah v s ow sh el l ay f s pcl p ah nx axr r aw n dh ax r oy el q ao axr r ix s tcl t ax-h kcl k r ae dx ix kcl k s eh nx axr h#, ð ə w i l ʌ v s oʊ ʃ l̩ l aɪ f s p̚ p ʌ ɾ̃ ɚ ɹ aʊ n ð ə ɹ ɔɪ l̩ ʔ ɔ ɚ ɹ ɨ s t̚ t ə̥ k̚ k ɹ æ ɾ ɨ k̚ k s ɛ ɾ̃ ɚ 
/home/isaac/Projects/Thesis/data/timit/data/TRAIN/DR3/MTJM0/SI655.WAV,h# y eh tcl t ax s pcl p ih er tcl w ix tcl ch l ih v z ix n kcl k em y ux nx ix dx iy ix z n aa dx ay dcl d eh nx ix kcl k el w ih th ix kcl k em y ux nx ix dx ix h#, j ɛ t̚ t ə s p̚ p ɪ ɝ t̚ w ɨ t̚ tʃ l ɪ v z ɨ n k̚ k m̩ j ʉ ɾ̃ ɨ ɾ i ɨ z n ɑ ɾ aɪ d̚ d ɛ ɾ̃ ɨ k̚ k l̩ w ɪ θ ɨ k̚ k m̩ j ʉ ɾ̃ ɨ ɾ ɨ 
/home/isaac/Projects/Thesis/data/timit/data/TRAIN/DR3/MTJM0/SX146.WAV,h# s ih kcl k l ax kcl k el pcl p r ow gcl r ae m z epi w el n eh v axr kcl k em pcl p ay l h#, s ɪ k̚ k l ə k̚ k l̩ p̚ p ɹ oʊ ɡ̚ ɹ æ m z  w l̩ n ɛ v ɚ k̚ k m̩ p̚ p aɪ l 
/home/isaac/Projects/Thesis/data/timit/data/TRAIN/DR3/FSJW0/SI1333.WAV,h# q eh kcl k s r ey f ih l m z ax dh ix v er dx axr bcl b el kcl k aa l ax m sh ow dcl p axr gcl g r eh sh en q ax v dh ix pau d ix m ih nx axr el ay z ey sh en h#, ʔ ɛ k̚ k s ɹ eɪ f ɪ l m z ə ð ɨ v ɝ ɾ ɚ b̚ b l̩ k̚ k ɑ l ə m ʃ oʊ d̚ p ɚ ɡ̚ ɡ ɹ ɛ ʃ n̩ ʔ ə v ð ɨ  d ɨ m ɪ ɾ̃ ɚ l̩ aɪ z eɪ ʃ n̩ 
/home/isaac/Projects/Thesis/data/timit/data/TRAIN/DR3/FSJW0/SX253.WAV,h# b ay iy eng y ow gcl g er tcl pau y ux m ey l ih v l ao ng g axr h#, b aɪ i ŋ̍ j oʊ ɡ̚ ɡ ɝ t̚  j ʉ m eɪ l ɪ v l ɔ ŋ ɡ ɚ 
/home/isaac/Projects/Thesis/data/timit/data/TRAIN/DR3/FSJW0/SX73.WAV,h# k l ih f s dcl d ix s pcl p l ey w ax z epi m ix s pcl p l ey s tcl t ao n s kcl k r iy n h#, k l ɪ f s d̚ d ɨ s p̚ p l eɪ w ə z  m ɨ s p̚ p l eɪ s t̚ t ɔ n s k̚ k ɹ i n 
/home/isaac/Projects/Thesis/data/timit/data/TRAIN/DR3/FSJW0/SX343.WAV,h# dh ix f r ay q en dcl ch ay l w ix z dcl jh eh n q l iy s ix bcl d ux dcl b ay hv ix z bcl b ih gcl b r ah dh axr h#, ð ɨ f ɹ aɪ ʔ n̩ d̚ tʃ aɪ l w ɨ z d̚ dʒ ɛ n ʔ l i s ɨ b̚ d ʉ d̚ b aɪ ɦ ɨ z b̚ b ɪ ɡ̚ b ɹ ʌ ð ɚ 
/home/isaac/Projects/Thesis/data/timit/data/TRAIN/DR3/FSJW0/SI703.WAV,h# ih w ix z epi m ah s kcl k ux l er bcl b ax dx ix q w ah z ax n tcl s ax m eh tcl t axr kcl k el h#, ɪ w ɨ z  m ʌ s k̚ k ʉ l ɝ b̚ b ə ɾ ɨ ʔ w ʌ z ə n t̚ s ə m ɛ t̚ t ɚ k̚ k l̩ 
/home/isaac/Projects/Thesis/data/timit/data/TRAIN/DR3/FSJW0/SX163.WAV,h# dh ey r iy m ey n l ay f l ao ng f r eh n z ih ng kcl k ix m pcl p ae n y ix n s h#, ð eɪ ɹ i m eɪ n l aɪ f l ɔ ŋ f ɹ ɛ n z ɪ ŋ k̚ k ɨ m p̚ p æ n j ɨ n s 
/home/isaac/Projects/Thesis/data/timit/data/TRAIN/DR3/FSJW0/SX433.WAV,h# dh iy ow v axr w ey tcl ch aa r m axr kcl k ix dcl s l ix pcl p oy z en ih n dcl d ix q ih nx iy w ah n z tcl t iy h#, ð i oʊ v ɚ w eɪ t̚ tʃ ɑ ɹ m ɚ k̚ k ɨ d̚ s l ɨ p̚ p ɔɪ z n̩ ɪ n d̚ d ɨ ʔ ɪ ɾ̃ i w ʌ n z t̚ t i 
/home/isaac/Projects/Thesis/data/timit/data/TRAIN/DR3/FSJW0/SI1963.WAV,h# q iy tcl ch pcl p l ey ng kcl k eh r iy dcl t ux f ay v hv ax n d axr pcl p aw m bcl b aa m bcl b z h#, ʔ i t̚ tʃ p̚ p l eɪ ŋ k̚ k ɛ ɹ i d̚ t ʉ f aɪ v ɦ ə n d ɚ p̚ p aʊ m b̚ b ɑ m b̚ b z 
/home/isaac/Projects/Thesis/data/timit/data/TRAIN/DR3/MKLS1/SX105.WAV,h# y ux m ah s tcl t q ix kcl s pcl p l ih s ix q l iy dcl d ax l iy tcl f ay ax l z h#, j ʉ m ʌ s t̚ t ʔ ɨ k̚ s p̚ p l ɪ s ɨ ʔ l i d̚ d ə l i t̚ f aɪ ə l z 
/home/isaac/Projects/Thesis/data/timit/data/TRAIN/DR3/MKLS1/SX285.WAV,h# r ih tcl ch pcl p er tcl ch ih s eh v r el s ay n l ih th ih gcl g r ae f s h#, ɹ ɪ t̚ tʃ p̚ p ɝ t̚ tʃ ɪ s ɛ v ɹ l̩ s aɪ n l ɪ θ ɪ ɡ̚ ɡ ɹ æ f s 
/home/isaac/Projects/Thesis/data/timit/data/TRAIN/DR3/MKLS1/SX375.WAV,h# g r ow ih ng w eh l kcl k eh pcl t gcl g aa r dcl en z ix z v eh r iy tcl t ay m kcl k en t s uw m ix ng h#, ɡ ɹ oʊ ɪ ŋ w ɛ l k̚ k ɛ p̚ t ɡ̚ ɡ ɑ ɹ d̚ n̩ z ɨ z v ɛ ɹ i t̚ t aɪ m k̚ k n̩ t s u m ɨ ŋ 
/home/isaac/Projects/Thesis/data/timit/data/TRAIN/DR3/MKLS1/SX15.WAV,h# dh ix m y ux z iy ih m hh ay er z epi m y ux z ih sh ix n z q eh v r iy q iy v n ih ng h#, ð ɨ m j ʉ z i ɪ m h aɪ ɝ z  m j ʉ z ɪ ʃ ɨ n z ʔ ɛ v ɹ i ʔ i v n ɪ ŋ 
/home/isaac/Projects/Thesis/data/timit/data/TRAIN/DR3/MKLS1/SI915.WAV,h# dh eh nx ih gcl g eh n pau dh eh r z ao w iy z dh ae q l ah v l iy ow l dcl p ae s tcl t ay m ax v hh uh kcl k ix ng axr bcl b r ey dx iy ng epi r ah gcl g z h#, ð ɛ ɾ̃ ɪ ɡ̚ ɡ ɛ n  ð ɛ ɹ z ɔ w i z ð æ ʔ l ʌ v l i oʊ l d̚ p æ s t̚ t aɪ m ə v h ʊ k̚ k ɨ ŋ ɚ b̚ b ɹ eɪ ɾ i ŋ  ɹ ʌ ɡ̚ ɡ z 
/home/isaac/Projects/Thesis/data/timit/data/TRAIN/DR3/MKLS1/SI2175.WAV,h# sh ih v axr ih ng hv ix pcl p uh q aa n hv ih z kcl k l ow z h#, ʃ ɪ v ɚ ɪ ŋ ɦ ɨ p̚ p ʊ ʔ ɑ n ɦ ɪ z k̚ k l oʊ z 
/home/isaac/Projects/Thesis/data/timit/data/TRAIN/DR3/MKLS1/SX195.WAV,h# w ix dcl d y uw ax l aw q ae kcl k s ax v ay eh l ix n tcl t s h#, w ɨ d̚ d j u ə l aʊ ʔ æ k̚ k s ə v aɪ ɛ l ɨ n t̚ t s 
/home/isaac/Projects/Thesis/data/timit/data/TRAIN/DR3/MKLS1/SI1545.WAV,h# dh ey dx ih dcl n aa tcl n ow hh uw dh ey w er pau q ao r n ow dh eh r q ow n w er th h#, ð eɪ ɾ ɪ d̚ n ɑ t̚ n oʊ h u ð eɪ w ɝ  ʔ ɔ ɹ n oʊ ð ɛ ɹ ʔ oʊ n w ɝ θ 
/home/isaac/Projects/Thesis/data/timit/data/TRAIN/DR3/MREE0/SI1959.WAV,h# hh iy eh dcl n aa tcl k ah v er dx ah hv ah n d axr dcl d y aa r z bcl ih f ao r axr gcl g ah n kcl k r ae sh tcl t f axr m s ah m w eh r bcl ih hv ay n dcl d h#, h i ɛ d̚ n ɑ t̚ k ʌ v ɝ ɾ ʌ ɦ ʌ n d ɚ d̚ d j ɑ ɹ z b̚ ɪ f ɔ ɹ ɚ ɡ̚ ɡ ʌ n k̚ k ɹ æ ʃ t̚ t f ɚ m s ʌ m w ɛ ɹ b̚ ɪ ɦ aɪ n d̚ d 
/home/isaac/Projects/Thesis/data/timit/data/TRAIN/DR3/MREE0/SX384.WAV,h# p l iy z sh ao r tcl en dh ih s kcl k er tcl t f axr dcl jh oy s h#, p l i z ʃ ɔ ɹ t̚ n̩ ð ɪ s k̚ k ɝ t̚ t f ɚ d̚ dʒ ɔɪ s 
/home/isaac/Projects/Thesis/data/timit/data/TRAIN/DR3/MREE0/SX204.WAV,h# iy v ix n ay ow kcl k ey zh en el l iy gcl g eh tcl dh ax m ah n dcl d ey bcl b l uw z h#, i v ɨ n aɪ oʊ k̚ k eɪ ʒ n̩ l̩ l i ɡ̚ ɡ ɛ t̚ ð ə m ʌ n d̚ d eɪ b̚ b l u z 
/home/isaac/Projects/Thesis/data/timit/data/TRAIN/DR3/MREE0/SX114.WAV,h# dh ix kcl k aa r tcl t ux n f iy tcl ch axr z ax m ah s kcl k r ae tcl q ix nx ix tcl t ae dcl p ow l h#, ð ɨ k̚ k ɑ ɹ t̚ t ʉ n f i t̚ tʃ ɚ z ə m ʌ s k̚ k ɹ æ t̚ ʔ ɨ ɾ̃ ɨ t̚ t æ d̚ p oʊ l 
/home/isaac/Projects/Thesis/data/timit/data/TRAIN/DR3/MREE0/SX24.WAV,h# ao l dh ow ao l w ih z ax l ow n pau w iy s axr v ay v h#, ɔ l ð oʊ ɔ l w ɪ z ə l oʊ n  w i s ɚ v aɪ v 
/home/isaac/Projects/Thesis/data/timit/data/TRAIN/DR3/MREE0/SI1104.WAV,h# dh ih s gcl g er l s ux n dcl d r aa pcl s dh ax bcl b er zh w aa z ey s ix kcl k ay ax tcl t r ih s tcl t hh ux dcl d ih s ax pcl p r uw v z ax v hh er l ay f h#, ð ɪ s ɡ̚ ɡ ɝ l s ʉ n d̚ d ɹ ɑ p̚ s ð ə b̚ b ɝ ʒ w ɑ z eɪ s ɨ k̚ k aɪ ə t̚ t ɹ ɪ s t̚ t h ʉ d̚ d ɪ s ə p̚ p ɹ u v z ə v h ɝ l aɪ f 
/home/isaac/Projects/Thesis/data/timit/data/TRAIN/DR3/MREE0/SI1734.WAV,h# ih w ah z n aa q pau w ah dx eh v axr tcl t ey l w ax z tcl t ow l dcl b ay tcl t ey l z h#, ɪ w ʌ z n ɑ ʔ  w ʌ ɾ ɛ v ɚ t̚ t eɪ l w ə z t̚ t oʊ l d̚ b aɪ t̚ t eɪ l z 
/home/isaac/Projects/Thesis/data/timit/data/TRAIN/DR3/MREE0/SX294.WAV,h# sh uh dcl jh axr r ae f s bcl b iy kcl k eh pcl t ih n s epi m ao l z ux z h#, ʃ ʊ d̚ dʒ ɚ ɹ æ f s b̚ b i k̚ k ɛ p̚ t ɪ n s  m ɔ l z ʉ z 
/home/isaac/Projects/Thesis/data/timit/data/TRAIN/DR3/FDFB0/SI2010.WAV,h# dh ix kcl k l aw dcl b axr s kcl k ah dx ao f ax bcl b r ah pcl p l ix h#, ð ɨ k̚ k l aʊ d̚ b ɚ s k̚ k ʌ ɾ ɔ f ə b̚ b ɹ ʌ p̚ p l ɨ 
/home/isaac/Projects/Thesis/data/timit/data/TRAIN/DR3/FDFB0/SI1318.WAV,h# t ax w ah dx ix kcl k s tcl eh n s ax ch l ow dcl d eh n s tcl t iy ix pcl p l ay z tcl t ax m ay kcl k r ow m iy dx iy axr r ay tcl t s ix z ah n ow n h#, t ə w ʌ ɾ ɨ k̚ k s t̚ ɛ n s ə tʃ l oʊ d̚ d ɛ n s t̚ t i ɨ p̚ p l aɪ z t̚ t ə m aɪ k̚ k ɹ oʊ m i ɾ i ɚ ɹ aɪ t̚ t s ɨ z ʌ n oʊ n 
/home/isaac/Projects/Thesis/data/timit/data/TRAIN/DR3/FDFB0/SX328.WAV,h# g r eh gcl er iy en tcl t aa m tcl ch uh z tcl t ax w aa tcl ch kcl k aa r tcl t ux n z epi n iy eh f tcl t axr n ux n h#, ɡ ɹ ɛ ɡ̚ ɝ i n̩ t̚ t ɑ m t̚ tʃ ʊ z t̚ t ə w ɑ t̚ tʃ k̚ k ɑ ɹ t̚ t ʉ n z  n i ɛ f t̚ t ɚ n ʉ n 
/home/isaac/Projects/Thesis/data/timit/data/TRAIN/DR3/FDFB0/SX418.WAV,h# ay r ix s th ih n k s dh ax s uw hv uh z el eh v en s pcl p ae n ix sh z iy bcl b r ix s h#, aɪ ɹ ɨ s θ ɪ n k s ð ə s u ɦ ʊ z l̩ ɛ v n̩ s p̚ p æ n ɨ ʃ z i b̚ b ɹ ɨ s 
/home/isaac/Projects/Thesis/data/timit/data/TRAIN/DR3/FDFB0/SI1948.WAV,h# hh iy m oy s ax n d ix z l ih pcl p s ah n iy z ax l ix h#, h i m ɔɪ s ə n d ɨ z l ɪ p̚ p s ʌ n i z ə l ɨ 
/home/isaac/Projects/Thesis/data/timit/data/TRAIN/DR3/FDFB0/SX58.WAV,h# w ix q ix kcl s pcl p ih er ix n s dcl d ax-h s tcl t r eh s epi en f r ax s t r ey sh ax n ax bcl t ey n ix eng eh axr dcl d ix gcl g r iy s h#, w ɨ ʔ ɨ k̚ s p̚ p ɪ ɝ ɨ n s d̚ d ə̥ s t̚ t ɹ ɛ s  n̩ f ɹ ə s t ɹ eɪ ʃ ə n ə b̚ t eɪ n ɨ ŋ̍ ɛ ɚ d̚ d ɨ ɡ̚ ɡ ɹ i s 
/home/isaac/Projects/Thesis/data/timit/data/TRAIN/DR3/FDFB0/SX148.WAV,h# m ah s pcl p r iy s ih ng k s hh ae dx uh th er dx ax dh ax v ow tcl t s kcl k ae l ax v h#, m ʌ s p̚ p ɹ i s ɪ ŋ k s h æ ɾ ʊ θ ɝ ɾ ə ð ə v oʊ t̚ t s k̚ k æ l ə v 
/home/isaac/Projects/Thesis/data/timit/data/TRAIN/DR3/FDFB0/SX238.WAV,h# ax dcl d aa kcl t axr w ix z ix n iy ae m bcl b y el n s epi w ax th ax pcl p ey sh en tcl h#, ə d̚ d ɑ k̚ t ɚ w ɨ z ɨ n i æ m b̚ b j l̩ n s  w ə θ ə p̚ p eɪ ʃ n̩ t̚ 
/home/isaac/Projects/Thesis/data/timit/data/TRAIN/DR3/MMAM0/SX67.WAV,h# l ae sh ih axr z gcl g ae sh ao r dx ix zh kcl k ao s tcl t iy pcl p r ay s ih ng kcl k r iy s ix s h#, l æ ʃ ɪ ɚ z ɡ̚ ɡ æ ʃ ɔ ɹ ɾ ɨ ʒ k̚ k ɔ s t̚ t i p̚ p ɹ aɪ s ɪ ŋ k̚ k ɹ i s ɨ s 
/home/isaac/Projects/Thesis/data/timit/data/TRAIN/DR3/MMAM0/SI1597.WAV,h# dh ix f ih gcl y er ix n dh ix kcl k ao r n axr bcl b eh l tcl ch tcl t l aw l iy pau eh dcl d iy pcl p l ih kcl k w ih dcl d q axr r ah pcl p sh ix n h#, ð ɨ f ɪ ɡ̚ j ɝ ɨ n ð ɨ k̚ k ɔ ɹ n ɚ b̚ b ɛ l t̚ tʃ t̚ t l aʊ l i  ɛ d̚ d i p̚ p l ɪ k̚ k w ɪ d̚ d ʔ ɚ ɹ ʌ p̚ p ʃ ɨ n 
/home/isaac/Projects/Thesis/data/timit/data/TRAIN/DR3/MMAM0/SI1668.WAV,h# q ow n ow n aa dx ih gcl g eh n hv iy s epi eh dcl d ix l aw dcl d h#, ʔ oʊ n oʊ n ɑ ɾ ɪ ɡ̚ ɡ ɛ n ɦ i s  ɛ d̚ d ɨ l aʊ d̚ d 
/home/isaac/Projects/Thesis/data/timit/data/TRAIN/DR3/MMAM0/SX157.WAV,h# r ix m ux dh ix s pcl p l ih nx axr w ix th ax-h pcl p eh r ix tcl t w iy z axr z h#, ɹ ɨ m ʉ ð ɨ s p̚ p l ɪ ɾ̃ ɚ w ɨ θ ə̥ p̚ p ɛ ɹ ɨ t̚ t w i z ɚ z 
/home/isaac/Projects/Thesis/data/timit/data/TRAIN/DR3/MMAM0/SX427.WAV,h# q eh v r iy kcl k ae bcl b n iy dcl jh r iy pcl p ey n ix ng ao f en h#, ʔ ɛ v ɹ i k̚ k æ b̚ b n i d̚ dʒ ɹ i p̚ p eɪ n ɨ ŋ ɔ f n̩ 
/home/isaac/Projects/Thesis/data/timit/data/TRAIN/DR3/MMAM0/SI2227.WAV,h# y er hv ae v ix ng ax m ih z r ax bcl b el tcl t ay m aa r n tcl ch ix h#, j ɝ ɦ æ v ɨ ŋ ə m ɪ z ɹ ə b̚ b l̩ t̚ t aɪ m ɑ ɹ n t̚ tʃ ɨ 
/home/isaac/Projects/Thesis/data/timit/data/TRAIN/DR3/MMAM0/SX247.WAV,h# dh ax s ih gcl g er eh tcl s epi ix n dh ix kcl k l ey ae sh tcl t r ey q ow v axr f l ow dx ah n tcl t ix dh iy ow kcl t ey q el h#, ð ə s ɪ ɡ̚ ɡ ɝ ɛ t̚ s  ɨ n ð ɨ k̚ k l eɪ æ ʃ t̚ t ɹ eɪ ʔ oʊ v ɚ f l oʊ ɾ ʌ n t̚ t ɨ ð i oʊ k̚ t eɪ ʔ l̩ 
/home/isaac/Projects/Thesis/data/timit/data/TRAIN/DR3/MMAM0/SX337.WAV,h# b aa bcl b ae n dcl d ih dcl jh bcl b ow th w uw n z w ax th ah s kcl k ih l ax v ax dcl d aa kcl t axr h#, b ɑ b̚ b æ n d̚ d ɪ d̚ dʒ b̚ b oʊ θ w u n z w ə θ ʌ s k̚ k ɪ l ə v ə d̚ d ɑ k̚ t ɚ 
/home/isaac/Projects/Thesis/data/timit/data/TRAIN/DR3/FCMG0/SX72.WAV,h# s pcl p r ih ng s tcl t r iy tcl q ih s tcl t r ey dx ih hv eh dcl d h#, s p̚ p ɹ ɪ ŋ s t̚ t ɹ i t̚ ʔ ɪ s t̚ t ɹ eɪ ɾ ɪ ɦ ɛ d̚ d 
/home/isaac/Projects/Thesis/data/timit/data/TRAIN/DR3/FCMG0/SX252.WAV,h# dh ix gcl g ao r dcl jh ix s bcl b ah dx er f l ay q ey dx ax l aa dx ah v n eh kcl t er h#, ð ɨ ɡ̚ ɡ ɔ ɹ d̚ dʒ ɨ s b̚ b ʌ ɾ ɝ f l aɪ ʔ eɪ ɾ ə l ɑ ɾ ʌ v n ɛ k̚ t ɝ 
/home/isaac/Projects/Thesis/data/timit/data/TRAIN/DR3/FCMG0/SI1242.WAV,h# b ah dx ih tcl d ih dcl p r ih n q g uh dcl d v er s q ix n gcl g uh dcl d f ih kcl k sh ix n h#, b ʌ ɾ ɪ t̚ d ɪ d̚ p ɹ ɪ n ʔ ɡ ʊ d̚ d v ɝ s ʔ ɨ n ɡ̚ ɡ ʊ d̚ d f ɪ k̚ k ʃ ɨ n 
/home/isaac/Projects/Thesis/data/timit/data/TRAIN/DR3/FCMG0/SI1142.WAV,h# r iy s er tcl ch q ih n tcl t ux s eh v r el kcl k el tcl ch er z hh ix z pcl p r uw v ix n hv axr pcl p ix z ih sh ix n tcl t ux bcl b iy ix m ax s tcl t ey kcl k ix n w ax n h#, ɹ i s ɝ t̚ tʃ ʔ ɪ n t̚ t ʉ s ɛ v ɹ l̩ k̚ k l̩ t̚ tʃ ɝ z h ɨ z p̚ p ɹ u v ɨ n ɦ ɚ p̚ p ɨ z ɪ ʃ ɨ n t̚ t ʉ b̚ b i ɨ m ə s t̚ t eɪ k̚ k ɨ n w ə n 
/home/isaac/Projects/Thesis/data/timit/data/TRAIN/DR3/FCMG0/SX342.WAV,h# t ey kcl ch aa r dcl jh ix v tcl ch ux z iy ng hv axr bcl b r ay dcl z epi m ey dcl z gcl g aw n z h#, t eɪ k̚ tʃ ɑ ɹ d̚ dʒ ɨ v t̚ tʃ ʉ z i ŋ ɦ ɚ b̚ b ɹ aɪ d̚ z  m eɪ d̚ z ɡ̚ ɡ aʊ n z 
/home/isaac/Projects/Thesis/data/timit/data/TRAIN/DR3/FCMG0/SX432.WAV,h# k ao f iy ix z gcl g r ow n q ao n s tcl t iy pcl jh ah ng gcl g el l ay kcl k s l ow pcl p s q ih n tcl t eh m pcl p axr ix tcl z ow n z h#, k ɔ f i ɨ z ɡ̚ ɡ ɹ oʊ n ʔ ɔ n s t̚ t i p̚ dʒ ʌ ŋ ɡ̚ ɡ l̩ l aɪ k̚ k s l oʊ p̚ p s ʔ ɪ n t̚ t ɛ m p̚ p ɚ ɨ t̚ z oʊ n z 
/home/isaac/Projects/Thesis/data/timit/data/TRAIN/DR3/FCMG0/SX162.WAV,h# hh axr q ao bcl b er n hv eh er r axr m ay n d ix dcl hv ih ax m ah v q ao dx ah m l iy v s h#, h ɚ ʔ ɔ b̚ b ɝ n ɦ ɛ ɝ ɹ ɚ m aɪ n d ɨ d̚ ɦ ɪ ə m ʌ v ʔ ɔ ɾ ʌ m l i v s 
/home/isaac/Projects/Thesis/data/timit/data/TRAIN/DR3/FCMG0/SI1872.WAV,h# hh iy kcl k ih s tcl t hh er q ao l s ow q eh n w ix th dcl d iy pcl t eh n d axr n eh s h#, h i k̚ k ɪ s t̚ t h ɝ ʔ ɔ l s oʊ ʔ ɛ n w ɨ θ d̚ d i p̚ t ɛ n d ɚ n ɛ s 
/home/isaac/Projects/Thesis/data/timit/data/TRAIN/DR5/MGSH0/SI1806.WAV,h# sh aw l w ih f l ih pcl ax kcl k oy n tcl t ix s iy hh w ih tcl ch ix v ah s gcl g ow s f er s tcl t h#, ʃ aʊ l w ɪ f l ɪ p̚ ə k̚ k ɔɪ n t̚ t ɨ s i h w ɪ t̚ tʃ ɨ v ʌ s ɡ̚ ɡ oʊ s f ɝ s t̚ t 
/home/isaac/Projects/Thesis/data/timit/data/TRAIN/DR5/MGSH0/SX186.WAV,h# w uh dx ey tcl t aa m bcl b oy q ao f tcl t ix n pcl p l ey aw q dcl d ao axr s h#, w ʊ ɾ eɪ t̚ t ɑ m b̚ b ɔɪ ʔ ɔ f t̚ t ɨ n p̚ p l eɪ aʊ ʔ d̚ d ɔ ɚ s 
/home/isaac/Projects/Thesis/data/timit/data/TRAIN/DR5/MGSH0/SX276.WAV,h# jh aa n z bcl b r ah dh axr r iy pcl p ey n ix dcl dh ix gcl g axr r aa zh dcl d ao axr h#, dʒ ɑ n z b̚ b ɹ ʌ ð ɚ ɹ i p̚ p eɪ n ɨ d̚ ð ɨ ɡ̚ ɡ ɚ ɹ ɑ ʒ d̚ d ɔ ɚ 
/home/isaac/Projects/Thesis/data/timit/data/TRAIN/DR5/MGSH0/SX6.WAV,h# b r ay tcl s ah n sh ay n pau sh ih m er z aa n dh iy ow sh ix n h#, b ɹ aɪ t̚ s ʌ n ʃ aɪ n  ʃ ɪ m ɝ z ɑ n ð i oʊ ʃ ɨ n 
/home/isaac/Projects/Thesis/data/timit/data/TRAIN/DR5/MGSH0/SI1176.WAV,h# t ux s ah m ih kcl k s tcl t eh n tcl p r iy dcl d ih s pcl p ix z ih sh ix n z q aa r sh ey pcl b ay ix kcl s pcl p ow zh axr tcl t ux gcl g r ux pcl ix n v ay er m en tcl s h#, t ʉ s ʌ m ɪ k̚ k s t̚ t ɛ n t̚ p ɹ i d̚ d ɪ s p̚ p ɨ z ɪ ʃ ɨ n z ʔ ɑ ɹ ʃ eɪ p̚ b aɪ ɨ k̚ s p̚ p oʊ ʒ ɚ t̚ t ʉ ɡ̚ ɡ ɹ ʉ p̚ ɨ n v aɪ ɝ m n̩ t̚ s 
/home/isaac/Projects/Thesis/data/timit/data/TRAIN/DR5/MGSH0/SI546.WAV,h# dh ax n eh r ow f r ix n jh ix v s ae dcl n ix s dh ix q r ae nx axr r aw n dcl d ix tcl q ow n l iy q eh m f ax s ay z dcl dh ax pcl p l eh zh axr h#, ð ə n ɛ ɹ oʊ f ɹ ɨ n dʒ ɨ v s æ d̚ n ɨ s ð ɨ ʔ ɹ æ ɾ̃ ɚ ɹ aʊ n d̚ d ɨ t̚ ʔ oʊ n l i ʔ ɛ m f ə s aɪ z d̚ ð ə p̚ p l ɛ ʒ ɚ 
/home/isaac/Projects/Thesis/data/timit/data/TRAIN/DR5/MGSH0/SX127.WAV,h# dh iy q eh m pcl p axr er hv ae dx ey m iy n tcl t eh m pcl p axr h#, ð i ʔ ɛ m p̚ p ɚ ɝ ɦ æ ɾ eɪ m i n t̚ t ɛ m p̚ p ɚ 
/home/isaac/Projects/Thesis/data/timit/data/TRAIN/DR5/MGSH0/SX96.WAV,h# m ae s kcl k er ey dcl p aa r dx iy s tcl t ae kcl s epi w ah n z ax m ae dcl jh ix n ey sh en h#, m æ s k̚ k ɝ eɪ d̚ p ɑ ɹ ɾ i s t̚ t æ k̚ s  w ʌ n z ə m æ d̚ dʒ ɨ n eɪ ʃ n̩ 
/home/isaac/Projects/Thesis/data/timit/data/TRAIN/DR5/MHIT0/SX173.WAV,h# hh uw eh v er kcl k w aa pcl p ax r ey tcl s epi ix n f ay n dcl d iy ng n ae n z kcl k ae m iy ow w el bcl b ix r ix w ao dx ix dcl h#, h u ɛ v ɝ k̚ k w ɑ p̚ p ə ɹ eɪ t̚ s  ɨ n f aɪ n d̚ d i ŋ n æ n z k̚ k æ m i oʊ w l̩ b̚ b ɨ ɹ ɨ w ɔ ɾ ɨ d̚ 
/home/isaac/Projects/Thesis/data/timit/data/TRAIN/DR5/MHIT0/SX263.WAV,h# hh aw q ao l iy dcl d ux y uw l ay kcl k y axr s ae l ax dcl d r eh s eng h#, h aʊ ʔ ɔ l i d̚ d ʉ j u l aɪ k̚ k j ɚ s æ l ə d̚ d ɹ ɛ s ŋ̍ 
/home/isaac/Projects/Thesis/data/timit/data/TRAIN/DR5/MHIT0/SX353.WAV,h# q ah kcl k aa n ix s uw axr w ax l ix n dcl jh oy dh ih s pau sh eh l f ih sh dcl d ih sh h#, ʔ ʌ k̚ k ɑ n ɨ s u ɚ w ə l ɨ n d̚ dʒ ɔɪ ð ɪ s  ʃ ɛ l f ɪ ʃ d̚ d ɪ ʃ 
/home/isaac/Projects/Thesis/data/timit/data/TRAIN/DR5/MHIT0/SI1613.WAV,h# dh ae dcl d w uh dcl m ey kcl hh ih m ae dx ih n eh f ix f hh iy w ah z s ow bcl b axr h#, ð æ d̚ d w ʊ d̚ m eɪ k̚ h ɪ m æ ɾ ɪ n ɛ f ɨ f h i w ʌ z s oʊ b̚ b ɚ 
/home/isaac/Projects/Thesis/data/timit/data/TRAIN/DR5/MHIT0/SI2243.WAV,h# s epi n ey kcl s q aa r q ah gcl g l iy hh iy s eh dx ix gcl g eh n h#, s  n eɪ k̚ s ʔ ɑ ɹ ʔ ʌ ɡ̚ ɡ l i h i s ɛ ɾ ɨ ɡ̚ ɡ ɛ n 
/home/isaac/Projects/Thesis/data/timit/data/TRAIN/DR5/MHIT0/SX83.WAV,h# m ay ih n sh tcl t r ah kcl k sh ix n z dcl d eh s pcl p axr q l iy n iy dcl q ah pcl p dcl d ey dx eng h#, m aɪ ɪ n ʃ t̚ t ɹ ʌ k̚ k ʃ ɨ n z d̚ d ɛ s p̚ p ɚ ʔ l i n i d̚ ʔ ʌ p̚ p d̚ d eɪ ɾ ŋ̍ 
/home/isaac/Projects/Thesis/data/timit/data/TRAIN/DR5/MHIT0/SX443.WAV,h# q ah l ow n s tcl t aa r sh ow n ix n dh axr q er l iy q iy v n ix ng s kcl k ay h#, ʔ ʌ l oʊ n s t̚ t ɑ ɹ ʃ oʊ n ɨ n ð ɚ ʔ ɝ l i ʔ i v n ɨ ŋ s k̚ k aɪ 
/home/isaac/Projects/Thesis/data/timit/data/TRAIN/DR5/MHIT0/SI983.WAV,h# r ey bcl iy z w axr kcl k y uw r dx ao r pcl p axr v eh nx ih dcl d bcl b ay m ae dcl s tcl t ow n z w ix sh epi dh ax pcl p ay ix n iy ix w ao q ao r kcl k ae r iy h#, ɹ eɪ b̚ i z w ɚ k̚ k j u ɹ ɾ ɔ ɹ p̚ p ɚ v ɛ ɾ̃ ɪ d̚ d b̚ b aɪ m æ d̚ s t̚ t oʊ n z w ɨ ʃ  ð ə p̚ p aɪ ɨ n i ɨ w ɔ ʔ ɔ ɹ k̚ k æ ɹ i 
/home/isaac/Projects/Thesis/data/timit/data/TRAIN/DR5/MRAM0/SX105.WAV,h# y ix m ah s tcl t ix kcl s pcl p l ih s ix q l iy dcl d ix l iy tcl t f ay l s h#, j ɨ m ʌ s t̚ t ɨ k̚ s p̚ p l ɪ s ɨ ʔ l i d̚ d ɨ l i t̚ t f aɪ l s 
/home/isaac/Projects/Thesis/data/timit/data/TRAIN/DR5/MRAM0/SX285.WAV,h# r ih tcl ch pcl p er tcl ch ix s tcl s eh v r ax l s ay n dcl l ih th ix gcl g r ae f s h#, ɹ ɪ t̚ tʃ p̚ p ɝ t̚ tʃ ɨ s t̚ s ɛ v ɹ ə l s aɪ n d̚ l ɪ θ ɨ ɡ̚ ɡ ɹ æ f s 
/home/isaac/Projects/Thesis/data/timit/data/TRAIN/DR5/MRAM0/SI1905.WAV,h# m iy n w ay l s pcl p r ih ng hv ix dcl p ae s tcl w eh l ix n tcl t ax-h s ah m axr h#, m i n w aɪ l s p̚ p ɹ ɪ ŋ ɦ ɨ d̚ p æ s t̚ w ɛ l ɨ n t̚ t ə̥ s ʌ m ɚ 
/home/isaac/Projects/Thesis/data/timit/data/TRAIN/DR5/MRAM0/SI1951.WAV,h# hh ih w ah n tcl t ix dcl t ix sh ow dh ix tcl t aw n pau w ah tcl hv ae pcl p ix n dcl t ix q ih n ih w ah n hv ux tcl t r ay dcl t ix s tcl t er tcl t r ah bcl b el h#, h ɪ w ʌ n t̚ t ɨ d̚ t ɨ ʃ oʊ ð ɨ t̚ t aʊ n  w ʌ t̚ ɦ æ p̚ p ɨ n d̚ t ɨ ʔ ɪ n ɪ w ʌ n ɦ ʉ t̚ t ɹ aɪ d̚ t ɨ s t̚ t ɝ t̚ t ɹ ʌ b̚ b l̩ 
/home/isaac/Projects/Thesis/data/timit/data/TRAIN/DR5/MRAM0/SX375.WAV,h# g r ow ih ng w eh l kcl k eh pcl g aa r dcl en s q ix z v eh r iy tcl t ay m kcl k ix n s ux m ix ng h#, ɡ ɹ oʊ ɪ ŋ w ɛ l k̚ k ɛ p̚ ɡ ɑ ɹ d̚ n̩ s ʔ ɨ z v ɛ ɹ i t̚ t aɪ m k̚ k ɨ n s ʉ m ɨ ŋ 
/home/isaac/Projects/Thesis/data/timit/data/TRAIN/DR5/MRAM0/SX15.WAV,h# dh ix m y ux z iy ix m hv ay axr z epi m y ux z ih sh ix n z pau q eh v r ih q iy v n ix ng h#, ð ɨ m j ʉ z i ɨ m ɦ aɪ ɚ z  m j ʉ z ɪ ʃ ɨ n z  ʔ ɛ v ɹ ɪ ʔ i v n ɨ ŋ 
/home/isaac/Projects/Thesis/data/timit/data/TRAIN/DR5/MRAM0/SI1275.WAV,h# b l aa kcl k ey dcl q ix z epi w ah nx ae n s axr pau ao f axr dcl b ay eh kcl s pcl p axr tcl t s h#, b l ɑ k̚ k eɪ d̚ ʔ ɨ z  w ʌ ɾ̃ æ n s ɚ  ɔ f ɚ d̚ b aɪ ɛ k̚ s p̚ p ɚ t̚ t s 
/home/isaac/Projects/Thesis/data/timit/data/TRAIN/DR5/MRAM0/SX195.WAV,h# w ix dcl d y uw ax l aw q ae kcl k s ax v ay l ax n tcl t s h#, w ɨ d̚ d j u ə l aʊ ʔ æ k̚ k s ə v aɪ l ə n t̚ t s 
/home/isaac/Projects/Thesis/data/timit/data/TRAIN/DR5/MRKM0/SX97.WAV,h# p ih ng gcl g w ax n z epi l ih v n ih ax dh ah q ay s iy q ae n q aa r tcl t ix kcl k h#, p ɪ ŋ ɡ̚ ɡ w ə n z  l ɪ v n ɪ ə ð ʌ ʔ aɪ s i ʔ æ n ʔ ɑ ɹ t̚ t ɨ k̚ k 
/home/isaac/Projects/Thesis/data/timit/data/TRAIN/DR5/MRKM0/SX7.WAV,h# n ah th ix n q ih z q ae z epi ao f eh n s ax-h v q ae z q ih n ih s en s h#, n ʌ θ ɨ n ʔ ɪ z ʔ æ z  ɔ f ɛ n s ə̥ v ʔ æ z ʔ ɪ n ɪ s n̩ s 
/home/isaac/Projects/Thesis/data/timit/data/TRAIN/DR5/MRKM0/SX187.WAV,h# dh ey q ao f en gcl g ow aw tcl t q ix n ix q iy v n ix ng h#, ð eɪ ʔ ɔ f n̩ ɡ̚ ɡ oʊ aʊ t̚ t ʔ ɨ n ɨ ʔ i v n ɨ ŋ 
/home/isaac/Projects/Thesis/data/timit/data/TRAIN/DR5/MRKM0/SI1391.WAV,h# hh aw q eh v axr pau hh w ix n l ey bcl ax dcl d ix s pcl p uw tcl s ax r ay z pau ix s pcl p ax v ih zh en z kcl k ah m kcl k l ih l iy q ix n tcl t ax-h pcl p l ey h#, h aʊ ʔ ɛ v ɚ  h w ɨ n l eɪ b̚ ə d̚ d ɨ s p̚ p u t̚ s ə ɹ aɪ z  ɨ s p̚ p ə v ɪ ʒ n̩ z k̚ k ʌ m k̚ k l ɪ l i ʔ ɨ n t̚ t ə̥ p̚ p l eɪ 
/home/isaac/Projects/Thesis/data/timit/data/TRAIN/DR5/MRKM0/SX367.WAV,h# dh ax s er pcl p l ah sh uw z w axr s ow dcl q eh dx eh dcl d ih s kcl k aw n tcl p r ay s h#, ð ə s ɝ p̚ p l ʌ ʃ u z w ɚ s oʊ d̚ ʔ ɛ ɾ ɛ d̚ d ɪ s k̚ k aʊ n t̚ p ɹ aɪ s 
/home/isaac/Projects/Thesis/data/timit/data/TRAIN/DR5/MRKM0/SI1267.WAV,h# th er dx iy f aa v m ih l ax tcl t axr iy q eh n s ix v ih y ix n s tcl t uw dx ix n tcl s epi r ax-h s iy v l ae bcl ix tcl t ao r ix tcl t r ey n ix ng h#, θ ɝ ɾ i f ɑ v m ɪ l ə t̚ t ɚ i ʔ ɛ n s ɨ v ɪ j ɨ n s t̚ t u ɾ ɨ n t̚ s  ɹ ə̥ s i v l æ b̚ ɨ t̚ t ɔ ɹ ɨ t̚ t ɹ eɪ n ɨ ŋ 
/home/isaac/Projects/Thesis/data/timit/data/TRAIN/DR5/MRKM0/SI637.WAV,h# hh iy ih n l ih s ix dx ax s tcl t ae f ax-h v l oy ax q eh kcl k s pcl p er tcl t s pau q eh nx ax v m eh n iy z eh l ax s v aa l en tcl t iy axr z h#, h i ɪ n l ɪ s ɨ ɾ ə s t̚ t æ f ə̥ v l ɔɪ ə ʔ ɛ k̚ k s p̚ p ɝ t̚ t s  ʔ ɛ ɾ̃ ə v m ɛ n i z ɛ l ə s v ɑ l n̩ t̚ t i ɚ z 
/home/isaac/Projects/Thesis/data/timit/data/TRAIN/DR5/MRKM0/SX277.WAV,h# dh ax r ow z kcl k ax s aa tcl ch s epi m ey l tcl t s epi w iy tcl t h#, ð ə ɹ oʊ z k̚ k ə s ɑ t̚ tʃ s  m eɪ l t̚ t s  w i t̚ t 
/home/isaac/Projects/Thesis/data/timit/data/TRAIN/DR5/FEAR0/SI1252.WAV,h# d ih v eh l ax pcl m ax n q r iy kcl k w ay axr z ax l ao ng tcl t er m ax pcl p r ow tcl ch h#, d ɪ v ɛ l ə p̚ m ə n ʔ ɹ i k̚ k w aɪ ɚ z ə l ɔ ŋ t̚ t ɝ m ə p̚ p ɹ oʊ t̚ tʃ 
/home/isaac/Projects/Thesis/data/timit/data/TRAIN/DR5/FEAR0/SX442.WAV,h# s ax bcl b er bcl b ax n hv aw s epi w ay v z q ao f ax n s ah f axr f axr m dh ix gcl g ae bcl hh ae bcl ix tcl h#, s ə b̚ b ɝ b̚ b ə n ɦ aʊ s  w aɪ v z ʔ ɔ f ə n s ʌ f ɚ f ɚ m ð ɨ ɡ̚ ɡ æ b̚ h æ b̚ ɨ t̚ 
/home/isaac/Projects/Thesis/data/timit/data/TRAIN/DR5/FEAR0/SI622.WAV,h# dh ax m ae s tcl t axr z hh ae ah n dcl d hv eh z l ao s tcl n ah n ax v ih tcl s kcl k r ae f tcl t h#, ð ə m æ s t̚ t ɚ z h æ ʌ n d̚ d ɦ ɛ z l ɔ s t̚ n ʌ n ə v ɪ t̚ s k̚ k ɹ æ f t̚ t 
/home/isaac/Projects/Thesis/data/timit/data/TRAIN/DR5/FEAR0/SX352.WAV,h# ax kcl k ao r dx iy ng tcl t ix m ay ix n tcl t er pcl axr tcl t ey sh en ah v dh ax pcl p r aa bcl l ax m pau t ux l ay n z epi m ah s bcl b iy pcl p er pcl p en dcl d ih kcl k y ix l axr h#, ə k̚ k ɔ ɹ ɾ i ŋ t̚ t ɨ m aɪ ɨ n t̚ t ɝ p̚ ɚ t̚ t eɪ ʃ n̩ ʌ v ð ə p̚ p ɹ ɑ b̚ l ə m  t ʉ l aɪ n z  m ʌ s b̚ b i p̚ p ɝ p̚ p n̩ d̚ d ɪ k̚ k j ɨ l ɚ 
/home/isaac/Projects/Thesis/data/timit/data/TRAIN/DR5/FEAR0/SX172.WAV,h# dh iy tcl t r ay ah m f ax n q w ao r iy er ih gcl g z ih bcl ix dx ih dcl n ay iy v hh er ax w ix z ax m h#, ð i t̚ t ɹ aɪ ʌ m f ə n ʔ w ɔ ɹ i ɝ ɪ ɡ̚ ɡ z ɪ b̚ ɨ ɾ ɪ d̚ n aɪ i v h ɝ ə w ɨ z ə m 
/home/isaac/Projects/Thesis/data/timit/data/TRAIN/DR5/FEAR0/SX82.WAV,h# g uh dcl s er v ih sh ix bcl b iy r iy w ao r dx ih dcl b ay bcl b ih gcl t ih pcl p s h#, ɡ ʊ d̚ s ɝ v ɪ ʃ ɨ b̚ b i ɹ i w ɔ ɹ ɾ ɪ d̚ b aɪ b̚ b ɪ ɡ̚ t ɪ p̚ p s 
/home/isaac/Projects/Thesis/data/timit/data/TRAIN/DR5/FEAR0/SI1882.WAV,h# g axr r ih l ah z epi w er r ey s iy ng tcl t ao r dcl hh ih m h#, ɡ ɚ ɹ ɪ l ʌ z  w ɝ ɹ eɪ s i ŋ t̚ t ɔ ɹ d̚ h ɪ m 
/home/isaac/Projects/Thesis/data/timit/data/TRAIN/DR5/FEAR0/SX262.WAV,h# k eh n dh iy ey dcl jh ix n s iy q ow v axr th r ow q ey l iy ih n f ao r s ix z h#, k ɛ n ð i eɪ d̚ dʒ ɨ n s i ʔ oʊ v ɚ θ ɹ oʊ ʔ eɪ l i ɪ n f ɔ ɹ s ɨ z 
/home/isaac/Projects/Thesis/data/timit/data/TRAIN/DR5/MMCC0/SX258.WAV,h# dh iy eh s ey q ah nx ix nx ay bcl b l iy axr f l eh kcl k s aa r v y ux q ey bcl b l iy h#, ð i ɛ s eɪ ʔ ʌ ɾ̃ ɨ ɾ̃ aɪ b̚ b l i ɚ f l ɛ k̚ k s ɑ ɹ v j ʉ ʔ eɪ b̚ b l i 
/home/isaac/Projects/Thesis/data/timit/data/TRAIN/DR5/MMCC0/SX348.WAV,h# q ao aa v ax s kcl k ux pcl p dh ae dx ih gcl g z aa dx ih kcl p er pcl p el ix n tcl t er kcl k oy sh er bcl b ix tcl h#, ʔ ɔ ɑ v ə s k̚ k ʉ p̚ p ð æ ɾ ɪ ɡ̚ ɡ z ɑ ɾ ɪ k̚ p ɝ p̚ p l̩ ɨ n t̚ t ɝ k̚ k ɔɪ ʃ ɝ b̚ b ɨ t̚ 
/home/isaac/Projects/Thesis/data/timit/data/TRAIN/DR5/MMCC0/SX78.WAV,h# d aa kcl t axr z pcl p s kcl k r ay bcl d r ah gcl z tcl t ux f r iy l ix h#, d ɑ k̚ t ɚ z p̚ p s k̚ k ɹ aɪ b̚ d ɹ ʌ ɡ̚ z t̚ t ʉ f ɹ i l ɨ 
/home/isaac/Projects/Thesis/data/timit/data/TRAIN/DR5/MMCC0/SX168.WAV,h# hh uw tcl t uh kcl dh ax-h kcl k ay ae kcl d aw n dh ax bcl b ay ux h#, h u t̚ t ʊ k̚ ð ə̥ k̚ k aɪ æ k̚ d aʊ n ð ə b̚ b aɪ ʉ 
/home/isaac/Projects/Thesis/data/timit/data/TRAIN/DR5/MMCC0/SX438.WAV,h# sh eh l sh aa kcl k ao z dcl b ay sh r ae pcl n ax l q ix s ah m tcl t ah m z kcl k y er dcl th ux gcl g r ux pcl p th eh r ax pcl p iy h#, ʃ ɛ l ʃ ɑ k̚ k ɔ z d̚ b aɪ ʃ ɹ æ p̚ n ə l ʔ ɨ s ʌ m t̚ t ʌ m z k̚ k j ɝ d̚ θ ʉ ɡ̚ ɡ ɹ ʉ p̚ p θ ɛ ɹ ə p̚ p i 
/home/isaac/Projects/Thesis/data/timit/data/TRAIN/DR5/MMCC0/SI1968.WAV,h# dh ix ih pcl p ow z ix ng q eh r kcl k r ae f tcl k en tcl t ih n y ux dcl t ix kcl k ah m ao n h#, ð ɨ ɪ p̚ p oʊ z ɨ ŋ ʔ ɛ ɹ k̚ k ɹ æ f t̚ k n̩ t̚ t ɪ n j ʉ d̚ t ɨ k̚ k ʌ m ɔ n 
/home/isaac/Projects/Thesis/data/timit/data/TRAIN/DR5/MMCC0/SI1338.WAV,h# n ow q ae n t ax-h jh ih n w ah z dcl d ax-h tcl t eh kcl t ax-h bcl b el ax n s er tcl en dcl d ao r kcl s f ih er kcl k el q eh r iy ah z en m ow s eh l z h#, n oʊ ʔ æ n t ə̥ dʒ ɪ n w ʌ z d̚ d ə̥ t̚ t ɛ k̚ t ə̥ b̚ b l̩ ə n s ɝ t̚ n̩ d̚ d ɔ ɹ k̚ s f ɪ ɝ k̚ k l̩ ʔ ɛ ɹ i ʌ z n̩ m oʊ s ɛ l z 
/home/isaac/Projects/Thesis/data/timit/data/TRAIN/DR5/MMCC0/SI708.WAV,h# dh er ix z epi n ow dcl d ay ih ng q ao r w ae kcl k s ix ng pau ao r gcl g ae s ix ng n iy dx ix dcl h#, ð ɝ ɨ z  n oʊ d̚ d aɪ ɪ ŋ ʔ ɔ ɹ w æ k̚ k s ɨ ŋ  ɔ ɹ ɡ̚ ɡ æ s ɨ ŋ n i ɾ ɨ d̚ 
/home/isaac/Projects/Thesis/data/timit/data/TRAIN/DR5/FDTD0/SX121.WAV,h# t r eh s pcl p ae s ih ng ix z f axr bcl b ih dcl en q eh n s ah bcl jh ix kcl t ix pcl p eh n el tcl t iy h#, t ɹ ɛ s p̚ p æ s ɪ ŋ ɨ z f ɚ b̚ b ɪ d̚ n̩ ʔ ɛ n s ʌ b̚ dʒ ɨ k̚ t ɨ p̚ p ɛ n l̩ t̚ t i 
/home/isaac/Projects/Thesis/data/timit/data/TRAIN/DR5/FDTD0/SX211.WAV,h# q ow n l iy dh ix bcl b eh s tcl t pcl p l ey er z ix n dcl jh oy pcl p aa pcl p y ix l eh r ih dx iy h#, ʔ oʊ n l i ð ɨ b̚ b ɛ s t̚ t p̚ p l eɪ ɝ z ɨ n d̚ dʒ ɔɪ p̚ p ɑ p̚ p j ɨ l ɛ ɹ ɪ ɾ i 
/home/isaac/Projects/Thesis/data/timit/data/TRAIN/DR5/FDTD0/SI1561.WAV,h# dh ix s er dcl jh ix n kcl k eh r iy dcl d ey kcl k ey dcl jh ix v l ay f pcl p ih dcl jh ix n z h#, ð ɨ s ɝ d̚ dʒ ɨ n k̚ k ɛ ɹ i d̚ d eɪ k̚ k eɪ d̚ dʒ ɨ v l aɪ f p̚ p ɪ d̚ dʒ ɨ n z 
/home/isaac/Projects/Thesis/data/timit/data/TRAIN/DR5/FDTD0/SX391.WAV,h# dh ey ao l ay kcl k ax l ao ng hv aa tcl t sh aw axr s h#, ð eɪ ɔ l aɪ k̚ k ə l ɔ ŋ ɦ ɑ t̚ t ʃ aʊ ɚ s 
/home/isaac/Projects/Thesis/data/timit/data/TRAIN/DR5/FDTD0/SX321.WAV,h# dh ix gcl g r aw n dcl d hv ao gcl k l ih r l iy s ao ix sh ae dx ow pau b ix tcl t s tcl t ey dx aw tcl q ow n l iy ax m ow m ix n tcl h#, ð ɨ ɡ̚ ɡ ɹ aʊ n d̚ d ɦ ɔ ɡ̚ k l ɪ ɹ l i s ɔ ɨ ʃ æ ɾ oʊ  b ɨ t̚ t s t̚ t eɪ ɾ aʊ t̚ ʔ oʊ n l i ə m oʊ m ɨ n t̚ 
/home/isaac/Projects/Thesis/data/timit/data/TRAIN/DR5/FDTD0/SX301.WAV,h# w iy l ay kcl b l uw tcl ch iy z pau b ah tcl v ih kcl t axr pcl p axr f er s epi w ix s tcl ch iy z h#, w i l aɪ k̚ b l u t̚ tʃ i z  b ʌ t̚ v ɪ k̚ t ɚ p̚ p ɚ f ɝ s  w ɨ s t̚ tʃ i z 
/home/isaac/Projects/Thesis/data/timit/data/TRAIN/DR5/FDTD0/SI2191.WAV,h# sh iy dcl d ih dcl en iy v ih n gcl g ih v epi m iy eh tcl ch ae n tcl s tcl t ux r axr f y ux s h#, ʃ i d̚ d ɪ d̚ n̩ i v ɪ n ɡ̚ ɡ ɪ v  m i ɛ t̚ tʃ æ n t̚ s t̚ t ʉ ɹ ɚ f j ʉ s 
/home/isaac/Projects/Thesis/data/timit/data/TRAIN/DR5/FDTD0/SI931.WAV,h# q ao f ih n sh ix f ey l z tcl t ix gcl g ey n s eh kcl k sh uw el s ae dx ix s f ae kcl k sh ix n h#, ʔ ɔ f ɪ n ʃ ɨ f eɪ l z t̚ t ɨ ɡ̚ ɡ eɪ n s ɛ k̚ k ʃ u l̩ s æ ɾ ɨ s f æ k̚ k ʃ ɨ n 
/home/isaac/Projects/Thesis/data/timit/data/TRAIN/DR5/FBJL0/SX112.WAV,h# t ah gcl b ow tcl t s q axr kcl k ey pcl ax bcl b el q ax v hh ao l iy ng hh y ux dcl jh l ow dcl d z h#, t ʌ ɡ̚ b oʊ t̚ t s ʔ ɚ k̚ k eɪ p̚ ə b̚ b l̩ ʔ ə v h ɔ l i ŋ h j ʉ d̚ dʒ l oʊ d̚ d z 
/home/isaac/Projects/Thesis/data/timit/data/TRAIN/DR5/FBJL0/SI2182.WAV,h# n ae tcl ch axr l iy kcl k er l iy hh eh axr r ah n z ix n m ay f aa m l iy h#, n æ t̚ tʃ ɚ l i k̚ k ɝ l i h ɛ ɚ ɹ ʌ n z ɨ n m aɪ f ɑ m l i 
/home/isaac/Projects/Thesis/data/timit/data/TRAIN/DR5/FBJL0/SX22.WAV,h# w eh nx ao l eh l s f ey l z pau y ux z f ao r s h#, w ɛ ɾ̃ ɔ l ɛ l s f eɪ l z  j ʉ z f ɔ ɹ s 
/home/isaac/Projects/Thesis/data/timit/data/TRAIN/DR5/FBJL0/SX292.WAV,h# dh iy z ih kcl k s kcl k l uw s ix v dcl d aa kcl k ix m eh n tcl s epi m ah s bcl b iy l aa kcl d ah pcl q eh dx ao l tcl t ay m z h#, ð i z ɪ k̚ k s k̚ k l u s ɨ v d̚ d ɑ k̚ k ɨ m ɛ n t̚ s  m ʌ s b̚ b i l ɑ k̚ d ʌ p̚ ʔ ɛ ɾ ɔ l t̚ t aɪ m z 
/home/isaac/Projects/Thesis/data/timit/data/TRAIN/DR5/FBJL0/SI922.WAV,h# q ih n t axr dcl d ih sh ix n eh nx ix m pcl p ow ix tcl t r iy pau dh ix m eh r ih dcl jh bcl b eh dcl q ih z ax pcl p l ey s ix v y ux n ih tcl t iy pau ix n hh aa r m ax n iy h#, ʔ ɪ n t ɚ d̚ d ɪ ʃ ɨ n ɛ ɾ̃ ɨ m p̚ p oʊ ɨ t̚ t ɹ i  ð ɨ m ɛ ɹ ɪ d̚ dʒ b̚ b ɛ d̚ ʔ ɪ z ə p̚ p l eɪ s ɨ v j ʉ n ɪ t̚ t i  ɨ n h ɑ ɹ m ə n i 
/home/isaac/Projects/Thesis/data/timit/data/TRAIN/DR5/FBJL0/SX202.WAV,h# hh aa m uh tcl ch ax l aw ix n s tcl t ux y ux gcl g eh tcl h#, h ɑ m ʊ t̚ tʃ ə l aʊ ɨ n s t̚ t ʉ j ʉ ɡ̚ ɡ ɛ t̚ 
/home/isaac/Projects/Thesis/data/timit/data/TRAIN/DR5/FBJL0/SX382.WAV,h# dcl jh ao r dcl jh ih z pcl p eh er n oy dcl d q ax bcl b aw dx ax f ux tcl ch axr gcl g ae sh ao r dx ih dcl jh h#, d̚ dʒ ɔ ɹ d̚ dʒ ɪ z p̚ p ɛ ɝ n ɔɪ d̚ d ʔ ə b̚ b aʊ ɾ ə f ʉ t̚ tʃ ɚ ɡ̚ ɡ æ ʃ ɔ ɹ ɾ ɪ d̚ dʒ 
/home/isaac/Projects/Thesis/data/timit/data/TRAIN/DR5/FBJL0/SI1552.WAV,h# q aw tcl s ay dcl d ax q ow n l iy ix hv ae n f el ax v axr pcl p ao r dx axr z r ix m ey n dcl d h#, ʔ aʊ t̚ s aɪ d̚ d ə ʔ oʊ n l i ɨ ɦ æ n f l̩ ə v ɚ p̚ p ɔ ɹ ɾ ɚ z ɹ ɨ m eɪ n d̚ d 
/home/isaac/Projects/Thesis/data/timit/data/TRAIN/DR5/MWCH0/SX452.WAV,h# hh ix n d ix v eh el f ix ng f ih l m pau m eh nx iy tcl t aa kcl k s ix kcl k ix m ix kcl k el z axr y ux z dcl d h#, h ɨ n d ɨ v ɛ l̩ f ɨ ŋ f ɪ l m  m ɛ ɾ̃ i t̚ t ɑ k̚ k s ɨ k̚ k ɨ m ɨ k̚ k l̩ z ɚ j ʉ z d̚ d 
/home/isaac/Projects/Thesis/data/timit/data/TRAIN/DR5/MWCH0/SX92.WAV,h# eh l aa r dcl jh hv aw s ow l dcl n iy dcl z l aa tcl s ax-h v ax pcl p l ae en tcl s ix z h#, ɛ l ɑ ɹ d̚ dʒ ɦ aʊ s oʊ l d̚ n i d̚ z l ɑ t̚ s ə̥ v ə p̚ p l æ n̩ t̚ s ɨ z 
/home/isaac/Projects/Thesis/data/timit/data/TRAIN/DR5/MWCH0/SX182.WAV,h# th ih kcl g l ux q ux z dcl d aw dx ax dh ax tcl t ux bcl b h#, θ ɪ k̚ ɡ l ʉ ʔ ʉ z d̚ d aʊ ɾ ə ð ə t̚ t ʉ b̚ b 
/home/isaac/Projects/Thesis/data/timit/data/TRAIN/DR5/MWCH0/SI1895.WAV,h# ih tcl m ay tcl hv er tcl ch ux dh ow h#, ɪ t̚ m aɪ t̚ ɦ ɝ t̚ tʃ ʉ ð oʊ 
/home/isaac/Projects/Thesis/data/timit/data/TRAIN/DR5/MWCH0/SX362.WAV,h# dh ih n oy ix ng r ae kcl k ux n s l ih pcl d ix n dcl d ax f ih l z gcl g aa r dcl en eh v r ix n ay tcl t h#, ð ɪ n ɔɪ ɨ ŋ ɹ æ k̚ k ʉ n s l ɪ p̚ d ɨ n d̚ d ə f ɪ l z ɡ̚ ɡ ɑ ɹ d̚ n̩ ɛ v ɹ ɨ n aɪ t̚ t 
/home/isaac/Projects/Thesis/data/timit/data/TRAIN/DR5/MWCH0/SI1622.WAV,h# sh iy n ux sh ix w uh z f ih l ix ng ax f r ey dx ix n ih n w axr dcl d l iy l ae f tcl t ix q axr s eh l f h#, ʃ i n ʉ ʃ ɨ w ʊ z f ɪ l ɨ ŋ ə f ɹ eɪ ɾ ɨ n ɪ n w ɚ d̚ d l i l æ f t̚ t ɨ ʔ ɚ s ɛ l f 
/home/isaac/Projects/Thesis/data/timit/data/TRAIN/DR5/MWCH0/SX272.WAV,h# ax l aw iy tcl ch tcl ch ay l ax hv ae v ix n ay s pcl p aa pcl p h#, ə l aʊ i t̚ tʃ t̚ tʃ aɪ l ə ɦ æ v ɨ n aɪ s p̚ p ɑ p̚ p 
/home/isaac/Projects/Thesis/data/timit/data/TRAIN/DR5/MWCH0/SI2252.WAV,h# hh ae f s epi l ay l iy hv iy ix n dcl jh oy dcl s iy ix ng hv axr sh tcl t ux pcl t ax l ih f tcl t ax th ih ng z h#, h æ f s  l aɪ l i ɦ i ɨ n d̚ dʒ ɔɪ d̚ s i ɨ ŋ ɦ ɚ ʃ t̚ t ʉ p̚ t ə l ɪ f t̚ t ə θ ɪ ŋ z 
/home/isaac/Projects/Thesis/data/timit/data/TRAIN/DR5/FLJG0/SX351.WAV,h# dh ih n ux s ix bcl b er bcl b ah n ay tcl t s w er kcl t hh aa r dcl d ao n r iy f er bcl b r ix sh iy ng dh ih er ow l dcl d ah hh ah ix m ax h#, ð ɪ n ʉ s ɨ b̚ b ɝ b̚ b ʌ n aɪ t̚ t s w ɝ k̚ t h ɑ ɹ d̚ d ɔ n ɹ i f ɝ b̚ b ɹ ɨ ʃ i ŋ ð ɪ ɝ oʊ l d̚ d ʌ h ʌ ɨ m ə 
/home/isaac/Projects/Thesis/data/timit/data/TRAIN/DR5/FLJG0/SX171.WAV,h# dh ix dcl d ay gcl n ow s ix s w ix z dcl d ix s kcl k ao r ix dcl jh ix ng hh aw ax v ah hh iy w ix z pau n aa q ow v ax l iy w er iy dcl d ix h#, ð ɨ d̚ d aɪ ɡ̚ n oʊ s ɨ s w ɨ z d̚ d ɨ s k̚ k ɔ ɹ ɨ d̚ dʒ ɨ ŋ h aʊ ə v ʌ h i w ɨ z  n ɑ ʔ oʊ v ə l i w ɝ i d̚ d ɨ 
/home/isaac/Projects/Thesis/data/timit/data/TRAIN/DR5/FLJG0/SX441.WAV,h# d ow n tcl l uh kcl f ah gcl g r ux pcl v ae l y ix bcl b el z q ih nx ah bcl b ay ng kcl v ao l tcl t h#, d oʊ n t̚ l ʊ k̚ f ʌ ɡ̚ ɡ ɹ ʉ p̚ v æ l j ɨ b̚ b l̩ z ʔ ɪ ɾ̃ ʌ b̚ b aɪ ŋ k̚ v ɔ l t̚ t 
/home/isaac/Projects/Thesis/data/timit/data/TRAIN/DR5/FLJG0/SX261.WAV,h# d ux y ux hv ae v dh iy y eh l ow q oy n tcl m ix tcl r eh dx iy h#, d ʉ j ʉ ɦ æ v ð i j ɛ l oʊ ʔ ɔɪ n t̚ m ɨ t̚ ɹ ɛ ɾ i 
/home/isaac/Projects/Thesis/data/timit/data/TRAIN/DR5/FLJG0/SI2241.WAV,h# hh iy n iy dcl z q aw tcl t f iy l dcl d uh z bcl b ae dcl d ax-h h#, h i n i d̚ z ʔ aʊ t̚ t f i l d̚ d ʊ z b̚ b æ d̚ d ə̥ 
/home/isaac/Projects/Thesis/data/timit/data/TRAIN/DR5/FLJG0/SI981.WAV,h# q ey tcl ch ao v tcl t ix bcl b ae kcl k ah pcl p uh dx ao n q ow pcl p uh n w ux n w ix z bcl b ow th q ae n tcl t ix s eh pcl t ix kcl k ix n hv iy l ix ng h#, ʔ eɪ t̚ tʃ ɔ v t̚ t ɨ b̚ b æ k̚ k ʌ p̚ p ʊ ɾ ɔ n ʔ oʊ p̚ p ʊ n w ʉ n w ɨ z b̚ b oʊ θ ʔ æ n t̚ t ɨ s ɛ p̚ t ɨ k̚ k ɨ n ɦ i l ɨ ŋ 
/home/isaac/Projects/Thesis/data/timit/data/TRAIN/DR5/FLJG0/SI1611.WAV,h# dh ae dx ih z hh w ah tcl ch ae l ix hv uh dcl d ix q ih z hh iy tcl t ow l dcl d ix m s eh l f h#, ð æ ɾ ɪ z h w ʌ t̚ tʃ æ l ɨ ɦ ʊ d̚ d ɨ ʔ ɪ z h i t̚ t oʊ l d̚ d ɨ m s ɛ l f 
/home/isaac/Projects/Thesis/data/timit/data/TRAIN/DR5/FLJG0/SX81.WAV,h# q ix tcl s ih m pcl p aa s ax-h bcl b el tcl t ux dcl d iy l w ix th bcl b y axr r aa kcl k r ix s iy h#, ʔ ɨ t̚ s ɪ m p̚ p ɑ s ə̥ b̚ b l̩ t̚ t ʉ d̚ d i l w ɨ θ b̚ b j ɚ ɹ ɑ k̚ k ɹ ɨ s i 
/home/isaac/Projects/Thesis/data/timit/data/TRAIN/DR5/MWEM0/SX330.WAV,h# k aw n tcl dh ax n ah m bcl b ah v tcl t iy s pcl p uw n z ax v s oy s ao s dh eh tcl t y uw ae dcl h#, k aʊ n t̚ ð ə n ʌ m b̚ b ʌ v t̚ t i s p̚ p u n z ə v s ɔɪ s ɔ s ð ɛ t̚ t j u æ d̚ 
/home/isaac/Projects/Thesis/data/timit/data/TRAIN/DR5/MWEM0/SX60.WAV,h# dh ix l eh zh ih s l ey sh axr m eh tcl t ix dcl jh ah zh dh ix s tcl t ey dx ax v pcl p ah bcl b l ix kcl k eh dcl jh ix kcl k ey sh en h#, ð ɨ l ɛ ʒ ɪ s l eɪ ʃ ɚ m ɛ t̚ t ɨ d̚ dʒ ʌ ʒ ð ɨ s t̚ t eɪ ɾ ə v p̚ p ʌ b̚ b l ɨ k̚ k ɛ d̚ dʒ ɨ k̚ k eɪ ʃ n̩ 
/home/isaac/Projects/Thesis/data/timit/data/TRAIN/DR5/MWEM0/SI1320.WAV,h# dh ih s q eh r iy eh z hh ay l iy s ix s eh f tcl t ax bcl b el pau t ux ih n f eh kcl k sh en h#, ð ɪ s ʔ ɛ ɹ i ɛ z h aɪ l i s ɨ s ɛ f t̚ t ə b̚ b l̩  t ʉ ɪ n f ɛ k̚ k ʃ n̩ 
/home/isaac/Projects/Thesis/data/timit/data/TRAIN/DR5/MWEM0/SX420.WAV,h# s iy n sh tcl t r ix s ih s pau ax tcl t ae tcl ch pau z ih pcl p axr z pau w ix th ax th ih m bcl b el pau n iy dx el pau eh n th r ey ih tcl h#, s i n ʃ t̚ t ɹ ɨ s ɪ s  ə t̚ t æ t̚ tʃ  z ɪ p̚ p ɚ z  w ɨ θ ə θ ɪ m b̚ b l̩  n i ɾ l̩  ɛ n θ ɹ eɪ ɪ t̚ 
/home/isaac/Projects/Thesis/data/timit/data/TRAIN/DR5/MWEM0/SI1393.WAV,h# dh eh r eh z n ow dh ih s pcl p y uw dx ix n v ao l v ix ng pau f iy el w axr kcl h#, ð ɛ ɹ ɛ z n oʊ ð ɪ s p̚ p j u ɾ ɨ n v ɔ l v ɨ ŋ  f i l̩ w ɚ k̚ 
/home/isaac/Projects/Thesis/data/timit/data/TRAIN/DR5/MWEM0/SI1950.WAV,h# d uh dcl d ih s m ey kcl k ih q eh n ih iy z iy ix kcl k aw ax tcl h#, d ʊ d̚ d ɪ s m eɪ k̚ k ɪ ʔ ɛ n ɪ i z i ɨ k̚ k aʊ ə t̚ 
/home/isaac/Projects/Thesis/data/timit/data/TRAIN/DR5/MWEM0/SX150.WAV,h# v iy eh tcl m ax n iy z kcl k ux z iy n q ih z pau eh kcl s kcl k w ih z ix tcl h#, v i ɛ t̚ m ə n i z k̚ k ʉ z i n ʔ ɪ z  ɛ k̚ s k̚ k w ɪ z ɨ t̚ 
/home/isaac/Projects/Thesis/data/timit/data/TRAIN/DR5/MWEM0/SX240.WAV,h# ix s epi n aa q iy z ix tcl t ix kcl k axr ey tcl pau iy l ux m ix n ey dx ix ng ih gcl z ae m pcl p el z h#, ɨ s  n ɑ ʔ i z ɨ t̚ t ɨ k̚ k ɚ eɪ t̚  i l ʉ m ɨ n eɪ ɾ ɨ ŋ ɪ ɡ̚ z æ m p̚ p l̩ z 
/home/isaac/Projects/Thesis/data/timit/data/TRAIN/DR5/FBMH0/SX56.WAV,h# q ae kcl k ix dcl d eh m ih kcl k q ae pcl t ix tcl t ux dcl g eh r ix n tcl t iy zh axr dcl d ix pcl p l ow m ax h#, ʔ æ k̚ k ɨ d̚ d ɛ m ɪ k̚ k ʔ æ p̚ t ɨ t̚ t ʉ d̚ ɡ ɛ ɹ ɨ n t̚ t i ʒ ɚ d̚ d ɨ p̚ p l oʊ m ə 
/home/isaac/Projects/Thesis/data/timit/data/TRAIN/DR5/FBMH0/SX326.WAV,h# s tcl t iy v kcl k ax l eh kcl k s r eh r q ix n aa v el kcl k oy n s h#, s t̚ t i v k̚ k ə l ɛ k̚ k s ɹ ɛ ɹ ʔ ɨ n ɑ v l̩ k̚ k ɔɪ n s 
/home/isaac/Projects/Thesis/data/timit/data/TRAIN/DR5/FBMH0/SX416.WAV,h# ax hv y ux dcl jh pcl p aw axr q aw dx ix dcl jh r eh r l iy ix kcl k er z h#, ə ɦ j ʉ d̚ dʒ p̚ p aʊ ɚ ʔ aʊ ɾ ɨ d̚ dʒ ɹ ɛ ɹ l i ɨ k̚ k ɝ z 
/home/isaac/Projects/Thesis/data/timit/data/TRAIN/DR5/FBMH0/SX236.WAV,h# k l ih r pcl p axr n ah n s iy ey sh ix n q ih z ax pcl p r iy sh iy ey dx ix dcl d h#, k l ɪ ɹ p̚ p ɚ n ʌ n s i eɪ ʃ ɨ n ʔ ɪ z ə p̚ p ɹ i ʃ i eɪ ɾ ɨ d̚ d 
/home/isaac/Projects/Thesis/data/timit/data/TRAIN/DR5/FBMH0/SI1766.WAV,h# w iy hv eh v bcl b eh dx axr r ux m z v ey kcl k ix n q n aw hv iy bcl b ae bcl b el dcl d h#, w i ɦ ɛ v b̚ b ɛ ɾ ɚ ɹ ʉ m z v eɪ k̚ k ɨ n ʔ n aʊ ɦ i b̚ b æ b̚ b l̩ d̚ d 
/home/isaac/Projects/Thesis/data/timit/data/TRAIN/DR5/FBMH0/SI970.WAV,h# w iy f l uw w ih n ax r ih kcl k ix dx iy pcl p l ey n s ow q ow v axr l ow dx ih dcl dh eh q w ih w ah n dcl d axr dcl w ay dh ey dcl d ih dcl en tcl k r ae sh h#, w i f l u w ɪ n ə ɹ ɪ k̚ k ɨ ɾ i p̚ p l eɪ n s oʊ ʔ oʊ v ɚ l oʊ ɾ ɪ d̚ ð ɛ ʔ w ɪ w ʌ n d̚ d ɚ d̚ w aɪ ð eɪ d̚ d ɪ d̚ n̩ t̚ k ɹ æ ʃ 
/home/isaac/Projects/Thesis/data/timit/data/TRAIN/DR5/FBMH0/SI1136.WAV,h# w iy s kcl k aw axr l ih dx axr tcl ch er f ix dh eh m pau hh ih r w iy f ay n dcl s tcl t ao r dcl dh ix w ih z dcl d ax m ax v gcl g r ey tcl m ay n dcl z h#, w i s k̚ k aʊ ɚ l ɪ ɾ ɚ t̚ tʃ ɝ f ɨ ð ɛ m  h ɪ ɹ w i f aɪ n d̚ s t̚ t ɔ ɹ d̚ ð ɨ w ɪ z d̚ d ə m ə v ɡ̚ ɡ ɹ eɪ t̚ m aɪ n d̚ z 
/home/isaac/Projects/Thesis/data/timit/data/TRAIN/DR5/FBMH0/SX146.WAV,h# s ay kcl k l ih kcl k el pcl p r ow gcl g r ae m z w el n eh v axr kcl k em pcl p ay l h#, s aɪ k̚ k l ɪ k̚ k l̩ p̚ p ɹ oʊ ɡ̚ ɡ ɹ æ m z w l̩ n ɛ v ɚ k̚ k m̩ p̚ p aɪ l 
/home/isaac/Projects/Thesis/data/timit/data/TRAIN/DR5/FCDR1/SX16.WAV,h# ey r ow l ow epi w ay r hh l ey n ih axr dh ax w ao l h#, eɪ ɹ oʊ l oʊ  w aɪ ɹ h l eɪ n ɪ ɚ ð ə w ɔ l 
/home/isaac/Projects/Thesis/data/timit/data/TRAIN/DR5/FCDR1/SI556.WAV,h# w iy dcl d ih tcl n aa dx ax kcl k s eh pcl dh ax dcl d ay gcl n ao s ix s q ae q w ah n s epi bcl b ah tcl g r ae zh ax l iy epi w iy q aa kcl k ah m ix ng tcl t ux h#, w i d̚ d ɪ t̚ n ɑ ɾ ə k̚ k s ɛ p̚ ð ə d̚ d aɪ ɡ̚ n ɔ s ɨ s ʔ æ ʔ w ʌ n s  b̚ b ʌ t̚ ɡ ɹ æ ʒ ə l i  w i ʔ ɑ k̚ k ʌ m ɨ ŋ t̚ t ʉ 
/home/isaac/Projects/Thesis/data/timit/data/TRAIN/DR5/FCDR1/SX286.WAV,h# ih n q eh v r iy m ey dcl jh axr kcl k l ow v ax l iy f tcl t r ae f ix kcl k s ah m tcl t ay ng gcl g eh s bcl b ae kcl t ah pcl h#, ɪ n ʔ ɛ v ɹ i m eɪ d̚ dʒ ɚ k̚ k l oʊ v ə l i f t̚ t ɹ æ f ɨ k̚ k s ʌ m t̚ t aɪ ŋ ɡ̚ ɡ ɛ s b̚ b æ k̚ t ʌ p̚ 
/home/isaac/Projects/Thesis/data/timit/data/TRAIN/DR5/FCDR1/SX376.WAV,h# w ih m ix n m ey n eh v ax bcl b iy kcl k ah m kcl k ax m pcl p l iy tcl t l iy q iy kcl k w uh tcl t uw m eh n h#, w ɪ m ɨ n m eɪ n ɛ v ə b̚ b i k̚ k ʌ m k̚ k ə m p̚ p l i t̚ t l i ʔ i k̚ k w ʊ t̚ t u m ɛ n 
/home/isaac/Projects/Thesis/data/timit/data/TRAIN/DR5/FCDR1/SI1186.WAV,h# k w eh sh tcl ch ax n z kcl k ey m tcl t uw m iy f ax m q ao l s ay z ax bcl b aw q m ay w er s ih dx ix z ix n sh ix pcl q ae kcl t ih v ix dx iy s h#, k w ɛ ʃ t̚ tʃ ə n z k̚ k eɪ m t̚ t u m i f ə m ʔ ɔ l s aɪ z ə b̚ b aʊ ʔ m aɪ w ɝ s ɪ ɾ ɨ z ɨ n ʃ ɨ p̚ ʔ æ k̚ t ɪ v ɨ ɾ i s 
/home/isaac/Projects/Thesis/data/timit/data/TRAIN/DR5/FCDR1/SX196.WAV,h# hh aw dcl d uw q oy s tcl t ax z m ey kcl p er l s h#, h aʊ d̚ d u ʔ ɔɪ s t̚ t ə z m eɪ k̚ p ɝ l s 
/home/isaac/Projects/Thesis/data/timit/data/TRAIN/DR5/FCDR1/SI1816.WAV,h# eh n iy hv aw pau ih q w ah z hv ay tcl t ay m dh ax bcl b oy w ax s ao l tcl t ix dcl h#, ɛ n i ɦ aʊ  ɪ ʔ w ʌ z ɦ aɪ t̚ t aɪ m ð ə b̚ b ɔɪ w ə s ɔ l t̚ t ɨ d̚ 
/home/isaac/Projects/Thesis/data/timit/data/TRAIN/DR5/FCDR1/SX106.WAV,h# ey hv y uw zh tcl t ae pcl p ax s tcl t r iy hh ah ng q ih n hv er hv ao l w ey h#, eɪ ɦ j u ʒ t̚ t æ p̚ p ə s t̚ t ɹ i h ʌ ŋ ʔ ɪ n ɦ ɝ ɦ ɔ l w eɪ 
/home/isaac/Projects/Thesis/data/timit/data/TRAIN/DR5/FGDP0/SX178.WAV,h# sh iy q ih ng kcl k er ix dcl jh hh ix tcl ch ih l zh ix n tcl t ux m ey kcl dh eh r q ow n hh aa l ax w iy n kcl k aa s tcl t ux m epi z h#, ʃ i ʔ ɪ ŋ k̚ k ɝ ɨ d̚ dʒ h ɨ t̚ tʃ ɪ l ʒ ɨ n t̚ t ʉ m eɪ k̚ ð ɛ ɹ ʔ oʊ n h ɑ l ə w i n k̚ k ɑ s t̚ t ʉ m  z 
/home/isaac/Projects/Thesis/data/timit/data/TRAIN/DR5/FGDP0/SI988.WAV,h# q ey kcl k eh r ix s iy n sh ae m pcl p uw s iy m z ey hv uh r ow ix kcl t r iy tcl m ix tcl t pau b ah dx ih tcl d ih dcl dh ix dcl jh aa bcl b h#, ʔ eɪ k̚ k ɛ ɹ ɨ s i n ʃ æ m p̚ p u s i m z eɪ ɦ ʊ ɹ oʊ ɨ k̚ t ɹ i t̚ m ɨ t̚ t  b ʌ ɾ ɪ t̚ d ɪ d̚ ð ɨ d̚ dʒ ɑ b̚ b 
/home/isaac/Projects/Thesis/data/timit/data/TRAIN/DR5/FGDP0/SX88.WAV,h# f l ay ng s tcl t ae n bcl b ay kcl k eh m bcl b iy pcl p r ae kcl t ax-h kcl k el pau q ix f y uw w ao n tcl t ix s ey v pau m ah n iy h#, f l aɪ ŋ s t̚ t æ n b̚ b aɪ k̚ k ɛ m b̚ b i p̚ p ɹ æ k̚ t ə̥ k̚ k l̩  ʔ ɨ f j u w ɔ n t̚ t ɨ s eɪ v  m ʌ n i 
/home/isaac/Projects/Thesis/data/timit/data/TRAIN/DR5/FGDP0/SX268.WAV,h# dh ix dcl jh aa q aa pcl p axr r ey tcl s bcl b ay y ux z ix ng q eh n tcl t ae gcl g ah n ix s tcl t ax-h kcl m ah s el epi s h#, ð ɨ d̚ dʒ ɑ ʔ ɑ p̚ p ɚ ɹ eɪ t̚ s b̚ b aɪ j ʉ z ɨ ŋ ʔ ɛ n t̚ t æ ɡ̚ ɡ ʌ n ɨ s t̚ t ə̥ k̚ m ʌ s l̩  s 
/home/isaac/Projects/Thesis/data/timit/data/TRAIN/DR5/FGDP0/SX448.WAV,h# s pcl p ih r ix kcl k el gcl g ih s q aa r dcl d ih f ax-h kcl k ah l tcl t uw r ae pcl p h#, s p̚ p ɪ ɹ ɨ k̚ k l̩ ɡ̚ ɡ ɪ s ʔ ɑ ɹ d̚ d ɪ f ə̥ k̚ k ʌ l t̚ t u ɹ æ p̚ p 
/home/isaac/Projects/Thesis/data/timit/data/TRAIN/DR5/FGDP0/SI2248.WAV,h# sh iy q aa w ix z kcl k ux dcl s ih s epi dh ix sh ae gcl q eh n ah v iy w uh l iy dcl d ey h#, ʃ i ʔ ɑ w ɨ z k̚ k ʉ d̚ s ɪ s  ð ɨ ʃ æ ɡ̚ ʔ ɛ n ʌ v i w ʊ l i d̚ d eɪ 
/home/isaac/Projects/Thesis/data/timit/data/TRAIN/DR5/FGDP0/SX358.WAV,h# jh ao r dcl jh s eh l dcl d ax m w aa tcl ch ix z dcl d ey tcl t ay m uw v iy epi s h#, dʒ ɔ ɹ d̚ dʒ s ɛ l d̚ d ə m w ɑ t̚ tʃ ɨ z d̚ d eɪ t̚ t aɪ m u v i  s 
/home/isaac/Projects/Thesis/data/timit/data/TRAIN/DR5/FGDP0/SI1618.WAV,h# hh iy z gcl g ae tcl t ux dcl d ao s l ow h#, h i z ɡ̚ ɡ æ t̚ t ʉ d̚ d ɔ s l oʊ 
/home/isaac/Projects/Thesis/data/timit/data/TRAIN/DR5/MDHL0/SI1439.WAV,h# s ih m pcl p el pau iy l ao ng gcl g ey sh ix n hv ae z bcl b ix n tcl t r iy dx ix dcl d pau q ix n dcl d iy tcl t ey el h#, s ɪ m p̚ p l̩  i l ɔ ŋ ɡ̚ ɡ eɪ ʃ ɨ n ɦ æ z b̚ b ɨ n t̚ t ɹ i ɾ ɨ d̚ d  ʔ ɨ n d̚ d i t̚ t eɪ l̩ 
/home/isaac/Projects/Thesis/data/timit/data/TRAIN/DR5/MDHL0/SI2069.WAV,h# hh ih z hh ih dcl d kcl k ey m ah pcl q eh n hv iy s eh dx ih tcl d ix f ay eh n q l ix h#, h ɪ z h ɪ d̚ d k̚ k eɪ m ʌ p̚ ʔ ɛ n ɦ i s ɛ ɾ ɪ t̚ d ɨ f aɪ ɛ n ʔ l ɨ 
/home/isaac/Projects/Thesis/data/timit/data/TRAIN/DR5/MDHL0/SX269.WAV,h# d uw ax tcl t ih pcl p ax-h kcl k el f aa r m ax z gcl g r ow q ow tcl t s h#, d u ə t̚ t ɪ p̚ p ə̥ k̚ k l̩ f ɑ ɹ m ə z ɡ̚ ɡ ɹ oʊ ʔ oʊ t̚ t s 
/home/isaac/Projects/Thesis/data/timit/data/TRAIN/DR5/MDHL0/SX89.WAV,h# ix s hh aa r dcl t ax tcl t eh l ax n ax r ih dcl jh ax n el pau f r ah m ax f ao r zh axr ix h#, ɨ s h ɑ ɹ d̚ t ə t̚ t ɛ l ə n ə ɹ ɪ d̚ dʒ ə n l̩  f ɹ ʌ m ə f ɔ ɹ ʒ ɚ ɨ 
/home/isaac/Projects/Thesis/data/timit/data/TRAIN/DR5/MDHL0/SI809.WAV,h# t ax pcl p aa gcl axr f ix pau t ax pcl p aa gcl axr f iy q ix z v eh r ix q ix m pcl p ao tcl t en tcl t h#, t ə p̚ p ɑ ɡ̚ ɚ f ɨ  t ə p̚ p ɑ ɡ̚ ɚ f i ʔ ɨ z v ɛ ɹ ɨ ʔ ɨ m p̚ p ɔ t̚ t n̩ t̚ t 
/home/isaac/Projects/Thesis/data/timit/data/TRAIN/DR5/MDHL0/SX179.WAV,h# w ax kcl k ix dcl b eh r l ix s iy dh ax f iy y ao r dcl z pau th r uw dh ax s n ow f l er ix s h#, w ə k̚ k ɨ d̚ b ɛ ɹ l ɨ s i ð ə f i j ɔ ɹ d̚ z  θ ɹ u ð ə s n oʊ f l ɝ ɨ s 
/home/isaac/Projects/Thesis/data/timit/data/TRAIN/DR5/MDHL0/SX449.WAV,h# r ae f pcl p ix pcl p eh ax dcl r eh dcl s epi n ae pcl p axr pau w ix f r eh sh l eh m ax n s ao s f ax dcl d ih n axr h#, ɹ æ f p̚ p ɨ p̚ p ɛ ə d̚ ɹ ɛ d̚ s  n æ p̚ p ɚ  w ɨ f ɹ ɛ ʃ l ɛ m ə n s ɔ s f ə d̚ d ɪ n ɚ 
/home/isaac/Projects/Thesis/data/timit/data/TRAIN/DR5/MDHL0/SX359.WAV,h# dh ix s ih s tcl t ax m ey bcl b r ey kcl d aw n s uw n pau s ow s ey v y uh f ay l z f r iy kcl k w ax n q l ix h#, ð ɨ s ɪ s t̚ t ə m eɪ b̚ b ɹ eɪ k̚ d aʊ n s u n  s oʊ s eɪ v j ʊ f aɪ l z f ɹ i k̚ k w ə n ʔ l ɨ 
/home/isaac/Projects/Thesis/data/timit/data/TRAIN/DR5/MFER0/SI2122.WAV,h# n aw dh ax hv ow pcl p w ax z gcl g ao n h#, n aʊ ð ə ɦ oʊ p̚ p w ə z ɡ̚ ɡ ɔ n 
/home/isaac/Projects/Thesis/data/timit/data/TRAIN/DR5/MFER0/SX52.WAV,h# hh er kcl k l ae s kcl k el pcl p axr f ao r m ix n s gcl g ey n dcl k r ix dx ih kcl k el ax kcl k l ey m h#, h ɝ k̚ k l æ s k̚ k l̩ p̚ p ɚ f ɔ ɹ m ɨ n s ɡ̚ ɡ eɪ n d̚ k ɹ ɨ ɾ ɪ k̚ k l̩ ə k̚ k l eɪ m 
/home/isaac/Projects/Thesis/data/timit/data/TRAIN/DR5/MFER0/SX322.WAV,h# q ey l eh dh er hv ae n dcl b ae gcl w uh dcl b iy ix s ux dx ax bcl b el gcl g ih f tcl t h#, ʔ eɪ l ɛ ð ɝ ɦ æ n d̚ b æ ɡ̚ w ʊ d̚ b i ɨ s ʉ ɾ ə b̚ b l̩ ɡ̚ ɡ ɪ f t̚ t 
/home/isaac/Projects/Thesis/data/timit/data/TRAIN/DR5/MFER0/SX412.WAV,h# g w eh n pcl p l ae nx ih dcl g r iy n bcl b iy n z ix nx er v eh zh tcl t ax bcl b el gcl g aa r dcl en h#, ɡ w ɛ n p̚ p l æ ɾ̃ ɪ d̚ ɡ ɹ i n b̚ b i n z ɨ ɾ̃ ɝ v ɛ ʒ t̚ t ə b̚ b l̩ ɡ̚ ɡ ɑ ɹ d̚ n̩ 
/home/isaac/Projects/Thesis/data/timit/data/TRAIN/DR5/MFER0/SX142.WAV,h# w ih tcl ch epi l ao ng aa r dx ax kcl k el w ax z ow pcl p ey kcl k ix n iy dx ix dcl d kcl k l eh axr f ix kcl k ey sh ix n h#, w ɪ t̚ tʃ  l ɔ ŋ ɑ ɹ ɾ ə k̚ k l̩ w ə z oʊ p̚ p eɪ k̚ k ɨ n i ɾ ɨ d̚ d k̚ k l ɛ ɚ f ɨ k̚ k eɪ ʃ ɨ n 
/home/isaac/Projects/Thesis/data/timit/data/TRAIN/DR5/MFER0/SX232.WAV,h# hh ix z f ey l y axr tcl t ix q ow pcl p ax n dh ax s tcl t ao r bcl b ay q ey tcl k ao s tcl t ix m hv ix z dcl jh aa bcl h#, h ɨ z f eɪ l j ɚ t̚ t ɨ ʔ oʊ p̚ p ə n ð ə s t̚ t ɔ ɹ b̚ b aɪ ʔ eɪ t̚ k ɔ s t̚ t ɨ m ɦ ɨ z d̚ dʒ ɑ b̚ 
/home/isaac/Projects/Thesis/data/timit/data/TRAIN/DR5/MFER0/SI1492.WAV,h# dh eh r w ax z tcl t ay f oy dx ih n m ax l eh r iy ax h#, ð ɛ ɹ w ə z t̚ t aɪ f ɔɪ ɾ ɪ n m ə l ɛ ɹ i ə 
/home/isaac/Projects/Thesis/data/timit/data/TRAIN/DR5/MFER0/SI862.WAV,h# ix f ix kcl k ix n s eh sh ix n eh er r ah n z dh ix kcl k ae f tcl t ih r iy ix kcl k iy pcl p ix n q ay aw tcl t f axr kcl k w ao l tcl t iy ix n pcl p r ay s h#, ɨ f ɨ k̚ k ɨ n s ɛ ʃ ɨ n ɛ ɝ ɹ ʌ n z ð ɨ k̚ k æ f t̚ t ɪ ɹ i ɨ k̚ k i p̚ p ɨ n ʔ aɪ aʊ t̚ t f ɚ k̚ k w ɔ l t̚ t i ɨ n p̚ p ɹ aɪ s 
/home/isaac/Projects/Thesis/data/timit/data/TRAIN/DR5/MJDM0/SX170.WAV,h# dh ix m ay ix n iy ow kcl k l ae s ix kcl s kcl k aa l axr dcl d ih s ax-h pcl p ih axr dcl d w aa l s er v ey eng q ey n sh ix n tcl r uw ix n s h#, ð ɨ m aɪ ɨ n i oʊ k̚ k l æ s ɨ k̚ s k̚ k ɑ l ɚ d̚ d ɪ s ə̥ p̚ p ɪ ɚ d̚ d w ɑ l s ɝ v eɪ ŋ̍ ʔ eɪ n ʃ ɨ n t̚ ɹ u ɨ n s 
/home/isaac/Projects/Thesis/data/timit/data/TRAIN/DR5/MJDM0/SI974.WAV,h# dh eh n w iy w er q ao f ix gcl g ih eh n h#, ð ɛ n w i w ɝ ʔ ɔ f ɨ ɡ̚ ɡ ɪ ɛ n 
/home/isaac/Projects/Thesis/data/timit/data/TRAIN/DR5/MJDM0/SI1937.WAV,h# dh ih w axr q ao gcl g uh dcl m eh n h#, ð ɪ w ɚ ʔ ɔ ɡ̚ ɡ ʊ d̚ m ɛ n 
/home/isaac/Projects/Thesis/data/timit/data/TRAIN/DR5/MJDM0/SX350.WAV,h# m ih n iy w ah l th iy tcl t ay kcl k ux n s pcl p l er dcl jh dcl d eh n bcl b ao tcl b ow th ix y aa tcl q ae n dcl d ix s kcl k ux n axr h#, m ɪ n i w ʌ l θ i t̚ t aɪ k̚ k ʉ n s p̚ p l ɝ d̚ dʒ d̚ d ɛ n b̚ b ɔ t̚ b oʊ θ ɨ j ɑ t̚ ʔ æ n d̚ d ɨ s k̚ k ʉ n ɚ 
/home/isaac/Projects/Thesis/data/timit/data/TRAIN/DR5/MJDM0/SX260.WAV,h# r ix m eh m axr tcl t ux ax l aw ax dcl d eh nx ax kcl k el tcl t w ih n z tcl t ix q eh n tcl t axr f r iy l iy h#, ɹ ɨ m ɛ m ɚ t̚ t ʉ ə l aʊ ə d̚ d ɛ ɾ̃ ə k̚ k l̩ t̚ t w ɪ n z t̚ t ɨ ʔ ɛ n t̚ t ɚ f ɹ i l i 
/home/isaac/Projects/Thesis/data/timit/data/TRAIN/DR5/MJDM0/SX440.WAV,h# dh iy ae dcl v axr tcl t ay z ix ng v er s ax v pcl p l ih m ax th v axr ay dx iy s tcl t ao r n eh v axr tcl ch ey n dcl jh ix s h#, ð i æ d̚ v ɚ t̚ t aɪ z ɨ ŋ v ɝ s ə v p̚ p l ɪ m ə θ v ɚ aɪ ɾ i s t̚ t ɔ ɹ n ɛ v ɚ t̚ tʃ eɪ n d̚ dʒ ɨ s 
/home/isaac/Projects/Thesis/data/timit/data/TRAIN/DR5/MJDM0/SX80.WAV,h# ih tcl s ix l iy gcl ix l tcl t ax-h pcl p ow s tcl d ey tcl t pau ax-h tcl ch eh kcl k h#, ɪ t̚ s ɨ l i ɡ̚ ɨ l t̚ t ə̥ p̚ p oʊ s t̚ d eɪ t̚ t  ə̥ t̚ tʃ ɛ k̚ k 
/home/isaac/Projects/Thesis/data/timit/data/TRAIN/DR5/MJDM0/SI1340.WAV,h# dh ix sh aa kcl th eh er pcl p iy z pau ae kcl t l ay kcl k w ay z epi ao n dh iy hv ay pcl p ow th ax l ae m ih kcl k bcl b ae l ax n tcl s h#, ð ɨ ʃ ɑ k̚ θ ɛ ɝ p̚ p i z  æ k̚ t l aɪ k̚ k w aɪ z  ɔ n ð i ɦ aɪ p̚ p oʊ θ ə l æ m ɪ k̚ k b̚ b æ l ə n t̚ s 
/home/isaac/Projects/Thesis/data/timit/data/TRAIN/DR5/FSAG0/SX333.WAV,h# q ae n q ae dcl d ah l tcl t pau m ey l bcl b ae bcl b ux n z tcl t iy th pau q aa r n aa tcl s ux dx ax bcl b el f axr q iy dx iy ng sh eh l f ih sh h#, ʔ æ n ʔ æ d̚ d ʌ l t̚ t  m eɪ l b̚ b æ b̚ b ʉ n z t̚ t i θ  ʔ ɑ ɹ n ɑ t̚ s ʉ ɾ ə b̚ b l̩ f ɚ ʔ i ɾ i ŋ ʃ ɛ l f ɪ ʃ 
/home/isaac/Projects/Thesis/data/timit/data/TRAIN/DR5/FSAG0/SX63.WAV,h# k aa n tcl t ix n eh n tcl t el dcl d r ih f tcl t q ix z ix dcl jh iy ax l aa dcl jh ix kcl k ax l pau th ih r iy h#, k ɑ n t̚ t ɨ n ɛ n t̚ t l̩ d̚ d ɹ ɪ f t̚ t ʔ ɨ z ɨ d̚ dʒ i ə l ɑ d̚ dʒ ɨ k̚ k ə l  θ ɪ ɹ i 
/home/isaac/Projects/Thesis/data/timit/data/TRAIN/DR5/FSAG0/SI1323.WAV,h# l aw z ih n eh s q ix z ax pcl p r iy r eh kcl k w ix s ih tcl t pau f axr q eh pcl p ix dcl d ih m ix kcl k pau t ay f ax s h#, l aʊ z ɪ n ɛ s ʔ ɨ z ə p̚ p ɹ i ɹ ɛ k̚ k w ɨ s ɪ t̚ t  f ɚ ʔ ɛ p̚ p ɨ d̚ d ɪ m ɨ k̚ k  t aɪ f ə s 
/home/isaac/Projects/Thesis/data/timit/data/TRAIN/DR5/FSAG0/SX243.WAV,h# dh ey q ao l ix gcl g r iy dh eh tcl dh iy q eh s ey q ix z bcl b eh axr l iy q ih n tcl t eh l ix dcl jh ix bcl b el h#, ð eɪ ʔ ɔ l ɨ ɡ̚ ɡ ɹ i ð ɛ t̚ ð i ʔ ɛ s eɪ ʔ ɨ z b̚ b ɛ ɚ l i ʔ ɪ n t̚ t ɛ l ɨ d̚ dʒ ɨ b̚ b l̩ 
/home/isaac/Projects/Thesis/data/timit/data/TRAIN/DR5/FSAG0/SX153.WAV,h# s kcl k ax l ae s tcl t ix kcl pau q ae pcl t ix tcl t ux dcl d pau ix z dcl jh ah dcl jh bcl b ay s tcl t eh n dcl d axr dcl d ay z tcl t eh s tcl t h#, s k̚ k ə l æ s t̚ t ɨ k̚  ʔ æ p̚ t ɨ t̚ t ʉ d̚ d  ɨ z d̚ dʒ ʌ d̚ dʒ b̚ b aɪ s t̚ t ɛ n d̚ d ɚ d̚ d aɪ z t̚ t ɛ s t̚ t 
/home/isaac/Projects/Thesis/data/timit/data/TRAIN/DR5/FSAG0/SI693.WAV,h# hh iy hv ux dcl d uh z n aa q l ah v q ax bcl b ay dcl z q ih n dcl d eh th h#, h i ɦ ʉ d̚ d ʊ z n ɑ ʔ l ʌ v ʔ ə b̚ b aɪ d̚ z ʔ ɪ n d̚ d ɛ θ 
/home/isaac/Projects/Thesis/data/timit/data/TRAIN/DR5/FSAG0/SI1953.WAV,h# w er y ux tcl t ey kcl k ix n m iy h#, w ɝ j ʉ t̚ t eɪ k̚ k ɨ n m i 
/home/isaac/Projects/Thesis/data/timit/data/TRAIN/DR5/FSAG0/SX423.WAV,h# s epi m ae sh epi l ay q bcl b ah bcl b z q ix n dh er kcl k ae sh v ae y ux w ih l pau d ix m ih n ih sh tcl t ux n ah th ix ng h#, s  m æ ʃ  l aɪ ʔ b̚ b ʌ b̚ b z ʔ ɨ n ð ɝ k̚ k æ ʃ v æ j ʉ w ɪ l  d ɨ m ɪ n ɪ ʃ t̚ t ʉ n ʌ θ ɨ ŋ 
/home/isaac/Projects/Thesis/data/timit/data/TRAIN/DR5/MTAT0/SX120.WAV,h# dh ix kcl k ay ow dx iy pau b aa bcl k ae q ix n hv ay iy nx ax pau aa r w ay l dx ae nx ax m el z h#, ð ɨ k̚ k aɪ oʊ ɾ i  b ɑ b̚ k æ ʔ ɨ n ɦ aɪ i ɾ̃ ə  ɑ ɹ w aɪ l ɾ æ ɾ̃ ə m l̩ z 
/home/isaac/Projects/Thesis/data/timit/data/TRAIN/DR5/MTAT0/SX300.WAV,h# hh ax m iy bcl b ah z tcl ch ey n dcl sh ey pcl k aa n s tcl t ax l iy h#, h ə m i b̚ b ʌ z t̚ tʃ eɪ n d̚ ʃ eɪ p̚ k ɑ n s t̚ t ə l i 
/home/isaac/Projects/Thesis/data/timit/data/TRAIN/DR5/MTAT0/SX210.WAV,h# jh eh f s tcl t oy gcl g ow kcl k aa r tcl n eh v er w er kcl t h#, dʒ ɛ f s t̚ t ɔɪ ɡ̚ ɡ oʊ k̚ k ɑ ɹ t̚ n ɛ v ɝ w ɝ k̚ t 
/home/isaac/Projects/Thesis/data/timit/data/TRAIN/DR5/MTAT0/SI811.WAV,h# m iy n w ay l pau th r iy gcl g r ey tcl t er ax bcl b el f ao r s ix z w er kcl k ow ae gcl g y ax l ey dx ix ng ix n kcl k r ih s tcl el ay z ix ng h#, m i n w aɪ l  θ ɹ i ɡ̚ ɡ ɹ eɪ t̚ t ɝ ə b̚ b l̩ f ɔ ɹ s ɨ z w ɝ k̚ k oʊ æ ɡ̚ ɡ j ə l eɪ ɾ ɨ ŋ ɨ n k̚ k ɹ ɪ s t̚ l̩ aɪ z ɨ ŋ 
/home/isaac/Projects/Thesis/data/timit/data/TRAIN/DR5/MTAT0/SI1740.WAV,h# p r aa bcl ax bcl l iy axr r aw n m ih dcl n ay tcl pau g ih v axr tcl t ey kcl k ix n aw r iy dh axr w ey h#, p ɹ ɑ b̚ ə b̚ l i ɚ ɹ aʊ n m ɪ d̚ n aɪ t̚  ɡ ɪ v ɚ t̚ t eɪ k̚ k ɨ n aʊ ɹ i ð ɚ w eɪ 
/home/isaac/Projects/Thesis/data/timit/data/TRAIN/DR5/MTAT0/SI1110.WAV,h# dh ax s iy z ix n bcl b ih tcl t w iy n s pcl p r ih ng ix n s ah m er pau b ax l ao ng z tcl t ax l ay f ix n ix tcl s kcl k eh r f r iy ae s pcl p eh kcl t h#, ð ə s i z ɨ n b̚ b ɪ t̚ t w i n s p̚ p ɹ ɪ ŋ ɨ n s ʌ m ɝ  b ə l ɔ ŋ z t̚ t ə l aɪ f ɨ n ɨ t̚ s k̚ k ɛ ɹ f ɹ i æ s p̚ p ɛ k̚ t 
/home/isaac/Projects/Thesis/data/timit/data/TRAIN/DR5/MTAT0/SX30.WAV,h# g eh dx ey kcl k ae l ax kcl k ow kcl k ae tcl t ix kcl k iy pcl p h#, ɡ ɛ ɾ eɪ k̚ k æ l ə k̚ k oʊ k̚ k æ t̚ t ɨ k̚ k i p̚ p 
/home/isaac/Projects/Thesis/data/timit/data/TRAIN/DR5/MTAT0/SX390.WAV,h# hh iy pcl p ih kcl t ah pcl n ay n pcl p eh er z ax f s aa kcl k s f axr iy tcl ch bcl b r ah dh axr h#, h i p̚ p ɪ k̚ t ʌ p̚ n aɪ n p̚ p ɛ ɝ z ə f s ɑ k̚ k s f ɚ i t̚ tʃ b̚ b ɹ ʌ ð ɚ 
/home/isaac/Projects/Thesis/data/timit/data/TRAIN/DR5/MPMB0/SI2131.WAV,h# y uh hv eh dcl t uh bcl b iy s tcl t ux pcl p ih dcl d pau ao kcl k r ey z iy pau ao q ih m ao dx el h#, j ʊ ɦ ɛ d̚ t ʊ b̚ b i s t̚ t ʉ p̚ p ɪ d̚ d  ɔ k̚ k ɹ eɪ z i  ɔ ʔ ɪ m ɔ ɾ l̩ 
/home/isaac/Projects/Thesis/data/timit/data/TRAIN/DR5/MPMB0/SX421.WAV,h# dh ow z hh uw tcl t iy tcl ch v ae l y uh z f er s tcl t pau q aa bcl b aa l ih sh epi ch iy dx iy ng h#, ð oʊ z h u t̚ t i t̚ tʃ v æ l j ʊ z f ɝ s t̚ t  ʔ ɑ b̚ b ɑ l ɪ ʃ  tʃ i ɾ i ŋ 
/home/isaac/Projects/Thesis/data/timit/data/TRAIN/DR5/MPMB0/SX331.WAV,h# dh iy bcl b ih gcl d ao gcl g pau l ah v dcl t ux tcl ch uw q ao n dh iy ow l r ae gcl d aa l h#, ð i b̚ b ɪ ɡ̚ d ɔ ɡ̚ ɡ  l ʌ v d̚ t ʉ t̚ tʃ u ʔ ɔ n ð i oʊ l ɹ æ ɡ̚ d ɑ l 
/home/isaac/Projects/Thesis/data/timit/data/TRAIN/DR5/MPMB0/SI1501.WAV,h# bcl b aa hv ay n d hv ih m bcl b ih l ow dcl d ix hh pau ey s epi m ao l pau p ah n dcl jh ah n tcl t pau k l aw dx ax v s epi m ow kcl k h#, b̚ b ɑ ɦ aɪ n d ɦ ɪ m b̚ b ɪ l oʊ d̚ d ɨ h  eɪ s  m ɔ l  p ʌ n d̚ dʒ ʌ n t̚ t  k l aʊ ɾ ə v s  m oʊ k̚ k 
/home/isaac/Projects/Thesis/data/timit/data/TRAIN/DR5/MPMB0/SX61.WAV,h# ch aa kcl k ah l ih tcl t pau q eh n r ow z ih z epi n eh v ah f ey l pau hh ae z ey r ow m ae n tcl t ix kcl k epi g ih f tcl t h#, tʃ ɑ k̚ k ʌ l ɪ t̚ t  ʔ ɛ n ɹ oʊ z ɪ z  n ɛ v ʌ f eɪ l  h æ z eɪ ɹ oʊ m æ n t̚ t ɨ k̚ k  ɡ ɪ f t̚ t 
/home/isaac/Projects/Thesis/data/timit/data/TRAIN/DR5/MPMB0/SI871.WAV,h# dh iy w er dcl m iy n z ih q w ow n tcl b ao l ax w ey q iy z ax l ix pau n ah th ih ng eh l tcl t s h#, ð i w ɝ d̚ m i n z ɪ ʔ w oʊ n t̚ b ɔ l ə w eɪ ʔ i z ə l ɨ  n ʌ θ ɪ ŋ ɛ l t̚ t s 
/home/isaac/Projects/Thesis/data/timit/data/TRAIN/DR5/MPMB0/SX241.WAV,h# dh iy hv ao l w ey q ow pcl p ah n z ih n tcl t uw q ey hh y ux dcl jh tcl ch ey m bcl b axr h#, ð i ɦ ɔ l w eɪ ʔ oʊ p̚ p ʌ n z ɪ n t̚ t u ʔ eɪ h j ʉ d̚ dʒ t̚ tʃ eɪ m b̚ b ɚ 
/home/isaac/Projects/Thesis/data/timit/data/TRAIN/DR5/MPMB0/SX151.WAV,h# dh iy pcl p r iy v iy ih s pcl p iy kcl k ah pcl p axr z eh n eh dcl d ix q ae m bcl b ih gcl g y ux w ah s epi r ih z ah l tcl t s h#, ð i p̚ p ɹ i v i ɪ s p̚ p i k̚ k ʌ p̚ p ɚ z ɛ n ɛ d̚ d ɨ ʔ æ m b̚ b ɪ ɡ̚ ɡ j ʉ w ʌ s  ɹ ɪ z ʌ l t̚ t s 
/home/isaac/Projects/Thesis/data/timit/data/TRAIN/DR5/MMDM1/SI1650.WAV,h# y ix s iy sh iy z aa nx ax dcl d ay ix tcl h#, j ɨ s i ʃ i z ɑ ɾ̃ ə d̚ d aɪ ɨ t̚ 
/home/isaac/Projects/Thesis/data/timit/data/TRAIN/DR5/MMDM1/SX333.WAV,h# ah nx ah dcl d ah l q m eh l bcl b ae bcl b ux n z tcl t iy th pau aa r n aa tcl s ux dx ix bcl b el f axr iy dx iy ng sh eh l f ih sh h#, ʌ ɾ̃ ʌ d̚ d ʌ l ʔ m ɛ l b̚ b æ b̚ b ʉ n z t̚ t i θ  ɑ ɹ n ɑ t̚ s ʉ ɾ ɨ b̚ b l̩ f ɚ i ɾ i ŋ ʃ ɛ l f ɪ ʃ 
/home/isaac/Projects/Thesis/data/timit/data/TRAIN/DR5/MMDM1/SX63.WAV,h# k aa n q en eh nx el dcl d r ih f tcl t ih z ix dcl jh iy ax l aa dcl jh ix kcl k el th ih axr iy h#, k ɑ n ʔ n̩ ɛ ɾ̃ l̩ d̚ d ɹ ɪ f t̚ t ɪ z ɨ d̚ dʒ i ə l ɑ d̚ dʒ ɨ k̚ k l̩ θ ɪ ɚ i 
/home/isaac/Projects/Thesis/data/timit/data/TRAIN/DR5/MMDM1/SI2043.WAV,h# aa r y uw ax th r ow axr ix f l ey m er iy n h#, ɑ ɹ j u ə θ ɹ oʊ ɚ ɨ f l eɪ m ɝ i n 
/home/isaac/Projects/Thesis/data/timit/data/TRAIN/DR5/MMDM1/SX243.WAV,h# dh ey ao l ax gcl g r iy dh ae tcl dh iy eh s ey ih z bcl b eh r l iy ix n tcl t eh l ax dcl jh ax-h bcl b el h#, ð eɪ ɔ l ə ɡ̚ ɡ ɹ i ð æ t̚ ð i ɛ s eɪ ɪ z b̚ b ɛ ɹ l i ɨ n t̚ t ɛ l ə d̚ dʒ ə̥ b̚ b l̩ 
/home/isaac/Projects/Thesis/data/timit/data/TRAIN/DR5/MMDM1/SX153.WAV,h# s kcl k ax l ae s tcl t ix kcl k q ae pcl t ix tcl t ux dx ix z dcl jh ah dcl jh dcl d bcl b ay s tcl t ae n dcl d axr dx ay z tcl t eh s tcl t h#, s k̚ k ə l æ s t̚ t ɨ k̚ k ʔ æ p̚ t ɨ t̚ t ʉ ɾ ɨ z d̚ dʒ ʌ d̚ dʒ d̚ d b̚ b aɪ s t̚ t æ n d̚ d ɚ ɾ aɪ z t̚ t ɛ s t̚ t 
/home/isaac/Projects/Thesis/data/timit/data/TRAIN/DR5/MMDM1/SX423.WAV,h# s epi m ae sh l ay tcl b ao bcl b z q eh n ix axr kcl k ae sh v ae l y ux w ax l dcl d ih m ih n ih sh tcl t ax n ah th iy ng h#, s  m æ ʃ l aɪ t̚ b ɔ b̚ b z ʔ ɛ n ɨ ɚ k̚ k æ ʃ v æ l j ʉ w ə l d̚ d ɪ m ɪ n ɪ ʃ t̚ t ə n ʌ θ i ŋ 
/home/isaac/Projects/Thesis/data/timit/data/TRAIN/DR5/MMDM1/SI783.WAV,h# y ux kcl k ix n bcl b ih l dcl dh ih s v ey kcl k ey sh en kcl k aa dx ix dcl jh y axr s eh l f h#, j ʉ k̚ k ɨ n b̚ b ɪ l d̚ ð ɪ s v eɪ k̚ k eɪ ʃ n̩ k̚ k ɑ ɾ ɨ d̚ dʒ j ɚ s ɛ l f 
/home/isaac/Projects/Thesis/data/timit/data/TRAIN/DR5/MTDP0/SI1521.WAV,h# hh iy l uh kcl t ow v r eh tcl t hv ih m l ay ix ng dh eh r ax s l iy pcl p pau ae n hv iy f eh l tcl t ey w ey v ax v r ix v ah l sh ix n h#, h i l ʊ k̚ t oʊ v ɹ ɛ t̚ t ɦ ɪ m l aɪ ɨ ŋ ð ɛ ɹ ə s l i p̚ p  æ n ɦ i f ɛ l t̚ t eɪ w eɪ v ə v ɹ ɨ v ʌ l ʃ ɨ n 
/home/isaac/Projects/Thesis/data/timit/data/TRAIN/DR5/MTDP0/SX351.WAV,h# d ah n ux pau s ah bcl b er bcl ix n ay tcl t s epi w axr kcl t hh aa r dcl d ao n r ix f er bcl ix sh ih ng dh eh r q ow dcl d axr hh ow m ax h#, d ʌ n ʉ  s ʌ b̚ b ɝ b̚ ɨ n aɪ t̚ t s  w ɚ k̚ t h ɑ ɹ d̚ d ɔ n ɹ ɨ f ɝ b̚ ɨ ʃ ɪ ŋ ð ɛ ɹ ʔ oʊ d̚ d ɚ h oʊ m ə 
/home/isaac/Projects/Thesis/data/timit/data/TRAIN/DR5/MTDP0/SX171.WAV,h# dh ih dcl d ay gcl n ow s ix s w ax z ix s kcl k er ix dcl jh ix ng pau hh aa q eh v axr pau hv iy w ax z n aa tcl q ow v el iy w eh r ix dcl h#, ð ɪ d̚ d aɪ ɡ̚ n oʊ s ɨ s w ə z ɨ s k̚ k ɝ ɨ d̚ dʒ ɨ ŋ  h ɑ ʔ ɛ v ɚ  ɦ i w ə z n ɑ t̚ ʔ oʊ v l̩ i w ɛ ɹ ɨ d̚ 
/home/isaac/Projects/Thesis/data/timit/data/TRAIN/DR5/MTDP0/SI1274.WAV,h# ah tcl t aa m ih kcl pau q ih nx axr dcl jh ix l eh v el z h#, ʌ t̚ t ɑ m ɪ k̚  ʔ ɪ ɾ̃ ɚ d̚ dʒ ɨ l ɛ v l̩ z 
/home/isaac/Projects/Thesis/data/timit/data/TRAIN/DR5/MTDP0/SX441.WAV,h# d ow n q l uh kcl k f ax gcl g r uw pcl v ay y ix bcl b el z pau ix nx ey bcl b ae ng kcl v ao tcl t h#, d oʊ n ʔ l ʊ k̚ k f ə ɡ̚ ɡ ɹ u p̚ v aɪ j ɨ b̚ b l̩ z  ɨ ɾ̃ eɪ b̚ b æ ŋ k̚ v ɔ t̚ t 
/home/isaac/Projects/Thesis/data/timit/data/TRAIN/DR5/MTDP0/SX261.WAV,h# d ux y ux hv ae v dh iy y eh l ah q ao n tcl m ix n tcl r eh dx iy h#, d ʉ j ʉ ɦ æ v ð i j ɛ l ʌ ʔ ɔ n t̚ m ɨ n t̚ ɹ ɛ ɾ i 
/home/isaac/Projects/Thesis/data/timit/data/TRAIN/DR5/MTDP0/SI2151.WAV,h# hh iy s ae ng kcl b ae kcl k s ay ix ng pau q ae n w ax s ux n ax pau q ax s l ih pcl p ix gcl g eh n h#, h i s æ ŋ k̚ b æ k̚ k s aɪ ɨ ŋ  ʔ æ n w ə s ʉ n ə  ʔ ə s l ɪ p̚ p ɨ ɡ̚ ɡ ɛ n 
/home/isaac/Projects/Thesis/data/timit/data/TRAIN/DR5/MTDP0/SX81.WAV,h# q ih s ix m pcl p aa s ax bcl b el tcl t ux dcl d iy ax l w ix th bcl b ih r aa kcl k axr s ix h#, ʔ ɪ s ɨ m p̚ p ɑ s ə b̚ b l̩ t̚ t ʉ d̚ d i ə l w ɨ θ b̚ b ɪ ɹ ɑ k̚ k ɚ s ɨ 
/home/isaac/Projects/Thesis/data/timit/data/TRAIN/DR5/MCHL0/SX357.WAV,h# dh ax m oy s tcl ch er en m aa q ay z ix z f em q ay dcl d r aa pcl s pau n aa tcl f em tcl t ih axr z h#, ð ə m ɔɪ s t̚ tʃ ɝ n̩ m ɑ ʔ aɪ z ɨ z f m̩ ʔ aɪ d̚ d ɹ ɑ p̚ s  n ɑ t̚ f m̩ t̚ t ɪ ɚ z 
/home/isaac/Projects/Thesis/data/timit/data/TRAIN/DR5/MCHL0/SI1347.WAV,h# ax gcl g eh n dh ax q ae nx el tcl t ih s ix dx iy ix v dh ix tcl t ux kcl k er v z gcl g ih r ih n tcl t iy z dh ix q s ah tcl ch ih nx axr v el z ax gcl z ih s tcl t h#, ə ɡ̚ ɡ ɛ n ð ə ʔ æ ɾ̃ l̩ t̚ t ɪ s ɨ ɾ i ɨ v ð ɨ t̚ t ʉ k̚ k ɝ v z ɡ̚ ɡ ɪ ɹ ɪ n t̚ t i z ð ɨ ʔ s ʌ t̚ tʃ ɪ ɾ̃ ɚ v l̩ z ə ɡ̚ z ɪ s t̚ t 
/home/isaac/Projects/Thesis/data/timit/data/TRAIN/DR5/MCHL0/SI1977.WAV,h# hh iy f ao tcl dh ax pcl p ae nx ix kcl k q ax v er dx ix gcl g ow h#, h i f ɔ t̚ ð ə p̚ p æ ɾ̃ ɨ k̚ k ʔ ə v ɝ ɾ ɨ ɡ̚ ɡ oʊ 
/home/isaac/Projects/Thesis/data/timit/data/TRAIN/DR5/MCHL0/SX177.WAV,h# d ah z kcl k r iy ow l kcl k uh kcl k iy ng y ux z kcl k er iy h#, d ʌ z k̚ k ɹ i oʊ l k̚ k ʊ k̚ k i ŋ j ʉ z k̚ k ɝ i 
/home/isaac/Projects/Thesis/data/timit/data/TRAIN/DR5/MCHL0/SX267.WAV,h# d r ao q eh v r iy q aw dx er l ay n f er s tcl t pau dh ih n f ih l ih n ih n tcl t ih r ix axr h#, d ɹ ɔ ʔ ɛ v ɹ i ʔ aʊ ɾ ɝ l aɪ n f ɝ s t̚ t  ð ɪ n f ɪ l ɪ n ɪ n t̚ t ɪ ɹ ɨ ɚ 
/home/isaac/Projects/Thesis/data/timit/data/TRAIN/DR5/MCHL0/SI1404.WAV,h# th ih ng kcl k ix ng dh ix q eh v ax dx ix n s ih n s ix f ih sh en tcl t ax-h gcl g ih dx ix kcl k ix n v ih kcl sh ix n pau hh iy l ey dx er r ih l iy s tcl t hh ix m h#, θ ɪ ŋ k̚ k ɨ ŋ ð ɨ ʔ ɛ v ə ɾ ɨ n s ɪ n s ɨ f ɪ ʃ n̩ t̚ t ə̥ ɡ̚ ɡ ɪ ɾ ɨ k̚ k ɨ n v ɪ k̚ ʃ ɨ n  h i l eɪ ɾ ɝ ɹ ɪ l i s t̚ t h ɨ m 
/home/isaac/Projects/Thesis/data/timit/data/TRAIN/DR5/MCHL0/SX447.WAV,h# f er s tcl t pau ae dcl m ih l kcl t ix dh ix sh r eh dx ix dcl ch iy z h#, f ɝ s t̚ t  æ d̚ m ɪ l k̚ t ɨ ð ɨ ʃ ɹ ɛ ɾ ɨ d̚ tʃ i z 
/home/isaac/Projects/Thesis/data/timit/data/TRAIN/DR5/MCHL0/SX87.WAV,h# p r ih m ix dx ix v tcl t r ay bcl z hh eh v ix n q ah pcl b iy tcl q ae dx ix tcl t ux dcl h#, p ɹ ɪ m ɨ ɾ ɨ v t̚ t ɹ aɪ b̚ z h ɛ v ɨ n ʔ ʌ p̚ b i t̚ ʔ æ ɾ ɨ t̚ t ʉ d̚ 
/home/isaac/Projects/Thesis/data/timit/data/TRAIN/DR5/FSJG0/SI940.WAV,h# d uh r ih ng w ah n r iy dx iy ng q eh n q ih m ih dcl jh epi ah pcl p ih axr dcl d pau q ah v ey pcl p r ih z ix n er q ih n q aa r ix n epi z h#, d ʊ ɹ ɪ ŋ w ʌ n ɹ i ɾ i ŋ ʔ ɛ n ʔ ɪ m ɪ d̚ dʒ  ʌ p̚ p ɪ ɚ d̚ d  ʔ ʌ v eɪ p̚ p ɹ ɪ z ɨ n ɝ ʔ ɪ n ʔ ɑ ɹ ɨ n  z 
/home/isaac/Projects/Thesis/data/timit/data/TRAIN/DR5/FSJG0/SX400.WAV,h# jh ah s tcl d r aa pcl n ow dx ix s ih z q ih n q ih nx iy s ix dcl jh eh sh ix n bcl b aa kcl s h#, dʒ ʌ s t̚ d ɹ ɑ p̚ n oʊ ɾ ɨ s ɪ z ʔ ɪ n ʔ ɪ ɾ̃ i s ɨ d̚ dʒ ɛ ʃ ɨ n b̚ b ɑ k̚ s 
/home/isaac/Projects/Thesis/data/timit/data/TRAIN/DR5/FSJG0/SI1570.WAV,h# q aa n dcl d r ey s kcl k ih l dcl d q ay s ay z dh eh m q ah pcl p h#, ʔ ɑ n d̚ d ɹ eɪ s k̚ k ɪ l d̚ d ʔ aɪ s aɪ z ð ɛ m ʔ ʌ p̚ p 
/home/isaac/Projects/Thesis/data/timit/data/TRAIN/DR5/FSJG0/SX310.WAV,h# dh ah hh uh dcl q ah v dh ix dcl jh iy pcl p pau w ax s tcl t iy m iy ng q ih n dh ax hh aa tcl s ah n h#, ð ʌ h ʊ d̚ ʔ ʌ v ð ɨ d̚ dʒ i p̚ p  w ə s t̚ t i m i ŋ ʔ ɪ n ð ə h ɑ t̚ s ʌ n 
/home/isaac/Projects/Thesis/data/timit/data/TRAIN/DR5/FSJG0/SI2200.WAV,h# sh iy w eh n q ao n dcl d ih s r iy gcl g ao r dx ih ng m ay pcl p r ow tcl t eh s h#, ʃ i w ɛ n ʔ ɔ n d̚ d ɪ s ɹ i ɡ̚ ɡ ɔ ɹ ɾ ɪ ŋ m aɪ p̚ p ɹ oʊ t̚ t ɛ s 
/home/isaac/Projects/Thesis/data/timit/data/TRAIN/DR5/FSJG0/SX40.WAV,h# s tcl t ih m y ih l ey dx iy ng dcl d ih s kcl k ah sh ih n z kcl k iy pcl s tcl t ux dx ih n tcl s q ah tcl t eh n tcl ch ah n h#, s t̚ t ɪ m j ɪ l eɪ ɾ i ŋ d̚ d ɪ s k̚ k ʌ ʃ ɪ n z k̚ k i p̚ s t̚ t ʉ ɾ ɪ n t̚ s ʔ ʌ t̚ t ɛ n t̚ tʃ ʌ n 
/home/isaac/Projects/Thesis/data/timit/data/TRAIN/DR5/FSJG0/SX130.WAV,h# hh iy q ey tcl f ao r q eh kcl k s tcl t r ih q ey gcl g z f ax bcl b r eh kcl k f ix s h#, h i ʔ eɪ t̚ f ɔ ɹ ʔ ɛ k̚ k s t̚ t ɹ ɪ ʔ eɪ ɡ̚ ɡ z f ə b̚ b ɹ ɛ k̚ k f ɨ s 
/home/isaac/Projects/Thesis/data/timit/data/TRAIN/DR5/FSJG0/SX220.WAV,h# dh ah m ow s r iy s ix n tcl jh iy ax l aa dcl jh ix kcl k el s er v ey pau f aw n dcl s ay z epi m ih kcl k q ae kcl k tcl t ih v ih dx iy h#, ð ʌ m oʊ s ɹ i s ɨ n t̚ dʒ i ə l ɑ d̚ dʒ ɨ k̚ k l̩ s ɝ v eɪ  f aʊ n d̚ s aɪ z  m ɪ k̚ k ʔ æ k̚ k t̚ t ɪ v ɪ ɾ i 
/home/isaac/Projects/Thesis/data/timit/data/TRAIN/DR5/FLMK0/SX45.WAV,h# q ix dcl d ih sh en eh n s ax bcl t r ae kcl k sh en axr l er n dcl d s kcl k ih l z h#, ʔ ɨ d̚ d ɪ ʃ n̩ ɛ n s ə b̚ t ɹ æ k̚ k ʃ n̩ ɚ l ɝ n d̚ d s k̚ k ɪ l z 
/home/isaac/Projects/Thesis/data/timit/data/TRAIN/DR5/FLMK0/SI2295.WAV,h# dh er kcl k y er iy aa s iy w eh n hv ae pcl p ax l iy ae dx ax bcl b aw n dcl z h#, ð ɝ k̚ k j ɝ i ɑ s i w ɛ n ɦ æ p̚ p ə l i æ ɾ ə b̚ b aʊ n d̚ z 
/home/isaac/Projects/Thesis/data/timit/data/TRAIN/DR5/FLMK0/SX405.WAV,h# q ah v kcl k ao r sh ix kcl k ix n hv ae v ax n ah dh ax tcl t ux n ix f ix sh s ae m w ix tcl ch h#, ʔ ʌ v k̚ k ɔ ɹ ʃ ɨ k̚ k ɨ n ɦ æ v ə n ʌ ð ə t̚ t ʉ n ɨ f ɨ ʃ s æ m w ɨ t̚ tʃ 
/home/isaac/Projects/Thesis/data/timit/data/TRAIN/DR5/FLMK0/SI1229.WAV,h# q ix tcl t s f ih r ih z eh dx ah v r ow el kcl k ao r tcl s dcl d ay n ae s tcl t ix kcl k epi w ao r el z eh n v aa l tcl t ix ng ae m bcl b ih sh ix n epi s h#, ʔ ɨ t̚ t s f ɪ ɹ ɪ z ɛ ɾ ʌ v ɹ oʊ l̩ k̚ k ɔ ɹ t̚ s d̚ d aɪ n æ s t̚ t ɨ k̚ k  w ɔ ɹ l̩ z ɛ n v ɑ l t̚ t ɨ ŋ æ m b̚ b ɪ ʃ ɨ n  s 
/home/isaac/Projects/Thesis/data/timit/data/TRAIN/DR5/FLMK0/SX315.WAV,h# b aa bcl th aw m ao r kcl k l ae m z eh tcl dh iy q ow sh ix n z q eh dcl jh h#, b ɑ b̚ θ aʊ m ɔ ɹ k̚ k l æ m z ɛ t̚ ð i ʔ oʊ ʃ ɨ n z ʔ ɛ d̚ dʒ 
/home/isaac/Projects/Thesis/data/timit/data/TRAIN/DR5/FLMK0/SX135.WAV,h# t eh kcl n ix kcl k el r aa dcl d er z pau k ih n ax bcl b r iy v y ey q en bcl b ih v l iy aa gcl g axr f r iy s h#, t ɛ k̚ n ɨ k̚ k l̩ ɹ ɑ d̚ d ɝ z  k ɪ n ə b̚ b ɹ i v j eɪ ʔ n̩ b̚ b ɪ v l i ɑ ɡ̚ ɡ ɚ f ɹ i s 
/home/isaac/Projects/Thesis/data/timit/data/TRAIN/DR5/FLMK0/SI1035.WAV,h# w ix th ix w er l ih ng dcl jh ah m pcl p q ix kcl k ax gcl g ih tcl t q ix n tcl t ix gcl g iy axr h#, w ɨ θ ɨ w ɝ l ɪ ŋ d̚ dʒ ʌ m p̚ p ʔ ɨ k̚ k ə ɡ̚ ɡ ɪ t̚ t ʔ ɨ n t̚ t ɨ ɡ̚ ɡ i ɚ 
/home/isaac/Projects/Thesis/data/timit/data/TRAIN/DR5/FLMK0/SX225.WAV,h# k iy pcl th ih th ax m aa m ix dx er q ah n dcl d r ix y axr tcl t ah ng gcl g h#, k i p̚ θ ɪ θ ə m ɑ m ɨ ɾ ɝ ʔ ʌ n d̚ d ɹ ɨ j ɚ t̚ t ʌ ŋ ɡ̚ ɡ 
/home/isaac/Projects/Thesis/data/timit/data/TRAIN/DR5/MJPG0/SI1821.WAV,h# dh iy z pcl p l ae n tcl s epi w axr m ah tcl ch bcl b ih gcl axr pau n ih r l iy q ao l kcl k ey pcl p ax bcl b el v hh ow l dx ix ng ix nx ae tcl m ax s f ix axr h#, ð i z p̚ p l æ n t̚ s  w ɚ m ʌ t̚ tʃ b̚ b ɪ ɡ̚ ɚ  n ɪ ɹ l i ʔ ɔ l k̚ k eɪ p̚ p ə b̚ b l̩ v h oʊ l ɾ ɨ ŋ ɨ ɾ̃ æ t̚ m ə s f ɨ ɚ 
/home/isaac/Projects/Thesis/data/timit/data/TRAIN/DR5/MJPG0/SI1191.WAV,h# ao l tcl ch ae n s ax v f ax-h f ih l ix ng m ay dcl d eh s tcl t ix n iy q ix z ow v axr h#, ɔ l t̚ tʃ æ n s ə v f ə̥ f ɪ l ɨ ŋ m aɪ d̚ d ɛ s t̚ t ɨ n i ʔ ɨ z oʊ v ɚ 
/home/isaac/Projects/Thesis/data/timit/data/TRAIN/DR5/MJPG0/SX201.WAV,h# ax pcl p r ow tcl ch axr ih nx axr v y ux w ix s tcl t ae tcl ch uw eh s kcl k em pcl p ow zh axr h#, ə p̚ p ɹ oʊ t̚ tʃ ɚ ɪ ɾ̃ ɚ v j ʉ w ɨ s t̚ t æ t̚ tʃ u ɛ s k̚ k m̩ p̚ p oʊ ʒ ɚ 
/home/isaac/Projects/Thesis/data/timit/data/TRAIN/DR5/MJPG0/SX381.WAV,h# w iy w eh l kcl k em eh nx iy n ux s tcl t ux dx ix n tcl s pau iy tcl ch y ih axr h#, w i w ɛ l k̚ k m̩ ɛ ɾ̃ i n ʉ s t̚ t ʉ ɾ ɨ n t̚ s  i t̚ tʃ j ɪ ɚ 
/home/isaac/Projects/Thesis/data/timit/data/TRAIN/DR5/MJPG0/SX291.WAV,h# dh ax q ae v el ae n tcl ch tcl t er gcl er dcl q ey m ay nx er q er th kcl k w ey kcl h#, ð ə ʔ æ v l̩ æ n t̚ tʃ t̚ t ɝ ɡ̚ ɝ d̚ ʔ eɪ m aɪ ɾ̃ ɝ ʔ ɝ θ k̚ k w eɪ k̚ 
/home/isaac/Projects/Thesis/data/timit/data/TRAIN/DR5/MJPG0/SX111.WAV,h# hh ix s ah dx en dcl d ax-h pcl p aa r tcl ch axr sh aa kcl dh ax kcl k ae s h#, h ɨ s ʌ ɾ n̩ d̚ d ə̥ p̚ p ɑ ɹ t̚ tʃ ɚ ʃ ɑ k̚ ð ə k̚ k æ s 
/home/isaac/Projects/Thesis/data/timit/data/TRAIN/DR5/MJPG0/SI561.WAV,h# dh ih s ax z gcl g ow ix ng tcl t ax bcl b iy ey l ae ng w ih dcl jh l eh s ax n pau q ix n y ux kcl k ix n m ae s tcl t axr ix tcl ih nx ey f ux m ih n ix tcl s h#, ð ɪ s ə z ɡ̚ ɡ oʊ ɨ ŋ t̚ t ə b̚ b i eɪ l æ ŋ w ɪ d̚ dʒ l ɛ s ə n  ʔ ɨ n j ʉ k̚ k ɨ n m æ s t̚ t ɚ ɨ t̚ ɪ ɾ̃ eɪ f ʉ m ɪ n ɨ t̚ s 
/home/isaac/Projects/Thesis/data/timit/data/TRAIN/DR5/MJPG0/SX21.WAV,h# aa l f aa l f ax ix z hh eh l th iy f axr y ix h#, ɑ l f ɑ l f ə ɨ z h ɛ l θ i f ɚ j ɨ 
/home/isaac/Projects/Thesis/data/timit/data/TRAIN/DR5/MWAC0/SI2231.WAV,h# dh ey w er bcl b ow th epi w ao kcl k ih ng tcl t w ao r dcl z iy tcl ch ah dh er pau q ah n hv er iy dcl d h#, ð eɪ w ɝ b̚ b oʊ θ  w ɔ k̚ k ɪ ŋ t̚ t w ɔ ɹ d̚ z i t̚ tʃ ʌ ð ɝ  ʔ ʌ n ɦ ɝ i d̚ d 
/home/isaac/Projects/Thesis/data/timit/data/TRAIN/DR5/MWAC0/SI971.WAV,h# dh eh n ao f ah gcl g eh n pau r ah sh ix ng dcl d ix kcl k iy pcl p ah pcl p h#, ð ɛ n ɔ f ʌ ɡ̚ ɡ ɛ n  ɹ ʌ ʃ ɨ ŋ d̚ d ɨ k̚ k i p̚ p ʌ p̚ p 
/home/isaac/Projects/Thesis/data/timit/data/TRAIN/DR5/MWAC0/SX431.WAV,h# dh ax f ih th dcl jh aa r kcl k ix n tcl t ey n z bcl b ih gcl jh ux s iy pau p iy tcl ch ix s h#, ð ə f ɪ θ d̚ dʒ ɑ ɹ k̚ k ɨ n t̚ t eɪ n z b̚ b ɪ ɡ̚ dʒ ʉ s i  p i t̚ tʃ ɨ s 
/home/isaac/Projects/Thesis/data/timit/data/TRAIN/DR5/MWAC0/SX71.WAV,h# p ao r kcl k y ux pcl p ay n z r ix z eh m bcl b el s iy er tcl ch ix n tcl s h#, p ɔ ɹ k̚ k j ʉ p̚ p aɪ n z ɹ ɨ z ɛ m b̚ b l̩ s i ɝ t̚ tʃ ɨ n t̚ s 
/home/isaac/Projects/Thesis/data/timit/data/TRAIN/DR5/MWAC0/SX251.WAV,h# w iy ih pcl p l ay q aw dx ix tcl t ao r iy m aa dcl d l ih ng pau t ux kcl k ix m pcl p y ux dx axr s pcl p iy tcl ch r eh kcl k ix gcl n ih sh en h#, w i ɪ p̚ p l aɪ ʔ aʊ ɾ ɨ t̚ t ɔ ɹ i m ɑ d̚ d l ɪ ŋ  t ʉ k̚ k ɨ m p̚ p j ʉ ɾ ɚ s p̚ p i t̚ tʃ ɹ ɛ k̚ k ɨ ɡ̚ n ɪ ʃ n̩ 
/home/isaac/Projects/Thesis/data/timit/data/TRAIN/DR5/MWAC0/SX341.WAV,h# dh iy hv ay s ix kcl k y er dx iy pcl p r ih z en w ah s axr r aw n d ix dcl b ay bcl b aa r bcl b dcl d w ay axr h#, ð i ɦ aɪ s ɨ k̚ k j ɝ ɾ i p̚ p ɹ ɪ z n̩ w ʌ s ɚ ɹ aʊ n d ɨ d̚ b aɪ b̚ b ɑ ɹ b̚ b d̚ d w aɪ ɚ 
/home/isaac/Projects/Thesis/data/timit/data/TRAIN/DR5/MWAC0/SI1601.WAV,h# t ux kcl k l aa dx ih dcl b ao l z ix kcl k ah l er ax v m y ux kcl k uh s r ow l dcl b uh tcl t w iy n pau f ay r iy l ih dcl z h#, t ʉ k̚ k l ɑ ɾ ɪ d̚ b ɔ l z ɨ k̚ k ʌ l ɝ ə v m j ʉ k̚ k ʊ s ɹ oʊ l d̚ b ʊ t̚ t w i n  f aɪ ɹ i l ɪ d̚ z 
/home/isaac/Projects/Thesis/data/timit/data/TRAIN/DR5/MWAC0/SX161.WAV,h# q ae z ey pcl p r iy kcl k ao sh ah n dh iy aw l ao z bcl b ao tcl g ah n pcl p aw dx axr f ao dh ix r sh tcl t r ao ng hv ow l dcl d h#, ʔ æ z eɪ p̚ p ɹ i k̚ k ɔ ʃ ʌ n ð i aʊ l ɔ z b̚ b ɔ t̚ ɡ ʌ n p̚ p aʊ ɾ ɚ f ɔ ð ɨ ɹ ʃ t̚ t ɹ ɔ ŋ ɦ oʊ l d̚ d 
/home/isaac/Projects/Thesis/data/timit/data/TRAIN/DR5/MSEM1/SX450.WAV,h# r oy q ih gcl n ao r dcl dh ix s pcl p er iy ih s dcl d ey dx ax pcl p oy n tcl t s ix n dcl d r ao ix ng dh ix gcl g r ae f h#, ɹ ɔɪ ʔ ɪ ɡ̚ n ɔ ɹ d̚ ð ɨ s p̚ p ɝ i ɪ s d̚ d eɪ ɾ ə p̚ p ɔɪ n t̚ t s ɨ n d̚ d ɹ ɔ ɨ ŋ ð ɨ ɡ̚ ɡ ɹ æ f 
/home/isaac/Projects/Thesis/data/timit/data/TRAIN/DR5/MSEM1/SX270.WAV,h# q aa r hh aa l ax dcl d ey q ey pcl p r ix n z ax v ey l ax bcl b el tcl t uw ah s h#, ʔ ɑ ɹ h ɑ l ə d̚ d eɪ ʔ eɪ p̚ p ɹ ɨ n z ə v eɪ l ə b̚ b l̩ t̚ t u ʌ s 
/home/isaac/Projects/Thesis/data/timit/data/TRAIN/DR5/MSEM1/SI2070.WAV,h# k ah m s ih tcl pau hh iy r ix pcl p iy dx ix dcl m ow sh en iy ng tcl t ux dh ax pcl p ay eh l dcl d hh ey bcl b ae gcl g z q ow v ix dh ix pcl p ih gcl g l iy v ix ng epi z h#, k ʌ m s ɪ t̚  h i ɹ ɨ p̚ p i ɾ ɨ d̚ m oʊ ʃ n̩ i ŋ t̚ t ʉ ð ə p̚ p aɪ ɛ l d̚ d h eɪ b̚ b æ ɡ̚ ɡ z ʔ oʊ v ɨ ð ɨ p̚ p ɪ ɡ̚ ɡ l i v ɨ ŋ  z 
/home/isaac/Projects/Thesis/data/timit/data/TRAIN/DR5/MSEM1/SI1440.WAV,h# q ey th er dcl d v aa l y ax m r ix m ey n z tcl t ax-h bcl b iy pcl p ah bcl b l ix sh tcl t h#, ʔ eɪ θ ɝ d̚ d v ɑ l j ə m ɹ ɨ m eɪ n z t̚ t ə̥ b̚ b i p̚ p ʌ b̚ b l ɨ ʃ t̚ t 
/home/isaac/Projects/Thesis/data/timit/data/TRAIN/DR5/MSEM1/SX90.WAV,h# dh ah th ih ng kcl k axr q ix z ax f ey m ix s kcl k ah l pcl p ch axr h#, ð ʌ θ ɪ ŋ k̚ k ɚ ʔ ɨ z ə f eɪ m ɨ s k̚ k ʌ l p̚ p tʃ ɚ 
/home/isaac/Projects/Thesis/data/timit/data/TRAIN/DR5/MSEM1/SI810.WAV,h# q ae n ix q eh r iy ix sh eh l tcl t axr dcl d f r em epi s tcl r ao ng w ih n z epi m ey bcl b iy hv ay l iy dcl d ix z ay axr bcl b el pau f ao r eh kcl k r iy ey sh en y ux s h#, ʔ æ n ɨ ʔ ɛ ɹ i ɨ ʃ ɛ l t̚ t ɚ d̚ d f ɹ m̩  s t̚ ɹ ɔ ŋ w ɪ n z  m eɪ b̚ b i ɦ aɪ l i d̚ d ɨ z aɪ ɚ b̚ b l̩  f ɔ ɹ ɛ k̚ k ɹ i eɪ ʃ n̩ j ʉ s 
/home/isaac/Projects/Thesis/data/timit/data/TRAIN/DR5/MSEM1/SX180.WAV,h# q ao m ow s tcl t q ao l kcl k aa l ax dcl jh ix z aa r n aw kcl k ow ey dcl jh ix kcl k ey sh en el h#, ʔ ɔ m oʊ s t̚ t ʔ ɔ l k̚ k ɑ l ə d̚ dʒ ɨ z ɑ ɹ n aʊ k̚ k oʊ eɪ d̚ dʒ ɨ k̚ k eɪ ʃ n̩ l̩ 
/home/isaac/Projects/Thesis/data/timit/data/TRAIN/DR5/MSEM1/SX360.WAV,h# q ay eh s ux m oy sh tcl ch axr w el dcl d ae m ih dcl jh dh ix sh ih pcl p s hh ao l h#, ʔ aɪ ɛ s ʉ m ɔɪ ʃ t̚ tʃ ɚ w l̩ d̚ d æ m ɪ d̚ dʒ ð ɨ ʃ ɪ p̚ p s h ɔ l 
/home/isaac/Projects/Thesis/data/timit/data/TRAIN/DR5/FSMS1/SI1504.WAV,h# f er m ow m ih n tcl pau b oy q ae n m aw n tcl hh ah ng ih n m ih dcl d eh r h#, f ɝ m oʊ m ɪ n t̚  b ɔɪ ʔ æ n m aʊ n t̚ h ʌ ŋ ɪ n m ɪ d̚ d ɛ ɹ 
/home/isaac/Projects/Thesis/data/timit/data/TRAIN/DR5/FSMS1/SX64.WAV,h# r eh gcl g ih l er q eh tcl t eh n dcl d ih n tcl s pau ix s eh l dcl d ix m r iy kcl k w ay axr dcl d h#, ɹ ɛ ɡ̚ ɡ ɪ l ɝ ʔ ɛ t̚ t ɛ n d̚ d ɪ n t̚ s  ɨ s ɛ l d̚ d ɨ m ɹ i k̚ k w aɪ ɚ d̚ d 
/home/isaac/Projects/Thesis/data/timit/data/TRAIN/DR5/FSMS1/SX244.WAV,h# hh er bcl b z bcl b er dh ey q ix kcl k er z f r iy kcl k w ih n q l iy aa n epi th ae ng k s gcl g ih v ih ng h#, h ɝ b̚ b z b̚ b ɝ ð eɪ ʔ ɨ k̚ k ɝ z f ɹ i k̚ k w ɪ n ʔ l i ɑ n  θ æ ŋ k s ɡ̚ ɡ ɪ v ɪ ŋ 
/home/isaac/Projects/Thesis/data/timit/data/TRAIN/DR5/FSMS1/SX347.WAV,h# dh ix pcl p ey sh ih n q eh n dh ix s er dcl jh ih n axr bcl b ow th r iy kcl k ux pcl p axr ey dx ix ng f ax m dh ax l eh ng th iy aa pcl p axr ey sh ix n h#, ð ɨ p̚ p eɪ ʃ ɪ n ʔ ɛ n ð ɨ s ɝ d̚ dʒ ɪ n ɚ b̚ b oʊ θ ɹ i k̚ k ʉ p̚ p ɚ eɪ ɾ ɨ ŋ f ə m ð ə l ɛ ŋ θ i ɑ p̚ p ɚ eɪ ʃ ɨ n 
/home/isaac/Projects/Thesis/data/timit/data/TRAIN/DR5/FSMS1/SI874.WAV,h# f er s tcl t gcl g ow ow v ax dh ix tcl t ay pcl p ix v kcl k ah v r ih dcl jh pau y ux n aw hv ae v h#, f ɝ s t̚ t ɡ̚ ɡ oʊ oʊ v ə ð ɨ t̚ t aɪ p̚ p ɨ v k̚ k ʌ v ɹ ɪ d̚ dʒ  j ʉ n aʊ ɦ æ v 
/home/isaac/Projects/Thesis/data/timit/data/TRAIN/DR5/FSMS1/SI2134.WAV,h# ao l hv ih z f ae m l iy w ix z dcl d eh dcl q ix kcl s eh pcl f axr hv ih s ah n h#, ɔ l ɦ ɪ z f æ m l i w ɨ z d̚ d ɛ d̚ ʔ ɨ k̚ s ɛ p̚ f ɚ ɦ ɪ s ʌ n 
/home/isaac/Projects/Thesis/data/timit/data/TRAIN/DR5/FSMS1/SX154.WAV,h# ao axr n jh dcl jh ux s tcl t ey s f ah n iy ae f tcl t axr tcl t ux th pcl p ey s tcl t h#, ɔ ɚ n dʒ d̚ dʒ ʉ s t̚ t eɪ s f ʌ n i æ f t̚ t ɚ t̚ t ʉ θ p̚ p eɪ s t̚ t 
/home/isaac/Projects/Thesis/data/timit/data/TRAIN/DR5/FSMS1/SX334.WAV,h# q ao f tcl t ih n y ih l gcl g ih pcl b ae kcl m ao r dh ih n y ux pcl p uh dx ih n h#, ʔ ɔ f t̚ t ɪ n j ɪ l ɡ̚ ɡ ɪ p̚ b æ k̚ m ɔ ɹ ð ɪ n j ʉ p̚ p ʊ ɾ ɪ n 
/home/isaac/Projects/Thesis/data/timit/data/TRAIN/DR5/MMVP0/SX384.WAV,h# p l iy z pau sh ao r tcl en dh ih s epi s kcl k er tcl f axr dcl jh oy s h#, p l i z  ʃ ɔ ɹ t̚ n̩ ð ɪ s  s k̚ k ɝ t̚ f ɚ d̚ dʒ ɔɪ s 
/home/isaac/Projects/Thesis/data/timit/data/TRAIN/DR5/MMVP0/SX204.WAV,h# iy v ix n ay ix kcl k ey zh en ax l iy gcl g ih tcl dh ix m ah n dcl d ey bcl b l ux z h#, i v ɨ n aɪ ɨ k̚ k eɪ ʒ n̩ ə l i ɡ̚ ɡ ɪ t̚ ð ɨ m ʌ n d̚ d eɪ b̚ b l ʉ z 
/home/isaac/Projects/Thesis/data/timit/data/TRAIN/DR5/MMVP0/SI1284.WAV,h# ey bcl b ae dx axr r iy pcl p aw axr dcl r ey dx iy ow q ix z iy s eh n tcl ch el h#, eɪ b̚ b æ ɾ ɚ ɹ i p̚ p aʊ ɚ d̚ ɹ eɪ ɾ i oʊ ʔ ɨ z i s ɛ n t̚ tʃ l̩ 
/home/isaac/Projects/Thesis/data/timit/data/TRAIN/DR5/MMVP0/SX114.WAV,h# dh ix kcl k aa r tcl t ux n f iy tcl ch axr z ix m ah s kcl k r ae tcl eh nx ix tcl t ae dcl p ow l h#, ð ɨ k̚ k ɑ ɹ t̚ t ʉ n f i t̚ tʃ ɚ z ɨ m ʌ s k̚ k ɹ æ t̚ ɛ ɾ̃ ɨ t̚ t æ d̚ p oʊ l 
/home/isaac/Projects/Thesis/data/timit/data/TRAIN/DR5/MMVP0/SX347.WAV,h# dh ix pcl p ey sh ih n tcl ae n dh ix s er dcl jh ix n axr bcl b ow th r ix kcl k uw pcl p axr r ey dx iy ng f r ah m dh ax l ih ng gcl g th iy aa pcl p axr r ey sh en h#, ð ɨ p̚ p eɪ ʃ ɪ n t̚ æ n ð ɨ s ɝ d̚ dʒ ɨ n ɚ b̚ b oʊ θ ɹ ɨ k̚ k u p̚ p ɚ ɹ eɪ ɾ i ŋ f ɹ ʌ m ð ə l ɪ ŋ ɡ̚ ɡ θ i ɑ p̚ p ɚ ɹ eɪ ʃ n̩ 
/home/isaac/Projects/Thesis/data/timit/data/TRAIN/DR5/MMVP0/SI654.WAV,h# y eh tcl t q ix dx ih gcl z ih s tcl s pau q eh n hv ae z ax n aa bcl jh eh kcl t ix v r iy ae l ax tcl t iy pau w ih tcl ch kcl k ih n bcl b iy ih kcl s pcl p ih r iy ih n s tcl t pau ae n ow n h#, j ɛ t̚ t ʔ ɨ ɾ ɪ ɡ̚ z ɪ s t̚ s  ʔ ɛ n ɦ æ z ə n ɑ b̚ dʒ ɛ k̚ t ɨ v ɹ i æ l ə t̚ t i  w ɪ t̚ tʃ k̚ k ɪ n b̚ b i ɪ k̚ s p̚ p ɪ ɹ i ɪ n s t̚ t  æ n oʊ n 
/home/isaac/Projects/Thesis/data/timit/data/TRAIN/DR5/MMVP0/SI1914.WAV,h# q ae sh iy dcl d r ow v sh iy th ao dx ix bcl b aw tcl hh axr pcl p l ae n h#, ʔ æ ʃ i d̚ d ɹ oʊ v ʃ i θ ɔ ɾ ɨ b̚ b aʊ t̚ h ɚ p̚ p l æ n 
/home/isaac/Projects/Thesis/data/timit/data/TRAIN/DR5/MMVP0/SX294.WAV,h# sh uh dcl jh axr r ae f s bcl b iy kcl k eh pcl t ix n s epi m ao l z ux z h#, ʃ ʊ d̚ dʒ ɚ ɹ æ f s b̚ b i k̚ k ɛ p̚ t ɨ n s  m ɔ l z ʉ z 
/home/isaac/Projects/Thesis/data/timit/data/TRAIN/DR5/MSRR0/SI1131.WAV,h# b ax w iy kcl k ix n aa tcl s tcl t aa r dx ao f w ax dh ix kcl k l iy n tcl s l ey tcl h#, b ə w i k̚ k ɨ n ɑ t̚ s t̚ t ɑ ɹ ɾ ɔ f w ə ð ɨ k̚ k l i n t̚ s l eɪ t̚ 
/home/isaac/Projects/Thesis/data/timit/data/TRAIN/DR5/MSRR0/SX51.WAV,h# hh ae m bcl b ix dcl d eh kcl k sh tcl t r ih s pcl p ih kcl p aa kcl k ax-h tcl s ix kcl k aa m pcl p l ix sh epi m ao r h#, h æ m b̚ b ɨ d̚ d ɛ k̚ k ʃ t̚ t ɹ ɪ s p̚ p ɪ k̚ p ɑ k̚ k ə̥ t̚ s ɨ k̚ k ɑ m p̚ p l ɨ ʃ  m ɔ ɹ 
/home/isaac/Projects/Thesis/data/timit/data/TRAIN/DR5/MSRR0/SX141.WAV,h# p l eh dcl jh tcl t ax-h pcl p axr tcl t ih s ax-h pcl p ey tcl en n ax v aa dx ah z ah kcl k w aa dx ih kcl k aa m pcl p ix tcl t ih sh ix n h#, p l ɛ d̚ dʒ t̚ t ə̥ p̚ p ɚ t̚ t ɪ s ə̥ p̚ p eɪ t̚ n̩ n ə v ɑ ɾ ʌ z ʌ k̚ k w ɑ ɾ ɪ k̚ k ɑ m p̚ p ɨ t̚ t ɪ ʃ ɨ n 
/home/isaac/Projects/Thesis/data/timit/data/TRAIN/DR5/MSRR0/SI501.WAV,h# b ah tcl dh ih s dcl d ah z ax n tcl d ix tcl t r ae kcl f r em ih tcl s epi m eh er dx eh z ax n eh n tcl t r ix s ih ng ih f n aa tcl gcl g r ey tcl t f ih l m h#, b ʌ t̚ ð ɪ s d̚ d ʌ z ə n t̚ d ɨ t̚ t ɹ æ k̚ f ɹ m̩ ɪ t̚ s  m ɛ ɝ ɾ ɛ z ə n ɛ n t̚ t ɹ ɨ s ɪ ŋ ɪ f n ɑ t̚ ɡ̚ ɡ ɹ eɪ t̚ t f ɪ l m 
/home/isaac/Projects/Thesis/data/timit/data/TRAIN/DR5/MSRR0/SX411.WAV,h# b ah dx axr s kcl k aa tcl ch f ah dcl jh gcl g ah z epi w eh l w ax th v ix n ih l ay s kcl k r iy m h#, b ʌ ɾ ɚ s k̚ k ɑ t̚ tʃ f ʌ d̚ dʒ ɡ̚ ɡ ʌ z  w ɛ l w ə θ v ɨ n ɪ l aɪ s k̚ k ɹ i m 
/home/isaac/Projects/Thesis/data/timit/data/TRAIN/DR5/MSRR0/SI1761.WAV,h# hh aa dx ih ng aw q l ay kcl dh ih s epi w ow ng gcl g ih dx ih m ih nx ih th ih ng ix kcl s eh pcl m ao r tcl t r ah bcl b el ao r bcl b uh l ih tcl h#, h ɑ ɾ ɪ ŋ aʊ ʔ l aɪ k̚ ð ɪ s  w oʊ ŋ ɡ̚ ɡ ɪ ɾ ɪ m ɪ ɾ̃ ɪ θ ɪ ŋ ɨ k̚ s ɛ p̚ m ɔ ɹ t̚ t ɹ ʌ b̚ b l̩ ɔ ɹ b̚ b ʊ l ɪ t̚ 
/home/isaac/Projects/Thesis/data/timit/data/TRAIN/DR5/MSRR0/SX30.WAV,h# g eh dx ih kcl k ae l ix kcl k ow kcl k eh tcl t ax-h kcl k iy pcl p h#, ɡ ɛ ɾ ɪ k̚ k æ l ɨ k̚ k oʊ k̚ k ɛ t̚ t ə̥ k̚ k i p̚ p 
/home/isaac/Projects/Thesis/data/timit/data/TRAIN/DR5/MSRR0/SX231.WAV,h# q aa q aa nx axr m aa m aa m h#, ʔ ɑ ʔ ɑ ɾ̃ ɚ m ɑ m ɑ m 
/home/isaac/Projects/Thesis/data/timit/data/TRAIN/DR5/MMAB1/SX234.WAV,h# dh ix pcl p ey pcl p axr bcl b oy bcl b ao tcl t ux ae pcl p el z q ix n th r iy ay s ix z h#, ð ɨ p̚ p eɪ p̚ p ɚ b̚ b ɔɪ b̚ b ɔ t̚ t ʉ æ p̚ p l̩ z ʔ ɨ n θ ɹ i aɪ s ɨ z 
/home/isaac/Projects/Thesis/data/timit/data/TRAIN/DR5/MMAB1/SX54.WAV,h# dh iy q iy s tcl t er n kcl k ow s ix z ax pcl p l ey s f axr pcl p y er pcl p l eh zh er ix n ix kcl k s ay q m ix n tcl h#, ð i ʔ i s t̚ t ɝ n k̚ k oʊ s ɨ z ə p̚ p l eɪ s f ɚ p̚ p j ɝ p̚ p l ɛ ʒ ɝ ɨ n ɨ k̚ k s aɪ ʔ m ɨ n t̚ 
/home/isaac/Projects/Thesis/data/timit/data/TRAIN/DR5/MMAB1/SX144.WAV,h# dh ax w ih l ow w iy w uh m ix n w ao er pau ax m ah s kcl k r ae tcl t kcl k ow tcl h#, ð ə w ɪ l oʊ w i w ʊ m ɨ n w ɔ ɝ  ə m ʌ s k̚ k ɹ æ t̚ t k̚ k oʊ t̚ 
/home/isaac/Projects/Thesis/data/timit/data/TRAIN/DR5/MMAB1/SI864.WAV,h# dh ax l ao ng ih n q eh v er ix ng kcl k r iy s ix ng kcl k aa l ax m ax v s pcl p ao r tcl s epi m eh n pau q ix z n aw m ux v ih ng ih n tcl t uw ix n ux q ih r ax h#, ð ə l ɔ ŋ ɪ n ʔ ɛ v ɝ ɨ ŋ k̚ k ɹ i s ɨ ŋ k̚ k ɑ l ə m ə v s p̚ p ɔ ɹ t̚ s  m ɛ n  ʔ ɨ z n aʊ m ʉ v ɪ ŋ ɪ n t̚ t u ɨ n ʉ ʔ ɪ ɹ ə 
/home/isaac/Projects/Thesis/data/timit/data/TRAIN/DR5/MMAB1/SX324.WAV,h# dh ax l ow kcl k el dcl d r ah gcl g s tcl t ao r w ix z tcl ch aa r jh dcl w ix th ih l iy gcl g ix l iy dcl d ix s pcl p eh n s iy ng tcl t r ae ng kcl k w ax l ay z axr z h#, ð ə l oʊ k̚ k l̩ d̚ d ɹ ʌ ɡ̚ ɡ s t̚ t ɔ ɹ w ɨ z t̚ tʃ ɑ ɹ dʒ d̚ w ɨ θ ɪ l i ɡ̚ ɡ ɨ l i d̚ d ɨ s p̚ p ɛ n s i ŋ t̚ t ɹ æ ŋ k̚ k w ə l aɪ z ɚ z 
/home/isaac/Projects/Thesis/data/timit/data/TRAIN/DR5/MMAB1/SI2124.WAV,h# dh ih q eh er s epi m eh l dcl d pau w ao r m ih sh ix n f aw l h#, ð ɪ ʔ ɛ ɝ s  m ɛ l d̚ d  w ɔ ɹ m ɪ ʃ ɨ n f aʊ l 
/home/isaac/Projects/Thesis/data/timit/data/TRAIN/DR5/MMAB1/SX414.WAV,h# ay r ix sh y ah ng s tcl t axr z iy tcl t f r eh sh kcl k ih pcl p axr z f axr bcl b r eh kcl k f ix s tcl t h#, aɪ ɹ ɨ ʃ j ʌ ŋ s t̚ t ɚ z i t̚ t f ɹ ɛ ʃ k̚ k ɪ p̚ p ɚ z f ɚ b̚ b ɹ ɛ k̚ k f ɨ s t̚ t 
/home/isaac/Projects/Thesis/data/timit/data/TRAIN/DR5/MMAB1/SI1494.WAV,h# hh ow pcl p tcl t ax-h s iy y uw ax gcl g eh n h#, h oʊ p̚ p t̚ t ə̥ s i j u ə ɡ̚ ɡ ɛ n 
/home/isaac/Projects/Thesis/data/timit/data/TRAIN/DR5/MHMG0/SX105.WAV,h# y ix m ah s tcl t ix kcl k s pcl p l ih s ix q l iy dcl d ax l iy tcl t f aa l s h#, j ɨ m ʌ s t̚ t ɨ k̚ k s p̚ p l ɪ s ɨ ʔ l i d̚ d ə l i t̚ t f ɑ l s 
/home/isaac/Projects/Thesis/data/timit/data/TRAIN/DR5/MHMG0/SX285.WAV,h# r ih tcl ch pcl p er tcl ch ix s eh v axr l s ay n dcl d l ih th ax gcl g r ae f s h#, ɹ ɪ t̚ tʃ p̚ p ɝ t̚ tʃ ɨ s ɛ v ɚ l s aɪ n d̚ d l ɪ θ ə ɡ̚ ɡ ɹ æ f s 
/home/isaac/Projects/Thesis/data/timit/data/TRAIN/DR5/MHMG0/SI1365.WAV,h# q ao r hv aw dx ax w iy ih n r ih tcl ch aa r ao r eh dx iy f ay n m eh r ix dcl jh h#, ʔ ɔ ɹ ɦ aʊ ɾ ə w i ɪ n ɹ ɪ t̚ tʃ ɑ ɹ ɔ ɹ ɛ ɾ i f aɪ n m ɛ ɹ ɨ d̚ dʒ 
/home/isaac/Projects/Thesis/data/timit/data/TRAIN/DR5/MHMG0/SI1995.WAV,h# hh iy bcl b l uw ih z epi n ow z eh kcl k s pcl p er q l iy bcl b ix tcl t w iy n ix s f ih ng gcl g axr s h#, h i b̚ b l u ɪ z  n oʊ z ɛ k̚ k s p̚ p ɝ ʔ l i b̚ b ɨ t̚ t w i n ɨ s f ɪ ŋ ɡ̚ ɡ ɚ s 
/home/isaac/Projects/Thesis/data/timit/data/TRAIN/DR5/MHMG0/SX375.WAV,h# g r ow iy ng w eh l kcl k eh pcl p g aa r dcl en z ix z v er iy tcl t ay m kcl k ax n tcl s uw m ix ng h#, ɡ ɹ oʊ i ŋ w ɛ l k̚ k ɛ p̚ p ɡ ɑ ɹ d̚ n̩ z ɨ z v ɝ i t̚ t aɪ m k̚ k ə n t̚ s u m ɨ ŋ 
/home/isaac/Projects/Thesis/data/timit/data/TRAIN/DR5/MHMG0/SI735.WAV,h# f ao r ow s tcl t pau q ih n s er tcl m iy tcl th ax m aa m ax tcl t axr dcl d ay ae gcl n ax l iy s ow ix tcl d ah z epi n aa q r eh s tcl t ao n bcl b ow n h#, f ɔ ɹ oʊ s t̚ t  ʔ ɪ n s ɝ t̚ m i t̚ θ ə m ɑ m ə t̚ t ɚ d̚ d aɪ æ ɡ̚ n ə l i s oʊ ɨ t̚ d ʌ z  n ɑ ʔ ɹ ɛ s t̚ t ɔ n b̚ b oʊ n 
/home/isaac/Projects/Thesis/data/timit/data/TRAIN/DR5/MHMG0/SX15.WAV,h# m y ux z iy ax m hh ay axr z epi m y ux z ih sh ix n z eh v r iy iy v n ix ng h#, m j ʉ z i ə m h aɪ ɚ z  m j ʉ z ɪ ʃ ɨ n z ɛ v ɹ i i v n ɨ ŋ 
/home/isaac/Projects/Thesis/data/timit/data/TRAIN/DR5/MHMG0/SX195.WAV,h# w uh dcl jh ux ax l aw ae kcl s ax v ay l ix n s h#, w ʊ d̚ dʒ ʉ ə l aʊ æ k̚ s ə v aɪ l ɨ n s 
/home/isaac/Projects/Thesis/data/timit/data/TRAIN/DR5/FJXM0/SI1211.WAV,h# dh eh r bcl b ey s ix s iy m z dcl d iy pcl p axr dh eh n m ih axr pau ax th ao r ix tcl t iy h#, ð ɛ ɹ b̚ b eɪ s ɨ s i m z d̚ d i p̚ p ɚ ð ɛ n m ɪ ɚ  ə θ ɔ ɹ ɨ t̚ t i 
/home/isaac/Projects/Thesis/data/timit/data/TRAIN/DR5/FJXM0/SX131.WAV,h# w iy pcl p l ae n tcl t ix bcl b ih l q ey n uw bcl b eh v r ix dcl jh pcl p l ae n tcl t h#, w i p̚ p l æ n t̚ t ɨ b̚ b ɪ l ʔ eɪ n u b̚ b ɛ v ɹ ɨ d̚ dʒ p̚ p l æ n t̚ t 
/home/isaac/Projects/Thesis/data/timit/data/TRAIN/DR5/FJXM0/SX41.WAV,h# q eh dx ix kcl k ih tcl pau m ae n dcl d ey tcl t s kcl k ax m pcl p l ay ix n tcl s w ih th q eh gcl g z ih s tcl t ix ng r eh gcl ix l ey sh ix n z h#, ʔ ɛ ɾ ɨ k̚ k ɪ t̚  m æ n d̚ d eɪ t̚ t s k̚ k ə m p̚ p l aɪ ɨ n t̚ s w ɪ θ ʔ ɛ ɡ̚ ɡ z ɪ s t̚ t ɨ ŋ ɹ ɛ ɡ̚ ɨ l eɪ ʃ ɨ n z 
/home/isaac/Projects/Thesis/data/timit/data/TRAIN/DR5/FJXM0/SX311.WAV,h# m ay dcl d iy z ay axr z axr s ih m pcl p el pau g ih v m iy w ah n q ih n f ao r m ix tcl t ax v pcl p ae axr gcl g r ae f ah n ax s ah bcl jh ix kcl h#, m aɪ d̚ d i z aɪ ɚ z ɚ s ɪ m p̚ p l̩  ɡ ɪ v m i w ʌ n ʔ ɪ n f ɔ ɹ m ɨ t̚ t ə v p̚ p æ ɚ ɡ̚ ɡ ɹ æ f ʌ n ə s ʌ b̚ dʒ ɨ k̚ 
/home/isaac/Projects/Thesis/data/timit/data/TRAIN/DR5/FJXM0/SI1971.WAV,h# l eh tcl t s tcl t ey kcl k ax m hv ow m h#, l ɛ t̚ t s t̚ t eɪ k̚ k ə m ɦ oʊ m 
/home/isaac/Projects/Thesis/data/timit/data/TRAIN/DR5/FJXM0/SX401.WAV,h# dh ix tcl t ae kcl k s iy kcl k ae bcl b r ow kcl d aw n q ax n kcl k ao s tcl t tcl t r ae f ix kcl jh ae m h#, ð ɨ t̚ t æ k̚ k s i k̚ k æ b̚ b ɹ oʊ k̚ d aʊ n ʔ ə n k̚ k ɔ s t̚ t t̚ t ɹ æ f ɨ k̚ dʒ æ m 
/home/isaac/Projects/Thesis/data/timit/data/TRAIN/DR5/FJXM0/SI581.WAV,h# s ey hv iy ih z ax hh ao r s th iy f pau r ah n z ax n q ow l q ae dx ix dcl jh h#, s eɪ ɦ i ɪ z ə h ɔ ɹ s θ i f  ɹ ʌ n z ə n ʔ oʊ l ʔ æ ɾ ɨ d̚ dʒ 
/home/isaac/Projects/Thesis/data/timit/data/TRAIN/DR5/FJXM0/SX221.WAV,h# k ao r iy ax tcl t ae kcl dh ax pcl p r aa dcl jh ix kcl k w ix th q eh kcl k s tcl t r ix dcl d ih tcl t er m ix n ey sh en h#, k ɔ ɹ i ə t̚ t æ k̚ ð ə p̚ p ɹ ɑ d̚ dʒ ɨ k̚ k w ɨ θ ʔ ɛ k̚ k s t̚ t ɹ ɨ d̚ d ɪ t̚ t ɝ m ɨ n eɪ ʃ n̩ 
/home/isaac/Projects/Thesis/data/timit/data/TRAIN/DR5/MSDH0/SX170.WAV,h# dh ix m ay ih n iy uh kcl k l ae s ax-h kcl s kcl k aa l axr dcl d ih s ix pcl p ih axr dcl w el s er v ey ix ng q ey n tcl ch ax-h tcl r uw en epi s h#, ð ɨ m aɪ ɪ n i ʊ k̚ k l æ s ə̥ k̚ s k̚ k ɑ l ɚ d̚ d ɪ s ɨ p̚ p ɪ ɚ d̚ w l̩ s ɝ v eɪ ɨ ŋ ʔ eɪ n t̚ tʃ ə̥ t̚ ɹ u n̩  s 
/home/isaac/Projects/Thesis/data/timit/data/TRAIN/DR5/MSDH0/SX350.WAV,h# m ih nx iy w eh l th ix tcl t ay kcl k ux n s pcl p l er dcl jh dcl d ix m bcl b ao tcl b ow th ix y aa tcl q ae nx ax s kcl k ux n axr h#, m ɪ ɾ̃ i w ɛ l θ ɨ t̚ t aɪ k̚ k ʉ n s p̚ p l ɝ d̚ dʒ d̚ d ɨ m b̚ b ɔ t̚ b oʊ θ ɨ j ɑ t̚ ʔ æ ɾ̃ ə s k̚ k ʉ n ɚ 
/home/isaac/Projects/Thesis/data/timit/data/TRAIN/DR5/MSDH0/SX260.WAV,h# r ix m eh m bcl axr tcl t uw ax l aw ay dcl d eh nx ah kcl k el tcl t w ih n z tcl t ax-h q eh nx axr f r iy l iy h#, ɹ ɨ m ɛ m b̚ ɚ t̚ t u ə l aʊ aɪ d̚ d ɛ ɾ̃ ʌ k̚ k l̩ t̚ t w ɪ n z t̚ t ə̥ ʔ ɛ ɾ̃ ɚ f ɹ i l i 
/home/isaac/Projects/Thesis/data/timit/data/TRAIN/DR5/MSDH0/SI2240.WAV,h# w ay n ah tcl ch r ay n ah dh axr kcl k l ah bcl h#, w aɪ n ʌ t̚ tʃ ɹ aɪ n ʌ ð ɚ k̚ k l ʌ b̚ 
/home/isaac/Projects/Thesis/data/timit/data/TRAIN/DR5/MSDH0/SI980.WAV,h# b r ux z ix z ix n bcl b l ae kcl k ay z pau w axr r ix l iy v bcl b ay ae pcl p l ix kcl k ey sh en ax v r ao bcl b iy f s tcl t ey kcl h#, b ɹ ʉ z ɨ z ɨ n b̚ b l æ k̚ k aɪ z  w ɚ ɹ ɨ l i v b̚ b aɪ æ p̚ p l ɨ k̚ k eɪ ʃ n̩ ə v ɹ ɔ b̚ b i f s t̚ t eɪ k̚ 
/home/isaac/Projects/Thesis/data/timit/data/TRAIN/DR5/MSDH0/SX440.WAV,h# dh iy ae dcl v axr tcl t ay z ix ng epi v er s ax v pcl p l ih m ix th v axr ay dx ix s tcl t ao r n eh v axr tcl ch ey n dcl jh ax-h s h#, ð i æ d̚ v ɚ t̚ t aɪ z ɨ ŋ  v ɝ s ə v p̚ p l ɪ m ɨ θ v ɚ aɪ ɾ ɨ s t̚ t ɔ ɹ n ɛ v ɚ t̚ tʃ eɪ n d̚ dʒ ə̥ s 
/home/isaac/Projects/Thesis/data/timit/data/TRAIN/DR5/MSDH0/SX80.WAV,h# hh ix tcl s iy l iy gcl g el tcl t ax-h pcl p ow s tcl d ey dx ix tcl ch eh kcl h#, h ɨ t̚ s i l i ɡ̚ ɡ l̩ t̚ t ə̥ p̚ p oʊ s t̚ d eɪ ɾ ɨ t̚ tʃ ɛ k̚ 
/home/isaac/Projects/Thesis/data/timit/data/TRAIN/DR5/MSDH0/SI2113.WAV,h# hh aw zh y axr l ah kcl k hh ah n iy h#, h aʊ ʒ j ɚ l ʌ k̚ k h ʌ n i 
/home/isaac/Projects/Thesis/data/timit/data/TRAIN/DR5/MWSH0/SI1426.WAV,h# hh ix s ih n y ux ah s epi m eh l ax dcl d iy ih z ax s ao r dx axr v epi n ay iy v pau t r eh n s ih n dcl d ix n tcl s q ax v ao l ax kcl k s pcl er iy ix n tcl t s h#, h ɨ s ɪ n j ʉ ʌ s  m ɛ l ə d̚ d i ɪ z ə s ɔ ɹ ɾ ɚ v  n aɪ i v  t ɹ ɛ n s ɪ n d̚ d ɨ n t̚ s ʔ ə v ɔ l ə k̚ k s p̚ ɝ i ɨ n t̚ t s 
/home/isaac/Projects/Thesis/data/timit/data/TRAIN/DR5/MWSH0/SX166.WAV,h# b aa ao l ix dcl jh ih sh ux z r eh dx iy ow ae kcl t ih v ay s ix tcl t ow pcl s tcl t ix s tcl t ah dx iy m aa kcl k r ax ao r gcl g ix n ix z em epi s h#, b ɑ ɔ l ɨ d̚ dʒ ɪ ʃ ʉ z ɹ ɛ ɾ i oʊ æ k̚ t ɪ v aɪ s ɨ t̚ t oʊ p̚ s t̚ t ɨ s t̚ t ʌ ɾ i m ɑ k̚ k ɹ ə ɔ ɹ ɡ̚ ɡ ɨ n ɨ z m̩  s 
/home/isaac/Projects/Thesis/data/timit/data/TRAIN/DR5/MWSH0/SX346.WAV,h# dh ax bcl b eh er kcl k ux dx ih r iy kcl k ao dcl d f r ax m ax s er pcl p ix n z pcl p oy z en ih s f ae ng gcl s h#, ð ə b̚ b ɛ ɝ k̚ k ʉ ɾ ɪ ɹ i k̚ k ɔ d̚ d f ɹ ə m ə s ɝ p̚ p ɨ n z p̚ p ɔɪ z n̩ ɪ s f æ ŋ ɡ̚ s 
/home/isaac/Projects/Thesis/data/timit/data/TRAIN/DR5/MWSH0/SX256.WAV,h# dh ix aa r ey tcl t ae kcl t axr s tcl t aa m pcl t ax w ey q ih dx iy aa dx ix kcl k l iy h#, ð ɨ ɑ ɹ eɪ t̚ t æ k̚ t ɚ s t̚ t ɑ m p̚ t ə w eɪ ʔ ɪ ɾ i ɑ ɾ ɨ k̚ k l i 
/home/isaac/Projects/Thesis/data/timit/data/TRAIN/DR5/MWSH0/SX76.WAV,h# jh ih n q l iy pcl p l ey s dcl jh ih m z f ow m epi s kcl k ah l tcl ch er pau q ix n dh ax bcl b aa kcl k s h#, dʒ ɪ n ʔ l i p̚ p l eɪ s d̚ dʒ ɪ m z f oʊ m  s k̚ k ʌ l t̚ tʃ ɝ  ʔ ɨ n ð ə b̚ b ɑ k̚ k s 
/home/isaac/Projects/Thesis/data/timit/data/TRAIN/DR5/MWSH0/SX436.WAV,h# p l iy s ih iy ng dcl jh ah s dh ix kcl k l ah bcl pau th iy m h#, p l i s ɪ i ŋ d̚ dʒ ʌ s ð ɨ k̚ k l ʌ b̚  θ i m 
/home/isaac/Projects/Thesis/data/timit/data/TRAIN/DR5/MWSH0/SI796.WAV,h# dh ax f ih l tcl t axr dcl q eh axr bcl b ih nx ix f ih tcl s q ae l axr dcl jh iy z pau q ae z pau m ah pau s aa n ih s pau hh ey f iy v axr h#, ð ə f ɪ l t̚ t ɚ d̚ ʔ ɛ ɚ b̚ b ɪ ɾ̃ ɨ f ɪ t̚ s ʔ æ l ɚ d̚ dʒ i z  ʔ æ z  m ʌ  s ɑ n ɪ s  h eɪ f i v ɚ 
/home/isaac/Projects/Thesis/data/timit/data/TRAIN/DR5/MWSH0/SI2266.WAV,h# hh ih z epi m ae n hv uh dcl hv ae dcl b ih nx ax tcl t ae kcl t h#, h ɪ z  m æ n ɦ ʊ d̚ ɦ æ d̚ b ɪ ɾ̃ ə t̚ t æ k̚ t 
/home/isaac/Projects/Thesis/data/timit/data/TRAIN/DR5/FTLG0/SX33.WAV,h# k ow kcl k ix n ah tcl k r iy m pcl p ay m ey kcl k s ix n ay s dcl d ix z er tcl h#, k oʊ k̚ k ɨ n ʌ t̚ k ɹ i m p̚ p aɪ m eɪ k̚ k s ɨ n aɪ s d̚ d ɨ z ɝ t̚ 
/home/isaac/Projects/Thesis/data/timit/data/TRAIN/DR5/FTLG0/SX393.WAV,h# sh iy y ux z ix z bcl b ow th n ey m z q ih n tcl t axr tcl ch ey n dcl jh ix bcl b l iy h#, ʃ i j ʉ z ɨ z b̚ b oʊ θ n eɪ m z ʔ ɪ n t̚ t ɚ t̚ tʃ eɪ n d̚ dʒ ɨ b̚ b l i 
/home/isaac/Projects/Thesis/data/timit/data/TRAIN/DR5/FTLG0/SI1743.WAV,h# hh iy w eh nx aa n tcl t ux pcl p er s en el bcl b iy kcl k w eh s pau ah l ih s tcl t ah v n ey m z l aa r dcl jh l iy ah n ow n tcl t ix hv ih m h#, h i w ɛ ɾ̃ ɑ n t̚ t ʉ p̚ p ɝ s n̩ l̩ b̚ b i k̚ k w ɛ s  ʌ l ɪ s t̚ t ʌ v n eɪ m z l ɑ ɹ d̚ dʒ l i ʌ n oʊ n t̚ t ɨ ɦ ɪ m 
/home/isaac/Projects/Thesis/data/timit/data/TRAIN/DR5/FTLG0/SX123.WAV,h# ey s kcl k r ux y axr ay v axr q ih z m ey dcl f axr m v aa dcl d kcl k ah q ix n ao r ix n dcl jh ux s h#, eɪ s k̚ k ɹ ʉ j ɚ aɪ v ɚ ʔ ɪ z m eɪ d̚ f ɚ m v ɑ d̚ d k̚ k ʌ ʔ ɨ n ɔ ɹ ɨ n d̚ dʒ ʉ s 
/home/isaac/Projects/Thesis/data/timit/data/TRAIN/DR5/FTLG0/SI483.WAV,h# dh ih s tcl t ae f dcl d ix z er z ah l aa tcl q ah v kcl k r eh dx ih q w er kcl k iy ng dcl d aw n hv ih er q ah n dcl d er r ih l q aa bcl s tcl t ix kcl k el z h#, ð ɪ s t̚ t æ f d̚ d ɨ z ɝ z ʌ l ɑ t̚ ʔ ʌ v k̚ k ɹ ɛ ɾ ɪ ʔ w ɝ k̚ k i ŋ d̚ d aʊ n ɦ ɪ ɝ ʔ ʌ n d̚ d ɝ ɹ ɪ l ʔ ɑ b̚ s t̚ t ɨ k̚ k l̩ z 
/home/isaac/Projects/Thesis/data/timit/data/TRAIN/DR5/FTLG0/SX213.WAV,h# dh ix n ux z ey dcl jh ix n s iy hv ay er dx ey gcl g r ey tcl jh er nx ax l ix s tcl h#, ð ɨ n ʉ z eɪ d̚ dʒ ɨ n s i ɦ aɪ ɝ ɾ eɪ ɡ̚ ɡ ɹ eɪ t̚ dʒ ɝ ɾ̃ ə l ɨ s t̚ 
/home/isaac/Projects/Thesis/data/timit/data/TRAIN/DR5/FTLG0/SI840.WAV,h# k ax m pcl p l eh kcl k s ix tcl t iy ah v kcl k em pcl p l iy tcl m aa r kcl k ix dx iy ng pcl p l ae nx ix ng h#, k ə m p̚ p l ɛ k̚ k s ɨ t̚ t i ʌ v k̚ k m̩ p̚ p l i t̚ m ɑ ɹ k̚ k ɨ ɾ i ŋ p̚ p l æ ɾ̃ ɨ ŋ 
/home/isaac/Projects/Thesis/data/timit/data/TRAIN/DR5/FTLG0/SX303.WAV,h# dh ah bcl b l ux dcl jh ey f l ux ow v axr dh ax hv ay bcl b ih l dcl ix ng h#, ð ʌ b̚ b l ʉ d̚ dʒ eɪ f l ʉ oʊ v ɚ ð ə ɦ aɪ b̚ b ɪ l d̚ ɨ ŋ 
/home/isaac/Projects/Thesis/data/timit/data/TRAIN/DR5/FMPG0/SI972.WAV,h# w iy s eh n s ah v el s pau s iy m ae tcl pau n ey ix l z q eh ng kcl k ao r ix gcl g ey dx ih dcl d q ao r n f ah r ux f s h#, w i s ɛ n s ʌ v l̩ s  s i m æ t̚  n eɪ ɨ l z ʔ ɛ ŋ k̚ k ɔ ɹ ɨ ɡ̚ ɡ eɪ ɾ ɪ d̚ d ʔ ɔ ɹ n f ʌ ɹ ʉ f s 
/home/isaac/Projects/Thesis/data/timit/data/TRAIN/DR5/FMPG0/SX72.WAV,h# s pcl p r ih ng s tcl t r iy dx ih s tcl t r ey f ah hh ey eh dcl h#, s p̚ p ɹ ɪ ŋ s t̚ t ɹ i ɾ ɪ s t̚ t ɹ eɪ f ʌ h eɪ ɛ d̚ 
/home/isaac/Projects/Thesis/data/timit/data/TRAIN/DR5/FMPG0/SX252.WAV,h# dh ih gcl g ao r dcl jh ix s bcl b ah dx axr f l ay q ey dcl d ax l aa dcl d ax v n eh kcl t axr h#, ð ɪ ɡ̚ ɡ ɔ ɹ d̚ dʒ ɨ s b̚ b ʌ ɾ ɚ f l aɪ ʔ eɪ d̚ d ə l ɑ d̚ d ə v n ɛ k̚ t ɚ 
/home/isaac/Projects/Thesis/data/timit/data/TRAIN/DR5/FMPG0/SI2232.WAV,h# f ay tcl s pcl p r eh ng ah pcl p ix q eh n w axr kcl k w ih kcl k l iy s kcl k w eh l tcl ch tcl t h#, f aɪ t̚ s p̚ p ɹ ɛ ŋ ʌ p̚ p ɨ ʔ ɛ n w ɚ k̚ k w ɪ k̚ k l i s k̚ k w ɛ l t̚ tʃ t̚ t 
/home/isaac/Projects/Thesis/data/timit/data/TRAIN/DR5/FMPG0/SX342.WAV,h# t ey kcl ch aa r dcl jh ih v tcl ch ux z ix ng hh er bcl b r ay dcl d z m ey dcl z gcl g y aw ax n z h#, t eɪ k̚ tʃ ɑ ɹ d̚ dʒ ɪ v t̚ tʃ ʉ z ɨ ŋ h ɝ b̚ b ɹ aɪ d̚ d z m eɪ d̚ z ɡ̚ ɡ j aʊ ə n z 
/home/isaac/Projects/Thesis/data/timit/data/TRAIN/DR5/FMPG0/SX432.WAV,h# k ao f iy ih z gcl g r ow nx ow n s tcl t iy pcl jh ah ng gcl g el l ay kcl k s l ow pcl p s ih n tcl t eh m pcl p r ih tcl z ow n z h#, k ɔ f i ɪ z ɡ̚ ɡ ɹ oʊ ɾ̃ oʊ n s t̚ t i p̚ dʒ ʌ ŋ ɡ̚ ɡ l̩ l aɪ k̚ k s l oʊ p̚ p s ɪ n t̚ t ɛ m p̚ p ɹ ɪ t̚ z oʊ n z 
/home/isaac/Projects/Thesis/data/timit/data/TRAIN/DR5/FMPG0/SX162.WAV,h# hh er q ao bcl b ah n hv ey axr r iy m ay n dcl d ih dcl d hh ih ax m ah v q ao dx ax m l iy v s h#, h ɝ ʔ ɔ b̚ b ʌ n ɦ eɪ ɚ ɹ i m aɪ n d̚ d ɪ d̚ d h ɪ ə m ʌ v ʔ ɔ ɾ ə m l i v s 
/home/isaac/Projects/Thesis/data/timit/data/TRAIN/DR5/FMPG0/SI1602.WAV,h# hh ih z s w iy tcl t hh w ih s pcl p axr kcl k ey m ae f tcl t ix gcl g r ey tcl t q eh f axr tcl h#, h ɪ z s w i t̚ t h w ɪ s p̚ p ɚ k̚ k eɪ m æ f t̚ t ɨ ɡ̚ ɡ ɹ eɪ t̚ t ʔ ɛ f ɚ t̚ 
/home/isaac/Projects/Thesis/data/timit/data/TRAIN/DR5/MEGJ0/SI707.WAV,h# dh iy aa v ix kcl k aa dx uh sh uh dx ae v ey gcl g ih v tcl t ux ih tcl t pau ae zh y ux hv ow l dcl d ih tcl t pau w ix n ih dx ih z r ay pcl h#, ð i ɑ v ɨ k̚ k ɑ ɾ ʊ ʃ ʊ ɾ æ v eɪ ɡ̚ ɡ ɪ v t̚ t ʉ ɪ t̚ t  æ ʒ j ʉ ɦ oʊ l d̚ d ɪ t̚ t  w ɨ n ɪ ɾ ɪ z ɹ aɪ p̚ 
/home/isaac/Projects/Thesis/data/timit/data/TRAIN/DR5/MEGJ0/SX3.WAV,h# dh ih s w uh z iy z iy f ao r ah s h#, ð ɪ s w ʊ z i z i f ɔ ɹ ʌ s 
/home/isaac/Projects/Thesis/data/timit/data/TRAIN/DR5/MEGJ0/SI1967.WAV,h# t w eh l v ax kcl k l aa kcl k l eh v el h#, t w ɛ l v ə k̚ k l ɑ k̚ k l ɛ v l̩ 
/home/isaac/Projects/Thesis/data/timit/data/TRAIN/DR5/MEGJ0/SI1337.WAV,h# dh ih s w ax z tcl ch iy f l iy bcl b ix kcl k ao z ix dh ax bcl b l uw ix sh epi w ay tcl t pau q ao dx ow pau f l ao r eh s ax n s pau f r ah m dh ax s eh l z h#, ð ɪ s w ə z t̚ tʃ i f l i b̚ b ɨ k̚ k ɔ z ɨ ð ə b̚ b l u ɨ ʃ  w aɪ t̚ t  ʔ ɔ ɾ oʊ  f l ɔ ɹ ɛ s ə n s  f ɹ ʌ m ð ə s ɛ l z 
/home/isaac/Projects/Thesis/data/timit/data/TRAIN/DR5/MEGJ0/SX77.WAV,h# b ae gcl p ay pcl p s ae n bcl b aa ng gcl g ow z aa r m y ux z ix kcl k el ih n s tcl t axr m ix n tcl s h#, b æ ɡ̚ p aɪ p̚ p s æ n b̚ b ɑ ŋ ɡ̚ ɡ oʊ z ɑ ɹ m j ʉ z ɨ k̚ k l̩ ɪ n s t̚ t ɚ m ɨ n t̚ s 
/home/isaac/Projects/Thesis/data/timit/data/TRAIN/DR5/MEGJ0/SX437.WAV,h# dh ey y ux z dcl d ah n ix gcl g r eh s ix v pcl p ow l iy s epi m ax n tcl t ux f l ae gcl th ao q l ax s epi m ow dx axr s h#, ð eɪ j ʉ z d̚ d ʌ n ɨ ɡ̚ ɡ ɹ ɛ s ɨ v p̚ p oʊ l i s  m ə n t̚ t ʉ f l æ ɡ̚ θ ɔ ʔ l ə s  m oʊ ɾ ɚ s 
/home/isaac/Projects/Thesis/data/timit/data/TRAIN/DR5/MEGJ0/SX257.WAV,h# w iy ao r ow pcl p ix n eh v r iy m ah n dcl d iy ix v n iy ng h#, w i ɔ ɹ oʊ p̚ p ɨ n ɛ v ɹ i m ʌ n d̚ d i ɨ v n i ŋ 
/home/isaac/Projects/Thesis/data/timit/data/TRAIN/DR5/MEGJ0/SX167.WAV,h# ix m pcl p l oy iy l ey ao f s kcl k ow ax n s ay dx ix dcl w ih th iy pau k ah m pcl p n iy z epi r iy ao gcl n ix z ey sh en h#, ɨ m p̚ p l ɔɪ i l eɪ ɔ f s k̚ k oʊ ə n s aɪ ɾ ɨ d̚ w ɪ θ i  k ʌ m p̚ p n i z  ɹ i ɔ ɡ̚ n ɨ z eɪ ʃ n̩ 
/home/isaac/Projects/Thesis/data/timit/data/TRAIN/DR5/MJRG0/SI1366.WAV,h# q aa r kcl k ae m pcl p ax s pau ax n f ao r tcl ch ah n q l iy pau q ow n z n ow f ih l m s h#, ʔ ɑ ɹ k̚ k æ m p̚ p ə s  ə n f ɔ ɹ t̚ tʃ ʌ n ʔ l i  ʔ oʊ n z n oʊ f ɪ l m s 
/home/isaac/Projects/Thesis/data/timit/data/TRAIN/DR5/MJRG0/SX16.WAV,h# ey r ow l ax v w ay er l ey n ih ax dh ax w ao l h#, eɪ ɹ oʊ l ə v w aɪ ɝ l eɪ n ɪ ə ð ə w ɔ l 
/home/isaac/Projects/Thesis/data/timit/data/TRAIN/DR5/MJRG0/SX352.WAV,h# ax kcl k ao r dx iy gcl dcl d ix m ay ih n tcl t axr pcl p ix tcl t ey sh en ax dh ix pcl p r aa bcl b em pau t ux l ay n z m ah s bcl b iy pcl p axr pcl p ix n dcl d ih kcl k ux l axr h#, ə k̚ k ɔ ɹ ɾ i ɡ̚ d̚ d ɨ m aɪ ɪ n t̚ t ɚ p̚ p ɨ t̚ t eɪ ʃ n̩ ə ð ɨ p̚ p ɹ ɑ b̚ b m̩  t ʉ l aɪ n z m ʌ s b̚ b i p̚ p ɚ p̚ p ɨ n d̚ d ɪ k̚ k ʉ l ɚ 
/home/isaac/Projects/Thesis/data/timit/data/TRAIN/DR5/MJRG0/SX286.WAV,h# ix n eh v r iy m ey dcl jh axr kcl k l ow v axr l iy f pau t r ae f ix kcl k s ah m tcl t aa m z gcl g eh tcl s bcl b ae kcl t ah pcl h#, ɨ n ɛ v ɹ i m eɪ d̚ dʒ ɚ k̚ k l oʊ v ɚ l i f  t ɹ æ f ɨ k̚ k s ʌ m t̚ t ɑ m z ɡ̚ ɡ ɛ t̚ s b̚ b æ k̚ t ʌ p̚ 
/home/isaac/Projects/Thesis/data/timit/data/TRAIN/DR5/MJRG0/SX376.WAV,h# w ih m ix n m ey n eh v axr bcl b iy kcl k ah m kcl k em pcl p l iy q l iy q iy kcl k w ax l tcl t ax-h m eh n h#, w ɪ m ɨ n m eɪ n ɛ v ɚ b̚ b i k̚ k ʌ m k̚ k m̩ p̚ p l i ʔ l i ʔ i k̚ k w ə l t̚ t ə̥ m ɛ n 
/home/isaac/Projects/Thesis/data/timit/data/TRAIN/DR5/MJRG0/SI736.WAV,h# q ao l s ow m ey kcl k sh er th axr m aa m ax dx axr dcl d ix z n aa tcl t ah tcl ch dh ax r ih v aa v iy ng s pcl p ix tcl pau q ao r hh ih tcl dh ax kcl k ow l s h#, ʔ ɔ l s oʊ m eɪ k̚ k ʃ ɝ θ ɚ m ɑ m ə ɾ ɚ d̚ d ɨ z n ɑ t̚ t ʌ t̚ tʃ ð ə ɹ ɪ v ɑ v i ŋ s p̚ p ɨ t̚  ʔ ɔ ɹ h ɪ t̚ ð ə k̚ k oʊ l s 
/home/isaac/Projects/Thesis/data/timit/data/TRAIN/DR5/MJRG0/SI1996.WAV,h# y ux sh el s iy hv er ix tcl d ih nx er h#, j ʉ ʃ l̩ s i ɦ ɝ ɨ t̚ d ɪ ɾ̃ ɝ 
/home/isaac/Projects/Thesis/data/timit/data/TRAIN/DR5/MJRG0/SX106.WAV,h# q ey hh y ux tcl ch tcl t ae pcl p ix s tcl t r iy hh ah ng ix n er hh ao l w ey h#, ʔ eɪ h j ʉ t̚ tʃ t̚ t æ p̚ p ɨ s t̚ t ɹ i h ʌ ŋ ɨ n ɝ h ɔ l w eɪ 
/home/isaac/Projects/Thesis/data/timit/data/TRAIN/DR5/FTBW0/SX355.WAV,h# d aa l f ih n z aa r ih n tcl t eh l ax dcl jh ih q m er r iy n m ae m el s h#, d ɑ l f ɪ n z ɑ ɹ ɪ n t̚ t ɛ l ə d̚ dʒ ɪ ʔ m ɝ ɹ i n m æ m l̩ s 
/home/isaac/Projects/Thesis/data/timit/data/TRAIN/DR5/FTBW0/SI715.WAV,h# f ao r m iy ih tcl t hv ae z epi m ao r ax v bcl b ow th eh l ax m ax n tcl s dh ix n dh ax m ix dcl jh ao axr dx iy ih v ix q s kcl k ix m pcl p eh dx axr dx axr s h#, f ɔ ɹ m i ɪ t̚ t ɦ æ z  m ɔ ɹ ə v b̚ b oʊ θ ɛ l ə m ə n t̚ s ð ɨ n ð ə m ɨ d̚ dʒ ɔ ɚ ɾ i ɪ v ɨ ʔ s k̚ k ɨ m p̚ p ɛ ɾ ɚ ɾ ɚ s 
/home/isaac/Projects/Thesis/data/timit/data/TRAIN/DR5/FTBW0/SX445.WAV,h# w ah dx ih z ix s epi l aa r dcl jh th ih ng bcl b ay dh ax q aa er n ix ng bcl b ow r dcl h#, w ʌ ɾ ɪ z ɨ s  l ɑ ɹ d̚ dʒ θ ɪ ŋ b̚ b aɪ ð ə ʔ ɑ ɝ n ɨ ŋ b̚ b oʊ ɹ d̚ 
/home/isaac/Projects/Thesis/data/timit/data/TRAIN/DR5/FTBW0/SX85.WAV,h# s ix m eh n q ih z epi m eh zh er dcl d ih n kcl k y ux bcl b ih kcl k y ao r dcl d z h#, s ɨ m ɛ n ʔ ɪ z  m ɛ ʒ ɝ d̚ d ɪ n k̚ k j ʉ b̚ b ɪ k̚ k j ɔ ɹ d̚ d z 
/home/isaac/Projects/Thesis/data/timit/data/TRAIN/DR5/FTBW0/SI1345.WAV,h# t ao s ih dcl d ay ix n tcl t ih l ax n q ey s ix pcl p ih axr z h#, t ɔ s ɪ d̚ d aɪ ɨ n t̚ t ɪ l ə n ʔ eɪ s ɨ p̚ p ɪ ɚ z 
/home/isaac/Projects/Thesis/data/timit/data/TRAIN/DR5/FTBW0/SX175.WAV,h# s ax v ih er m ay ow pcl p iy ah kcl k ix n tcl t r ih bcl b ux dx ih dcl t ux r aa n z ix n f ih er ix ao axr dx iy kcl k aa m pcl p l eh kcl s h#, s ə v ɪ ɝ m aɪ oʊ p̚ p i ʌ k̚ k ɨ n t̚ t ɹ ɪ b̚ b ʉ ɾ ɪ d̚ t ʉ ɹ ɑ n z ɨ n f ɪ ɝ ɨ ɔ ɚ ɾ i k̚ k ɑ m p̚ p l ɛ k̚ s 
/home/isaac/Projects/Thesis/data/timit/data/TRAIN/DR5/FTBW0/SI1975.WAV,h# q ey l aa r dcl jh pcl p iy s ix v ih n jh ih n kcl k aw l ix ng v ae n ix sh tcl t h#, ʔ eɪ l ɑ ɹ d̚ dʒ p̚ p i s ɨ v ɪ n dʒ ɪ n k̚ k aʊ l ɨ ŋ v æ n ɨ ʃ t̚ t 
/home/isaac/Projects/Thesis/data/timit/data/TRAIN/DR5/FTBW0/SX265.WAV,h# dh ix s ao ih z bcl b r ow kcl k ix n s ax tcl ch aa pcl dh ax w uh dcl d en s tcl t eh ah dcl h#, ð ɨ s ɔ ɪ z b̚ b ɹ oʊ k̚ k ɨ n s ə t̚ tʃ ɑ p̚ ð ə w ʊ d̚ d n̩ s t̚ t ɛ ʌ d̚ 
/home/isaac/Projects/Thesis/data/timit/data/TRAIN/DR5/MRAV0/SX378.WAV,h# q aa dcl jh ih s ao dcl jh ih m n ih r dh iy n ux q aa r kcl k iy el l aa dcl jh ax-h kcl k el m ux z iy ah m h#, ʔ ɑ d̚ dʒ ɪ s ɔ d̚ dʒ ɪ m n ɪ ɹ ð i n ʉ ʔ ɑ ɹ k̚ k i l̩ l ɑ d̚ dʒ ə̥ k̚ k l̩ m ʉ z i ʌ m 
/home/isaac/Projects/Thesis/data/timit/data/TRAIN/DR5/MRAV0/SX18.WAV,h# q ae l ax m ow n iy hh aa r m z ey dcl d ix v ao r s tcl m ae n z w eh l th h#, ʔ æ l ə m oʊ n i h ɑ ɹ m z eɪ d̚ d ɨ v ɔ ɹ s t̚ m æ n z w ɛ l θ 
/home/isaac/Projects/Thesis/data/timit/data/TRAIN/DR5/MRAV0/SI2268.WAV,h# n iy dcl d l ax s tcl t ax s ey m aa q aa r tcl s ah f axr dcl d r ae s ix kcl k l iy dcl d er ix ng dh ix s tcl t axr bcl b ix l ax n tcl p ih r iy ix dcl h#, n i d̚ d l ə s t̚ t ə s eɪ m ɑ ʔ ɑ ɹ t̚ s ʌ f ɚ d̚ d ɹ æ s ɨ k̚ k l i d̚ d ɝ ɨ ŋ ð ɨ s t̚ t ɚ b̚ b ɨ l ə n t̚ p ɪ ɹ i ɨ d̚ 
/home/isaac/Projects/Thesis/data/timit/data/TRAIN/DR5/MRAV0/SX108.WAV,h# hh ih s kcl k ae l pcl w ax z bcl b l ih s axr dcl f r ax m tcl t ix dcl d ey z hh aa tcl s ah n h#, h ɪ s k̚ k æ l p̚ w ə z b̚ b l ɪ s ɚ d̚ f ɹ ə m t̚ t ɨ d̚ d eɪ z h ɑ t̚ s ʌ n 
/home/isaac/Projects/Thesis/data/timit/data/TRAIN/DR5/MRAV0/SX198.WAV,h# n ow w iy dcl jh ix n s epi w eh dx er z axr m ey dcl d ah v l ae m z w ow l h#, n oʊ w i d̚ dʒ ɨ n s  w ɛ ɾ ɝ z ɚ m eɪ d̚ d ʌ v l æ m z w oʊ l 
/home/isaac/Projects/Thesis/data/timit/data/TRAIN/DR5/MRAV0/SI1638.WAV,h# w ah tcl p ax z eh s tcl ch ux tcl t ix tcl t eh l m ih ey kcl k l ow z hh ao r s epi w ix dcl b iy eh gcl g ih dx ah dcl d iy ah h#, w ʌ t̚ p ə z ɛ s t̚ tʃ ʉ t̚ t ɨ t̚ t ɛ l m ɪ eɪ k̚ k l oʊ z h ɔ ɹ s  w ɨ d̚ b i ɛ ɡ̚ ɡ ɪ ɾ ʌ d̚ d i ʌ 
/home/isaac/Projects/Thesis/data/timit/data/TRAIN/DR5/MRAV0/SX288.WAV,h# b r ah sh f aa axr z axr kcl k aa m ix n ix n dh ax dcl d r ay q ah n d axr bcl b r ah sh ax v n ax v aa dcl d ax h#, b ɹ ʌ ʃ f ɑ ɚ z ɚ k̚ k ɑ m ɨ n ɨ n ð ə d̚ d ɹ aɪ ʔ ʌ n d ɚ b̚ b ɹ ʌ ʃ ə v n ə v ɑ d̚ d ə 
/home/isaac/Projects/Thesis/data/timit/data/TRAIN/DR5/MRAV0/SI1008.WAV,h# ch ih s epi n ah tcl t s q ax r s tcl t er tcl ch iy h#, tʃ ɪ s  n ʌ t̚ t s ʔ ə ɹ s t̚ t ɝ t̚ tʃ i 
/home/isaac/Projects/Thesis/data/timit/data/TRAIN/DR5/MDWH0/SX125.WAV,h# w eh s tcl ch eh s tcl t er ih z ix kcl k aw nx iy ih n ux y ao r kcl h#, w ɛ s t̚ tʃ ɛ s t̚ t ɝ ɪ z ɨ k̚ k aʊ ɾ̃ i ɪ n ʉ j ɔ ɹ k̚ 
/home/isaac/Projects/Thesis/data/timit/data/TRAIN/DR5/MDWH0/SI665.WAV,h# m iy n w ay l dh ih q eh n ax m iy w uh l kcl k ae pcl p ix dx ax l ay z q ao nx aa r f iy axr z ih f iy kcl k ae n h#, m i n w aɪ l ð ɪ ʔ ɛ n ə m i w ʊ l k̚ k æ p̚ p ɨ ɾ ə l aɪ z ʔ ɔ ɾ̃ ɑ ɹ f i ɚ z ɪ f i k̚ k æ n 
/home/isaac/Projects/Thesis/data/timit/data/TRAIN/DR5/MDWH0/SI1925.WAV,h# s ow w ah tcl t s epi dh ih s ao l ah bcl b aw q h#, s oʊ w ʌ t̚ t s  ð ɪ s ɔ l ʌ b̚ b aʊ ʔ 
/home/isaac/Projects/Thesis/data/timit/data/TRAIN/DR5/MDWH0/SX215.WAV,h# dh ax s er m ix n q eh m pcl f ax s ay z dcl dh ix n iy dcl f ao r f er m ix dx ih v ae kcl sh en h#, ð ə s ɝ m ɨ n ʔ ɛ m p̚ f ə s aɪ z d̚ ð ɨ n i d̚ f ɔ ɹ f ɝ m ɨ ɾ ɪ v æ k̚ ʃ n̩ 
/home/isaac/Projects/Thesis/data/timit/data/TRAIN/DR5/MDWH0/SX35.WAV,h# hh eh l pcl s eh l ax bcl b r ey tcl y axr bcl b r ah dh axr s ix kcl k s eh s h#, h ɛ l p̚ s ɛ l ə b̚ b ɹ eɪ t̚ j ɚ b̚ b ɹ ʌ ð ɚ s ɨ k̚ k s ɛ s 
/home/isaac/Projects/Thesis/data/timit/data/TRAIN/DR5/MDWH0/SX305.WAV,h# k aa dx ih dcl jh tcl ch iy z w ix th tcl ch ay v z pau q ih z dcl d ax l ih sh ix s h#, k ɑ ɾ ɪ d̚ dʒ t̚ tʃ i z w ɨ θ t̚ tʃ aɪ v z  ʔ ɪ z d̚ d ə l ɪ ʃ ɨ s 
/home/isaac/Projects/Thesis/data/timit/data/TRAIN/DR5/MDWH0/SX395.WAV,h# ay tcl t uh kcl k hh axr w er dcl f ao r ih tcl pau b ah dx ih sh iy r ih l iy gcl g ow ix ng w ix th y ux h#, aɪ t̚ t ʊ k̚ k h ɚ w ɝ d̚ f ɔ ɹ ɪ t̚  b ʌ ɾ ɪ ʃ i ɹ ɪ l i ɡ̚ ɡ oʊ ɨ ŋ w ɨ θ j ʉ 
/home/isaac/Projects/Thesis/data/timit/data/TRAIN/DR5/MDWH0/SI1168.WAV,h# q ih tcl t ey kcl k s ix gcl g r ey tcl d iy l ax v s ax f ih s tcl t ix kcl k ey dx ih dcl th ao tcl t ix gcl g ih tcl dh iy ih m pcl p ae kcl t ax v dh ih s f ae kcl t h#, ʔ ɪ t̚ t eɪ k̚ k s ɨ ɡ̚ ɡ ɹ eɪ t̚ d i l ə v s ə f ɪ s t̚ t ɨ k̚ k eɪ ɾ ɪ d̚ θ ɔ t̚ t ɨ ɡ̚ ɡ ɪ t̚ ð i ɪ m p̚ p æ k̚ t ə v ð ɪ s f æ k̚ t 
/home/isaac/Projects/Thesis/data/timit/data/TRAIN/DR5/MCLM0/SX16.WAV,h# q ey r ow l el v w ay axr l ey n ih axr dh ax w ao l h#, ʔ eɪ ɹ oʊ l l̩ v w aɪ ɚ l eɪ n ɪ ɚ ð ə w ɔ l 
/home/isaac/Projects/Thesis/data/timit/data/TRAIN/DR5/MCLM0/SI1456.WAV,h# dh iy z eh er axr gcl g ae sh bcl b ah bcl b ax sh epi m ey kcl k hh ay l ix f ah ng kcl sh epi en el th er m el bcl b eh r ix axr z h#, ð i z ɛ ɝ ɚ ɡ̚ ɡ æ ʃ b̚ b ʌ b̚ b ə ʃ  m eɪ k̚ k h aɪ l ɨ f ʌ ŋ k̚ ʃ  n̩ l̩ θ ɝ m l̩ b̚ b ɛ ɹ ɨ ɚ z 
/home/isaac/Projects/Thesis/data/timit/data/TRAIN/DR5/MCLM0/SI2086.WAV,h# ae bcl b s el uw sh en f ao r hv ix z l ay hh h#, æ b̚ b s l̩ u ʃ n̩ f ɔ ɹ ɦ ɨ z l aɪ h 
/home/isaac/Projects/Thesis/data/timit/data/TRAIN/DR5/MCLM0/SI826.WAV,h# k ao sh en kcl k en tcl t ih n y ux s ix dcl m ih nx ax sh tcl t r ey sh en ix z epi n aa dcl r eh kcl k em eh n d ix f ax l ae kcl t ey dx eng kcl k aw z h#, k ɔ ʃ n̩ k̚ k n̩ t̚ t ɪ n j ʉ s ɨ d̚ m ɪ ɾ̃ ə ʃ t̚ t ɹ eɪ ʃ n̩ ɨ z  n ɑ d̚ ɹ ɛ k̚ k m̩ ɛ n d ɨ f ə l æ k̚ t eɪ ɾ ŋ̍ k̚ k aʊ z 
/home/isaac/Projects/Thesis/data/timit/data/TRAIN/DR5/MCLM0/SX286.WAV,h# q ih nx eh v r ih m ey dcl jh axr kcl k l ow v axr l iy f tcl t r ae f ix kcl k s ah m tcl t ay m z gcl g eh tcl s bcl b ae kcl t ah pcl p h#, ʔ ɪ ɾ̃ ɛ v ɹ ɪ m eɪ d̚ dʒ ɚ k̚ k l oʊ v ɚ l i f t̚ t ɹ æ f ɨ k̚ k s ʌ m t̚ t aɪ m z ɡ̚ ɡ ɛ t̚ s b̚ b æ k̚ t ʌ p̚ p 
/home/isaac/Projects/Thesis/data/timit/data/TRAIN/DR5/MCLM0/SX376.WAV,h# w ih m ix n m ey n eh v axr bcl b ix kcl k ah ng kcl k ax m pcl p l iy tcl l iy kcl k w el tcl t ax m eh n h#, w ɪ m ɨ n m eɪ n ɛ v ɚ b̚ b ɨ k̚ k ʌ ŋ k̚ k ə m p̚ p l i t̚ l i k̚ k w l̩ t̚ t ə m ɛ n 
/home/isaac/Projects/Thesis/data/timit/data/TRAIN/DR5/MCLM0/SX196.WAV,h# hh aw dcl d ux q ao r sh tcl ch axr zh epi m ey kcl p er l dcl d z h#, h aʊ d̚ d ʉ ʔ ɔ ɹ ʃ t̚ tʃ ɚ ʒ  m eɪ k̚ p ɝ l d̚ d z 
/home/isaac/Projects/Thesis/data/timit/data/TRAIN/DR5/MCLM0/SX106.WAV,h# q eh hv y ux dcl jh tcl t ae pcl p ix sh tcl t r ix hv ah ng ix nx axr hh ah l w ey h#, ʔ ɛ ɦ j ʉ d̚ dʒ t̚ t æ p̚ p ɨ ʃ t̚ t ɹ ɨ ɦ ʌ ŋ ɨ ɾ̃ ɚ h ʌ l w eɪ 
/home/isaac/Projects/Thesis/data/timit/data/TRAIN/DR5/MJXA0/SX67.WAV,h# l ae s tcl ch ih axr z gcl g ae sh ao r dx ix dcl jh kcl k ao s tcl t iy pcl p r ay s ix n kcl k r iy s ix s h#, l æ s t̚ tʃ ɪ ɚ z ɡ̚ ɡ æ ʃ ɔ ɹ ɾ ɨ d̚ dʒ k̚ k ɔ s t̚ t i p̚ p ɹ aɪ s ɨ n k̚ k ɹ i s ɨ s 
/home/isaac/Projects/Thesis/data/timit/data/TRAIN/DR5/MJXA0/SI1507.WAV,h# dh ax w ao l z bcl b ow l dcl jh dcl dh ax f l ao r tcl t r eh m bcl b el dcl d pau dh ax w ih n dcl d ax pcl p ey n z r ae dx ax l dcl d h#, ð ə w ɔ l z b̚ b oʊ l d̚ dʒ d̚ ð ə f l ɔ ɹ t̚ t ɹ ɛ m b̚ b l̩ d̚ d  ð ə w ɪ n d̚ d ə p̚ p eɪ n z ɹ æ ɾ ə l d̚ d 
/home/isaac/Projects/Thesis/data/timit/data/TRAIN/DR5/MJXA0/SX157.WAV,h# r ih m ux dh ix s pcl p l ih nx er w ax th pcl p eh axr tcl t w iy z axr z h#, ɹ ɪ m ʉ ð ɨ s p̚ p l ɪ ɾ̃ ɝ w ə θ p̚ p ɛ ɚ t̚ t w i z ɚ z 
/home/isaac/Projects/Thesis/data/timit/data/TRAIN/DR5/MJXA0/SX427.WAV,h# q eh v r iy kcl k ae bcl n iy dcl t r iy pcl p ey n q en ao f tcl t en h#, ʔ ɛ v ɹ i k̚ k æ b̚ n i d̚ t ɹ i p̚ p eɪ n ʔ n̩ ɔ f t̚ t n̩ 
/home/isaac/Projects/Thesis/data/timit/data/TRAIN/DR5/MJXA0/SX247.WAV,h# dh ax s ih gcl axr eh tcl t s ix n dh ax kcl k l ey ae sh tcl t r ey ow v axr f l ow dx ao n tcl t ux dh iy ow kcl t ey bcl b el h#, ð ə s ɪ ɡ̚ ɚ ɛ t̚ t s ɨ n ð ə k̚ k l eɪ æ ʃ t̚ t ɹ eɪ oʊ v ɚ f l oʊ ɾ ɔ n t̚ t ʉ ð i oʊ k̚ t eɪ b̚ b l̩ 
/home/isaac/Projects/Thesis/data/timit/data/TRAIN/DR5/MJXA0/SI877.WAV,h# dh ax f ih gcl y er f aa v ix z ax m pcl p ao r dx eh n ix n ix n sh axr ax n tcl t s h#, ð ə f ɪ ɡ̚ j ɝ f ɑ v ɨ z ə m p̚ p ɔ ɹ ɾ ɛ n ɨ n ɨ n ʃ ɚ ə n t̚ t s 
/home/isaac/Projects/Thesis/data/timit/data/TRAIN/DR5/MJXA0/SX337.WAV,h# b aa bcl b ae n ix dcl jh dcl b ow th epi w ux n z w ix dh s kcl k ix l ax v ax dcl d aa kcl t axr h#, b ɑ b̚ b æ n ɨ d̚ dʒ d̚ b oʊ θ  w ʉ n z w ɨ ð s k̚ k ɨ l ə v ə d̚ d ɑ k̚ t ɚ 
/home/isaac/Projects/Thesis/data/timit/data/TRAIN/DR5/MJXA0/SI2137.WAV,h# dh iy ay ih z ao l pau ih n w er dx axr q aw tcl w axr dcl h#, ð i aɪ ɪ z ɔ l  ɪ n w ɝ ɾ ɚ ʔ aʊ t̚ w ɚ d̚ 
/home/isaac/Projects/Thesis/data/timit/data/TRAIN/DR5/FDMY0/SI1197.WAV,h# t r ae n s pcl p ae r ix n q l uh kcl k pau w ae kcl s iy s kcl k ih n pau k uh dcl d w eh l bcl b iy y er r iy m iy ah h#, t ɹ æ n s p̚ p æ ɹ ɨ n ʔ l ʊ k̚ k  w æ k̚ s i s k̚ k ɪ n  k ʊ d̚ d w ɛ l b̚ b i j ɝ ɹ i m i ʌ 
/home/isaac/Projects/Thesis/data/timit/data/TRAIN/DR5/FDMY0/SX117.WAV,h# dh ax m ey ng gcl g ow pau q ae n dh ax pcl p ax pcl p ay y ax q aa r q ih n q ah bcl b ow h#, ð ə m eɪ ŋ ɡ̚ ɡ oʊ  ʔ æ n ð ə p̚ p ə p̚ p aɪ j ə ʔ ɑ ɹ ʔ ɪ n ʔ ʌ b̚ b oʊ 
/home/isaac/Projects/Thesis/data/timit/data/TRAIN/DR5/FDMY0/SX297.WAV,h# r aa kcl k ix n r ow l m y ux z iy kcl k hh ae z q ax gcl g r ey tcl pau r ih dh ax m h#, ɹ ɑ k̚ k ɨ n ɹ oʊ l m j ʉ z i k̚ k h æ z ʔ ə ɡ̚ ɡ ɹ eɪ t̚  ɹ ɪ ð ə m 
/home/isaac/Projects/Thesis/data/timit/data/TRAIN/DR5/FDMY0/SX387.WAV,h# dh ix dcl jh ay ix n q r eh dcl ax w uh dcl s pau sh ih m er dcl d ix pau q ih n dh ih gcl g l ih s epi n ix ng gcl g s ah n h#, ð ɨ d̚ dʒ aɪ ɨ n ʔ ɹ ɛ d̚ ə w ʊ d̚ s  ʃ ɪ m ɝ d̚ d ɨ  ʔ ɪ n ð ɪ ɡ̚ ɡ l ɪ s  n ɨ ŋ ɡ̚ ɡ s ʌ n 
/home/isaac/Projects/Thesis/data/timit/data/TRAIN/DR5/FDMY0/SX27.WAV,h# d ih dcl d ae dcl pau dcl d ux q ae kcl k ix dcl d eh m ih kcl b ih dcl d ix ng h#, d ɪ d̚ d æ d̚  d̚ d ʉ ʔ æ k̚ k ɨ d̚ d ɛ m ɪ k̚ b ɪ d̚ d ɨ ŋ 
/home/isaac/Projects/Thesis/data/timit/data/TRAIN/DR5/FDMY0/SX207.WAV,h# d ix y ux hh ih axr dh ix s l ey bcl b eh l z r ey ng iy ng h#, d ɨ j ʉ h ɪ ɚ ð ɨ s l eɪ b̚ b ɛ l z ɹ eɪ ŋ i ŋ 
/home/isaac/Projects/Thesis/data/timit/data/TRAIN/DR5/FDMY0/SI714.WAV,h# q ah dh ix q ih n tcl t er pcl p ih tcl t iy sh ix n z pcl p r iy z eh n tcl dh ax m y ux z ih kcl pau q ae z ae n q iy s eh n sh ix l iy pau q ih n tcl t ix m ix tcl k r iy ey sh ax n h#, ʔ ʌ ð ɨ ʔ ɪ n t̚ t ɝ p̚ p ɪ t̚ t i ʃ ɨ n z p̚ p ɹ i z ɛ n t̚ ð ə m j ʉ z ɪ k̚  ʔ æ z æ n ʔ i s ɛ n ʃ ɨ l i  ʔ ɪ n t̚ t ɨ m ɨ t̚ k ɹ i eɪ ʃ ə n 
/home/isaac/Projects/Thesis/data/timit/data/TRAIN/DR5/FDMY0/SI567.WAV,h# q ae tcl dh ax l eh f q ih z ix pcl p eh r ax v dcl d r eh s iy s tcl t r ao pcl p ah m pcl p s q ih n ax l ay tcl pau b ah tcl t kcl k r ih s pcl pau t eh kcl k s tcl ch er h#, ʔ æ t̚ ð ə l ɛ f ʔ ɪ z ɨ p̚ p ɛ ɹ ə v d̚ d ɹ ɛ s i s t̚ t ɹ ɔ p̚ p ʌ m p̚ p s ʔ ɪ n ə l aɪ t̚  b ʌ t̚ t k̚ k ɹ ɪ s p̚  t ɛ k̚ k s t̚ tʃ ɝ 
/home/isaac/Projects/Thesis/data/timit/data/TRAIN/DR5/FPMY0/SX253.WAV,h# b ay q iy dx iy ng y ow gcl er q pau hh y ux m ey l ih v l ao ng gcl g axr h#, b aɪ ʔ i ɾ i ŋ j oʊ ɡ̚ ɝ ʔ  h j ʉ m eɪ l ɪ v l ɔ ŋ ɡ̚ ɡ ɚ 
/home/isaac/Projects/Thesis/data/timit/data/TRAIN/DR5/FPMY0/SX73.WAV,h# k l ih f s dcl d ih s pcl p l ey w ah z epi m ix s pcl p l ey s ao n dh ax s kcl k r iy n h#, k l ɪ f s d̚ d ɪ s p̚ p l eɪ w ʌ z  m ɨ s p̚ p l eɪ s ɔ n ð ə s k̚ k ɹ i n 
/home/isaac/Projects/Thesis/data/timit/data/TRAIN/DR5/FPMY0/SI523.WAV,h# q ah n dcl d er dh ih s l ao pau q ae n y uw el gcl g r ae n tcl s er gcl g ih v ix n tcl t ux s ih s tcl ax m z ih n s ah bcl s tcl ae n sh uw ax q ax m aw n tcl s h#, ʔ ʌ n d̚ d ɝ ð ɪ s l ɔ  ʔ æ n j u l̩ ɡ̚ ɡ ɹ æ n t̚ s ɝ ɡ̚ ɡ ɪ v ɨ n t̚ t ʉ s ɪ s t̚ ə m z ɪ n s ʌ b̚ s t̚ æ n ʃ u ə ʔ ə m aʊ n t̚ s 
/home/isaac/Projects/Thesis/data/timit/data/TRAIN/DR5/FPMY0/SX343.WAV,h# dh ax f r ay q en dcl ch ay l w ax z dcl jh eh n q l iy s ax bcl d ux dcl b ay hv ih z bcl b ih gcl b r ah dh axr h#, ð ə f ɹ aɪ ʔ n̩ d̚ tʃ aɪ l w ə z d̚ dʒ ɛ n ʔ l i s ə b̚ d ʉ d̚ b aɪ ɦ ɪ z b̚ b ɪ ɡ̚ b ɹ ʌ ð ɚ 
/home/isaac/Projects/Thesis/data/timit/data/TRAIN/DR5/FPMY0/SI1153.WAV,h# ih n q ae n q ay dcl d ih ah l aa dcl jh ix kcl k el q aa gcl g y uh m eh n tcl pau dh ax pcl p ax tcl t ih s ix pcl p ih n s tcl t eh n dcl t ux th ah m pcl p th ax tcl t ey bcl b el h#, ɪ n ʔ æ n ʔ aɪ d̚ d ɪ ʌ l ɑ d̚ dʒ ɨ k̚ k l̩ ʔ ɑ ɡ̚ ɡ j ʊ m ɛ n t̚  ð ə p̚ p ə t̚ t ɪ s ɨ p̚ p ɪ n s t̚ t ɛ n d̚ t ʉ θ ʌ m p̚ p θ ə t̚ t eɪ b̚ b l̩ 
/home/isaac/Projects/Thesis/data/timit/data/TRAIN/DR5/FPMY0/SX163.WAV,h# dh ey r ix m ey n l ay f l ao ng f r eh n z eh n kcl k ax m pcl p ae n y ix n z h#, ð eɪ ɹ ɨ m eɪ n l aɪ f l ɔ ŋ f ɹ ɛ n z ɛ n k̚ k ə m p̚ p æ n j ɨ n z 
/home/isaac/Projects/Thesis/data/timit/data/TRAIN/DR5/FPMY0/SI1783.WAV,h# r ah f kcl k l aa r q r ae s hh ix z f ih s h#, ɹ ʌ f k̚ k l ɑ ɹ ʔ ɹ æ s h ɨ z f ɪ s 
/home/isaac/Projects/Thesis/data/timit/data/TRAIN/DR5/FPMY0/SX196.WAV,h# hh aw dcl d uw q oy s tcl t er z m ey kcl p er el z h#, h aʊ d̚ d u ʔ ɔɪ s t̚ t ɝ z m eɪ k̚ p ɝ l̩ z 
/home/isaac/Projects/Thesis/data/timit/data/TRAIN/DR5/MMWB0/SI1619.WAV,h# l ih f tcl t pau d ow n tcl t sh ah v pau l ih f tcl t h#, l ɪ f t̚ t  d oʊ n t̚ t ʃ ʌ v  l ɪ f t̚ t 
/home/isaac/Projects/Thesis/data/timit/data/TRAIN/DR5/MMWB0/SX269.WAV,h# d uw ah tcl t ih pcl p ax kcl k el f aa r m er z gcl g r ow q ow tcl t s h#, d u ʌ t̚ t ɪ p̚ p ə k̚ k l̩ f ɑ ɹ m ɝ z ɡ̚ ɡ ɹ oʊ ʔ oʊ t̚ t s 
/home/isaac/Projects/Thesis/data/timit/data/TRAIN/DR5/MMWB0/SX89.WAV,h# q ih tcl t s hh aa r dcl t ax-h tcl t eh l ah nx axr r ih dcl jh en ax l f r ax m ax f ao r dcl jh axr r iy h#, ʔ ɪ t̚ t s h ɑ ɹ d̚ t ə̥ t̚ t ɛ l ʌ ɾ̃ ɚ ɹ ɪ d̚ dʒ n̩ ə l f ɹ ə m ə f ɔ ɹ d̚ dʒ ɚ ɹ i 
/home/isaac/Projects/Thesis/data/timit/data/TRAIN/DR5/MMWB0/SI989.WAV,h# dh ix s ih tcl ch ux w ey sh en ix n v aa l v s ax m pcl p ax l ih dx ih kcl k el pcl p eh r el s h#, ð ɨ s ɪ t̚ tʃ ʉ w eɪ ʃ n̩ ɨ n v ɑ l v s ə m p̚ p ə l ɪ ɾ ɪ k̚ k l̩ p̚ p ɛ ɹ l̩ s 
/home/isaac/Projects/Thesis/data/timit/data/TRAIN/DR5/MMWB0/SX179.WAV,h# w iy kcl k ix dcl b eh r l iy s iy dh ix f iy ao r dcl d z epi th r ux dh ih s epi n ow f l er iy z h#, w i k̚ k ɨ d̚ b ɛ ɹ l i s i ð ɨ f i ɔ ɹ d̚ d z  θ ɹ ʉ ð ɪ s  n oʊ f l ɝ i z 
/home/isaac/Projects/Thesis/data/timit/data/TRAIN/DR5/MMWB0/SX449.WAV,h# r ae l f pcl p r iy pcl p eh r dcl d r eh dcl d s epi n ae pcl p axr w ix th epi f r eh sh l eh m ix n s ao s epi f axr dcl d ih n axr h#, ɹ æ l f p̚ p ɹ i p̚ p ɛ ɹ d̚ d ɹ ɛ d̚ d s  n æ p̚ p ɚ w ɨ θ  f ɹ ɛ ʃ l ɛ m ɨ n s ɔ s  f ɚ d̚ d ɪ n ɚ 
/home/isaac/Projects/Thesis/data/timit/data/TRAIN/DR5/MMWB0/SI2249.WAV,h# d ih dcl jh ux n ow hv iy ih z ae dcl v axr tcl t ay z ih ng ih z hh ae m r ey dcl d iy ow ax kcl k w ih q m ix n tcl f axr s ey l dh ix s epi w iy kcl k eh n dcl d h#, d ɪ d̚ dʒ ʉ n oʊ ɦ i ɪ z æ d̚ v ɚ t̚ t aɪ z ɪ ŋ ɪ z h æ m ɹ eɪ d̚ d i oʊ ə k̚ k w ɪ ʔ m ɨ n t̚ f ɚ s eɪ l ð ɨ s  w i k̚ k ɛ n d̚ d 
/home/isaac/Projects/Thesis/data/timit/data/TRAIN/DR5/MMWB0/SX359.WAV,h# dh ax s ih s tcl t ax m ey bcl b r ey kcl d aw n s ux n tcl s ow s ey v y axr f ay l z f r iy kcl k w ax n tcl l iy h#, ð ə s ɪ s t̚ t ə m eɪ b̚ b ɹ eɪ k̚ d aʊ n s ʉ n t̚ s oʊ s eɪ v j ɚ f aɪ l z f ɹ i k̚ k w ə n t̚ l i 
/home/isaac/Projects/Thesis/data/timit/data/TRAIN/DR5/MRLD0/SX424.WAV,h# t aa pcl p z ih n y ah z epi r eh r l iy hv ae v kcl k r ix kcl k ix dcl s tcl t eh m pcl z h#, t ɑ p̚ p z ɪ n j ʌ z  ɹ ɛ ɹ l i ɦ æ v k̚ k ɹ ɨ k̚ k ɨ d̚ s t̚ t ɛ m p̚ z 
/home/isaac/Projects/Thesis/data/timit/data/TRAIN/DR5/MRLD0/SX64.WAV,h# r eh g y ix l axr ix tcl t ih n d ix n s ix s eh l dx ax m r ix kcl k w ay axr dcl d h#, ɹ ɛ ɡ j ɨ l ɚ ɨ t̚ t ɪ n d ɨ n s ɨ s ɛ l ɾ ə m ɹ ɨ k̚ k w aɪ ɚ d̚ d 
/home/isaac/Projects/Thesis/data/timit/data/TRAIN/DR5/MRLD0/SX244.WAV,h# hh er v ix z bcl b er th epi th ey ih kcl k er z f r iy kcl k w en q l iy ao n epi th eh ng k s gcl g ix v ix ng h#, h ɝ v ɨ z b̚ b ɝ θ  θ eɪ ɪ k̚ k ɝ z f ɹ i k̚ k w n̩ ʔ l i ɔ n  θ ɛ ŋ k s ɡ̚ ɡ ɨ v ɨ ŋ 
/home/isaac/Projects/Thesis/data/timit/data/TRAIN/DR5/MRLD0/SI2224.WAV,h# f ay n pau d ey ae f tcl t axr dx axr m aa r ow sh iy ae dx ix dcl d h#, f aɪ n  d eɪ æ f t̚ t ɚ ɾ ɚ m ɑ ɹ oʊ ʃ i æ ɾ ɨ d̚ d 
/home/isaac/Projects/Thesis/data/timit/data/TRAIN/DR5/MRLD0/SX154.WAV,h# ao r n zh dcl jh ux s tcl t ey s f ah nx iy ae f tcl t axr tcl t ux th pcl p ey s tcl t h#, ɔ ɹ n ʒ d̚ dʒ ʉ s t̚ t eɪ s f ʌ ɾ̃ i æ f t̚ t ɚ t̚ t ʉ θ p̚ p eɪ s t̚ t 
/home/isaac/Projects/Thesis/data/timit/data/TRAIN/DR5/MRLD0/SI964.WAV,h# dh ax dcl d ax m eh n tcl ch ix n z ah v dh iy z w ey v z dcl d ax w ao r f ao l aa r y ux zh w el s tcl t ae n axr z ax v m eh zh axr m ax n tcl h#, ð ə d̚ d ə m ɛ n t̚ tʃ ɨ n z ʌ v ð i z w eɪ v z d̚ d ə w ɔ ɹ f ɔ l ɑ ɹ j ʉ ʒ w l̩ s t̚ t æ n ɚ z ə v m ɛ ʒ ɚ m ə n t̚ 
/home/isaac/Projects/Thesis/data/timit/data/TRAIN/DR5/MRLD0/SX334.WAV,h# q ao f ah n y el gcl g ih tcl b ae gcl m ao r dh eh n y ax pcl p uh dx ih n h#, ʔ ɔ f ʌ n j l̩ ɡ̚ ɡ ɪ t̚ b æ ɡ̚ m ɔ ɹ ð ɛ n j ə p̚ p ʊ ɾ ɪ n 
/home/isaac/Projects/Thesis/data/timit/data/TRAIN/DR5/MRLD0/SI1594.WAV,h# ao nx ao l s ay dcl z dcl d ao r z w axr bcl b iy ix ng s l ae m d ih nx ih z f ey s h#, ɔ ɾ̃ ɔ l s aɪ d̚ z d̚ d ɔ ɹ z w ɚ b̚ b i ɨ ŋ s l æ m d ɪ ɾ̃ ɪ z f eɪ s 
/home/isaac/Projects/Thesis/data/timit/data/TRAIN/DR5/FGMB0/SX335.WAV,h# g ah s ao pcl p ay n tcl t r iy z ix n r eh dcl w uh dcl z aa n ix z w ao kcl th r ux s ix kcl k oy y ix n ae sh n el f ao r ix s tcl t h#, ɡ ʌ s ɔ p̚ p aɪ n t̚ t ɹ i z ɨ n ɹ ɛ d̚ w ʊ d̚ z ɑ n ɨ z w ɔ k̚ θ ɹ ʉ s ɨ k̚ k ɔɪ j ɨ n æ ʃ n l̩ f ɔ ɹ ɨ s t̚ t 
/home/isaac/Projects/Thesis/data/timit/data/TRAIN/DR5/FGMB0/SX65.WAV,h# ch ae l ix n dcl jh q iy tcl ch dcl jh eh n r ix l z ix n tcl t eh l ax dcl jh eh n tcl s h#, tʃ æ l ɨ n d̚ dʒ ʔ i t̚ tʃ d̚ dʒ ɛ n ɹ ɨ l z ɨ n t̚ t ɛ l ə d̚ dʒ ɛ n t̚ s 
/home/isaac/Projects/Thesis/data/timit/data/TRAIN/DR5/FGMB0/SX425.WAV,h# m uw v iy z epi n eh v axr hv ae v ax n ah f pau v ih l ix n epi z h#, m u v i z  n ɛ v ɚ ɦ æ v ə n ʌ f  v ɪ l ɨ n  z 
/home/isaac/Projects/Thesis/data/timit/data/TRAIN/DR5/FGMB0/SX155.WAV,h# dh ax w ao dx er kcl k ax n tcl t ey n dcl d tcl t ux m ah tcl ch kcl k l ao r iy n ae n s tcl t ah ng hv ih z ay z h#, ð ə w ɔ ɾ ɝ k̚ k ə n t̚ t eɪ n d̚ d t̚ t ʉ m ʌ t̚ tʃ k̚ k l ɔ ɹ i n æ n s t̚ t ʌ ŋ ɦ ɪ z aɪ z 
/home/isaac/Projects/Thesis/data/timit/data/TRAIN/DR5/FGMB0/SI1145.WAV,h# q ay r aa n ih kcl k l iy ax n ah f pau q ih n dh ih s ih n s tcl t ix n s ah tcl ch pcl p er s n el v er tcl ch ux z epi w er ax l ah kcl k sh axr r iy h#, ʔ aɪ ɹ ɑ n ɪ k̚ k l i ə n ʌ f  ʔ ɪ n ð ɪ s ɪ n s t̚ t ɨ n s ʌ t̚ tʃ p̚ p ɝ s n l̩ v ɝ t̚ tʃ ʉ z  w ɝ ə l ʌ k̚ k ʃ ɚ ɹ i 
/home/isaac/Projects/Thesis/data/timit/data/TRAIN/DR5/FGMB0/SI515.WAV,h# l ih dx el dcl jh iy iy eng ax n hv ao ix ng hv ae v bcl b ih n eh s ix s eh r ix h#, l ɪ ɾ l̩ d̚ dʒ i i ŋ̍ ə n ɦ ɔ ɨ ŋ ɦ æ v b̚ b ɪ n ɛ s ɨ s ɛ ɹ ɨ 
/home/isaac/Projects/Thesis/data/timit/data/TRAIN/DR5/FGMB0/SX245.WAV,h# d ah z hv ih n dcl d ux q ay dx iy aa l ax dcl jh iy q aa n er kcl k aw z h#, d ʌ z ɦ ɪ n d̚ d ʉ ʔ aɪ ɾ i ɑ l ə d̚ dʒ i ʔ ɑ n ɝ k̚ k aʊ z 
/home/isaac/Projects/Thesis/data/timit/data/TRAIN/DR5/FGMB0/SI1775.WAV,h# dh ax bcl b l uw r ah gcl g w ah s ah s pcl p ih sh ix s l iy bcl b r ay tcl q ax n ux h#, ð ə b̚ b l u ɹ ʌ ɡ̚ ɡ w ʌ s ʌ s p̚ p ɪ ʃ ɨ s l i b̚ b ɹ aɪ t̚ ʔ ə n ʉ 
/home/isaac/Projects/Thesis/data/timit/data/TRAIN/DR5/MGES0/SI2111.WAV,h# bcl b ah r uw l eh tcl s n aa q m ay gcl g ey m h#, b̚ b ʌ ɹ u l ɛ t̚ s n ɑ ʔ m aɪ ɡ̚ ɡ eɪ m 
/home/isaac/Projects/Thesis/data/timit/data/TRAIN/DR5/MGES0/SX131.WAV,h# w ix pcl p l ae n ax bcl b ih l dx ah n ux bcl b eh v axr zh pcl p l ae n tcl h#, w ɨ p̚ p l æ n ə b̚ b ɪ l ɾ ʌ n ʉ b̚ b ɛ v ɚ ʒ p̚ p l æ n t̚ 
/home/isaac/Projects/Thesis/data/timit/data/TRAIN/DR5/MGES0/SX41.WAV,h# q eh dx ix kcl k ix tcl m ae n dcl d ey tcl s kcl k ax m pcl p l ay ix n tcl s epi w ix dh ix gcl z ih s tcl t ix ng r eh gcl ix l ey sh en z h#, ʔ ɛ ɾ ɨ k̚ k ɨ t̚ m æ n d̚ d eɪ t̚ s k̚ k ə m p̚ p l aɪ ɨ n t̚ s  w ɨ ð ɨ ɡ̚ z ɪ s t̚ t ɨ ŋ ɹ ɛ ɡ̚ ɨ l eɪ ʃ n̩ z 
/home/isaac/Projects/Thesis/data/timit/data/TRAIN/DR5/MGES0/SI1481.WAV,h# w ah z ih dx ao l v ey n l ey bcl axr h#, w ʌ z ɪ ɾ ɔ l v eɪ n l eɪ b̚ ɚ 
/home/isaac/Projects/Thesis/data/timit/data/TRAIN/DR5/MGES0/SX311.WAV,h# m ay dcl d ih z ay axr z ah s ih m pcl p el pau g ix m iy w ah n ih n f ao r m ax tcl t ix v pcl p eh axr gcl r ae f ao n dh ax s ah bcl jh ix kcl h#, m aɪ d̚ d ɪ z aɪ ɚ z ʌ s ɪ m p̚ p l̩  ɡ ɨ m i w ʌ n ɪ n f ɔ ɹ m ə t̚ t ɨ v p̚ p ɛ ɚ ɡ̚ ɹ æ f ɔ n ð ə s ʌ b̚ dʒ ɨ k̚ 
/home/isaac/Projects/Thesis/data/timit/data/TRAIN/DR5/MGES0/SX401.WAV,h# t ae kcl s ix kcl k ae bcl b r ow kcl d aw nx ax n kcl k ao z ax tcl t r ae f ax-h kcl y ae m h#, t æ k̚ s ɨ k̚ k æ b̚ b ɹ oʊ k̚ d aʊ ɾ̃ ə n k̚ k ɔ z ə t̚ t ɹ æ f ə̥ k̚ j æ m 
/home/isaac/Projects/Thesis/data/timit/data/TRAIN/DR5/MGES0/SI851.WAV,h# ah y ux y ux dx el ay z ih ng v eh n d iy ng m ix sh iy n pcl p r ow s iy dcl z tcl t hv eh l pcl p ey f y axr pcl p r ow gcl g r ae m h#, ʌ j ʉ j ʉ ɾ l̩ aɪ z ɪ ŋ v ɛ n d i ŋ m ɨ ʃ i n p̚ p ɹ oʊ s i d̚ z t̚ t ɦ ɛ l p̚ p eɪ f j ɚ p̚ p ɹ oʊ ɡ̚ ɡ ɹ æ m 
/home/isaac/Projects/Thesis/data/timit/data/TRAIN/DR5/MGES0/SX221.WAV,h# k ao r iy ix tcl t ae kcl dh ax pcl p r aa dcl jh eh kcl w ax dh eh kcl k s tcl t axr dcl d ix tcl t er m ix n ey sh en h#, k ɔ ɹ i ɨ t̚ t æ k̚ ð ə p̚ p ɹ ɑ d̚ dʒ ɛ k̚ w ə ð ɛ k̚ k s t̚ t ɚ d̚ d ɨ t̚ t ɝ m ɨ n eɪ ʃ n̩ 
/home/isaac/Projects/Thesis/data/timit/data/TRAIN/DR5/MBGT0/SI711.WAV,h# n ux kcl k l iy axr r aa kcl k ix tcl s kcl k ih n dcl d ix s tcl t r oy q eh r f iy l dcl z epi w ix dh iy s h#, n ʉ k̚ k l i ɚ ɹ ɑ k̚ k ɨ t̚ s k̚ k ɪ n d̚ d ɨ s t̚ t ɹ ɔɪ ʔ ɛ ɹ f i l d̚ z  w ɨ ð i s 
/home/isaac/Projects/Thesis/data/timit/data/TRAIN/DR5/MBGT0/SX351.WAV,h# dh ix n ux s axr bcl b er bcl axr n ay tcl s epi w er kcl t hh aa r dcl ao n r iy f er r ix sh ih ng dh eh r q ow l dx axr hh ow m h#, ð ɨ n ʉ s ɚ b̚ b ɝ b̚ ɚ n aɪ t̚ s  w ɝ k̚ t h ɑ ɹ d̚ ɔ n ɹ i f ɝ ɹ ɨ ʃ ɪ ŋ ð ɛ ɹ ʔ oʊ l ɾ ɚ h oʊ m 
/home/isaac/Projects/Thesis/data/timit/data/TRAIN/DR5/MBGT0/SI1841.WAV,h# sh ax-h f aw n hv er s eh l f q ey bcl el tcl t ax s ih ng ih n iy r ow l pau eh nx ih nx iy s ao ng w ix tcl ch tcl t r ah kcl k axr f ae n tcl s iy h#, ʃ ə̥ f aʊ n ɦ ɝ s ɛ l f ʔ eɪ b̚ l̩ t̚ t ə s ɪ ŋ ɪ n i ɹ oʊ l  ɛ ɾ̃ ɪ ɾ̃ i s ɔ ŋ w ɨ t̚ tʃ t̚ t ɹ ʌ k̚ k ɚ f æ n t̚ s i 
/home/isaac/Projects/Thesis/data/timit/data/TRAIN/DR5/MBGT0/SX171.WAV,h# dh ax dcl d ay gcl n ow s ix s epi w ax z dcl d ax-h s kcl k er ix dcl jh ix ng pau hh aw eh v axr pau hh iy w ax z epi n aa q ow v axr l iy w er iy dcl h#, ð ə d̚ d aɪ ɡ̚ n oʊ s ɨ s  w ə z d̚ d ə̥ s k̚ k ɝ ɨ d̚ dʒ ɨ ŋ  h aʊ ɛ v ɚ  h i w ə z  n ɑ ʔ oʊ v ɚ l i w ɝ i d̚ 
/home/isaac/Projects/Thesis/data/timit/data/TRAIN/DR5/MBGT0/SX441.WAV,h# d ow n q l uh kcl k f axr gcl g r ux pcl v ae y ix bcl b el s pau ix n ix bcl b ae ng kcl v ao l tcl h#, d oʊ n ʔ l ʊ k̚ k f ɚ ɡ̚ ɡ ɹ ʉ p̚ v æ j ɨ b̚ b l̩ s  ɨ n ɨ b̚ b æ ŋ k̚ v ɔ l t̚ 
/home/isaac/Projects/Thesis/data/timit/data/TRAIN/DR5/MBGT0/SX261.WAV,h# d ux y ux hv ae v dh ix y eh l ow q oy n m ih n tcl r eh dx iy h#, d ʉ j ʉ ɦ æ v ð ɨ j ɛ l oʊ ʔ ɔɪ n m ɪ n t̚ ɹ ɛ ɾ i 
/home/isaac/Projects/Thesis/data/timit/data/TRAIN/DR5/MBGT0/SI1341.WAV,h# m aa r kcl k s epi m ix n sh ih pcl p ih gcl g z ae m pcl p el h#, m ɑ ɹ k̚ k s  m ɨ n ʃ ɪ p̚ p ɪ ɡ̚ ɡ z æ m p̚ p l̩ 
/home/isaac/Projects/Thesis/data/timit/data/TRAIN/DR5/MBGT0/SX81.WAV,h# ih tcl s ih m pcl p aa s bcl b el tcl t ax dcl d iy l w ax dh bcl b y er aa kcl k axr s iy h#, ɪ t̚ s ɪ m p̚ p ɑ s b̚ b l̩ t̚ t ə d̚ d i l w ə ð b̚ b j ɝ ɑ k̚ k ɚ s i 
/home/isaac/Projects/Thesis/data/timit/data/TRAIN/DR5/FEXM0/SI1731.WAV,h# jh eh pcl p axr dcl d ay z ih q n aw tcl t uw kcl k axr r eh kcl k s ow q ow l dcl ax r ow ng h#, dʒ ɛ p̚ p ɚ d̚ d aɪ z ɪ ʔ n aʊ t̚ t u k̚ k ɚ ɹ ɛ k̚ k s oʊ ʔ oʊ l d̚ ə ɹ oʊ ŋ 
/home/isaac/Projects/Thesis/data/timit/data/TRAIN/DR5/FEXM0/SX201.WAV,h# ah pcl p r ow tcl ch y ao r q ih n tcl t axr v y uw w ax th s tcl t ae tcl ch uw w eh tcl k ax m pcl p ow zh er h#, ʌ p̚ p ɹ oʊ t̚ tʃ j ɔ ɹ ʔ ɪ n t̚ t ɚ v j u w ə θ s t̚ t æ t̚ tʃ u w ɛ t̚ k ə m p̚ p oʊ ʒ ɝ 
/home/isaac/Projects/Thesis/data/timit/data/TRAIN/DR5/FEXM0/SI1101.WAV,h# dh ey ih n hh iy th ao q m iy m ao ax pcl p axr v er s dh ae n q eh v axr h#, ð eɪ ɪ n h i θ ɔ ʔ m i m ɔ ə p̚ p ɚ v ɝ s ð æ n ʔ ɛ v ɚ 
/home/isaac/Projects/Thesis/data/timit/data/TRAIN/DR5/FEXM0/SX381.WAV,h# w iy w eh l kcl k ax m eh n iy n ux s tcl t ux dx ix n tcl s q iy tcl ch y iy axr h#, w i w ɛ l k̚ k ə m ɛ n i n ʉ s t̚ t ʉ ɾ ɨ n t̚ s ʔ i t̚ tʃ j i ɚ 
/home/isaac/Projects/Thesis/data/timit/data/TRAIN/DR5/FEXM0/SX291.WAV,h# dh iy q ae v el l ae n ch tcl t r ih gcl g er dcl d q ey m ay nx er q er th kcl k w ey kcl k h#, ð i ʔ æ v l̩ l æ n tʃ t̚ t ɹ ɪ ɡ̚ ɡ ɝ d̚ d ʔ eɪ m aɪ ɾ̃ ɝ ʔ ɝ θ k̚ k w eɪ k̚ k 
/home/isaac/Projects/Thesis/data/timit/data/TRAIN/DR5/FEXM0/SX111.WAV,h# hh ix s ah q en dcl d ix pcl p aa r tcl ch er sh aa kcl t pau dh ix kcl k eh epi s h#, h ɨ s ʌ ʔ n̩ d̚ d ɨ p̚ p ɑ ɹ t̚ tʃ ɝ ʃ ɑ k̚ t  ð ɨ k̚ k ɛ  s 
/home/isaac/Projects/Thesis/data/timit/data/TRAIN/DR5/FEXM0/SI482.WAV,h# dh eh r w ax z n ow kcl k aa n f axr m ey sh ix n ax v s ah tcl ch m ae s ax v q ax s ao l tcl s f ax m ix n dcl ix pcl p ix n dcl ix n tcl s ao s ix z h#, ð ɛ ɹ w ə z n oʊ k̚ k ɑ n f ɚ m eɪ ʃ ɨ n ə v s ʌ t̚ tʃ m æ s ə v ʔ ə s ɔ l t̚ s f ə m ɨ n d̚ ɨ p̚ p ɨ n d̚ ɨ n t̚ s ɔ s ɨ z 
/home/isaac/Projects/Thesis/data/timit/data/TRAIN/DR5/FEXM0/SX366.WAV,h# w ih l y uw pcl p l iy z kcl k ax n f er m gcl g ah v ix m ix n tcl p aa l ix s iy r ix gcl g aa r dx ix n w ey s epi r ix m uw v el h#, w ɪ l j u p̚ p l i z k̚ k ə n f ɝ m ɡ̚ ɡ ʌ v ɨ m ɨ n t̚ p ɑ l ɨ s i ɹ ɨ ɡ̚ ɡ ɑ ɹ ɾ ɨ n w eɪ s  ɹ ɨ m u v l̩ 
/home/isaac/Projects/Thesis/data/timit/data/TRAIN/DR5/MVLO0/SI1147.WAV,h# s ih v ax l ax z ey sh ix n ih z w ah q m ae n hv eh z m ey dx ax v ih m s eh l f h#, s ɪ v ə l ə z eɪ ʃ ɨ n ɪ z w ʌ ʔ m æ n ɦ ɛ z m eɪ ɾ ə v ɪ m s ɛ l f 
/home/isaac/Projects/Thesis/data/timit/data/TRAIN/DR5/MVLO0/SX67.WAV,h# l ae s tcl t y ih axr z gcl g ae s sh ao r dx ix dcl jh kcl k ao s tcl t iy pcl p r ay s ix n kcl k r iy s ix z h#, l æ s t̚ t j ɪ ɚ z ɡ̚ ɡ æ s ʃ ɔ ɹ ɾ ɨ d̚ dʒ k̚ k ɔ s t̚ t i p̚ p ɹ aɪ s ɨ n k̚ k ɹ i s ɨ z 
/home/isaac/Projects/Thesis/data/timit/data/TRAIN/DR5/MVLO0/SI1777.WAV,h# w er y ux ow n dcl d ux dx iy hv ih er tcl t ux w iy kcl k s ix gcl g ow h#, w ɝ j ʉ oʊ n d̚ d ʉ ɾ i ɦ ɪ ɝ t̚ t ʉ w i k̚ k s ɨ ɡ̚ ɡ oʊ 
/home/isaac/Projects/Thesis/data/timit/data/TRAIN/DR5/MVLO0/SX157.WAV,h# r ix m uw v dh ax s pcl p l ih nx axr w ax dh ax pcl p eh r axr v tcl t w iy z er z h#, ɹ ɨ m u v ð ə s p̚ p l ɪ ɾ̃ ɚ w ə ð ə p̚ p ɛ ɹ ɚ v t̚ t w i z ɝ z 
/home/isaac/Projects/Thesis/data/timit/data/TRAIN/DR5/MVLO0/SX427.WAV,h# q eh v r iy kcl k ae bcl n iy dcl z r iy pcl p ey nx iy ng q ao f en h#, ʔ ɛ v ɹ i k̚ k æ b̚ n i d̚ z ɹ i p̚ p eɪ ɾ̃ i ŋ ʔ ɔ f n̩ 
/home/isaac/Projects/Thesis/data/timit/data/TRAIN/DR5/MVLO0/SI517.WAV,h# k ix n f ux zh ix n bcl b iy kcl k ey m kcl k ey aa s pau q iy tcl ch s ix kcl k s iy dx iy ng dcl d ey bcl b r ao q n ux eh kcl k s ax v ay l ax n s h#, k ɨ n f ʉ ʒ ɨ n b̚ b i k̚ k eɪ m k̚ k eɪ ɑ s  ʔ i t̚ tʃ s ɨ k̚ k s i ɾ i ŋ d̚ d eɪ b̚ b ɹ ɔ ʔ n ʉ ɛ k̚ k s ə v aɪ l ə n s 
/home/isaac/Projects/Thesis/data/timit/data/TRAIN/DR5/MVLO0/SX247.WAV,h# dh ax s ih gcl g er eh tcl s ax n dh ix kcl k l ey ae sh tcl t r ey q ow v axr f l ow dx aa n tcl t uw dh iy ow kcl t ey bcl b el h#, ð ə s ɪ ɡ̚ ɡ ɝ ɛ t̚ s ə n ð ɨ k̚ k l eɪ æ ʃ t̚ t ɹ eɪ ʔ oʊ v ɚ f l oʊ ɾ ɑ n t̚ t u ð i oʊ k̚ t eɪ b̚ b l̩ 
/home/isaac/Projects/Thesis/data/timit/data/TRAIN/DR5/MVLO0/SX337.WAV,h# b aa bcl b ae n dcl ih dcl jh bcl b ow th w uw n z w ax dh ax s kcl k ih l ax v ax dcl d aa kcl t er h#, b ɑ b̚ b æ n d̚ ɪ d̚ dʒ b̚ b oʊ θ w u n z w ə ð ə s k̚ k ɪ l ə v ə d̚ d ɑ k̚ t ɝ 
/home/isaac/Projects/Thesis/data/timit/data/TRAIN/DR5/MSAS0/SI746.WAV,h# f ao r s w iy tcl t s aw er s ao s pau k uh kcl k q ah n y ix n ih n q oy l en tcl t ih l s ao f tcl t h#, f ɔ ɹ s w i t̚ t s aʊ ɝ s ɔ s  k ʊ k̚ k ʔ ʌ n j ɨ n ɪ n ʔ ɔɪ l n̩ t̚ t ɪ l s ɔ f t̚ t 
/home/isaac/Projects/Thesis/data/timit/data/TRAIN/DR5/MSAS0/SX206.WAV,h# w ix n pcl p iy l iy ng ih n q ao r ix n dcl jh pau q ix dx ih z hh aa r dcl n aa tcl t s pcl p r ey dcl jh ux s h#, w ɨ n p̚ p i l i ŋ ɪ n ʔ ɔ ɹ ɨ n d̚ dʒ  ʔ ɨ ɾ ɪ z h ɑ ɹ d̚ n ɑ t̚ t s p̚ p ɹ eɪ d̚ dʒ ʉ s 
/home/isaac/Projects/Thesis/data/timit/data/TRAIN/DR5/MSAS0/SI2006.WAV,h# hh ix z bcl b l uw aa s ao tcl dh ax sh ix m r iy ng epi s iy q ax v hv ey z ax hv eh dcl h#, h ɨ z b̚ b l u ɑ s ɔ t̚ ð ə ʃ ɨ m ɹ i ŋ  s i ʔ ə v ɦ eɪ z ə ɦ ɛ d̚ 
/home/isaac/Projects/Thesis/data/timit/data/TRAIN/DR5/MSAS0/SI1376.WAV,h# s ah m tcl t ay m s tcl t r ao ng s tcl t r eh s er v z tcl t ax f ow kcl k ax s q ix nx ix m pcl p ao r dx ix n tcl t s eh kcl k ix n dcl d eh r iy r ix l ey sh en sh ix pcl p h#, s ʌ m t̚ t aɪ m s t̚ t ɹ ɔ ŋ s t̚ t ɹ ɛ s ɝ v z t̚ t ə f oʊ k̚ k ə s ʔ ɨ ɾ̃ ɨ m p̚ p ɔ ɹ ɾ ɨ n t̚ t s ɛ k̚ k ɨ n d̚ d ɛ ɹ i ɹ ɨ l eɪ ʃ n̩ ʃ ɨ p̚ p 
/home/isaac/Projects/Thesis/data/timit/data/TRAIN/DR5/MSAS0/SX26.WAV,h# m ow s tcl t y ah ng r ay z q er l iy q eh v r iy m ao r nx ix ng h#, m oʊ s t̚ t j ʌ ŋ ɹ aɪ z ʔ ɝ l i ʔ ɛ v ɹ i m ɔ ɹ ɾ̃ ɨ ŋ 
/home/isaac/Projects/Thesis/data/timit/data/TRAIN/DR5/MSAS0/SX386.WAV,h# w ih tcl ch tcl ch er tcl ch dcl d ux dh ix s m ih s epi w er sh ax pcl p q ih n h#, w ɪ t̚ tʃ t̚ tʃ ɝ t̚ tʃ d̚ d ʉ ð ɨ s m ɪ s  w ɝ ʃ ə p̚ p ʔ ɪ n 
/home/isaac/Projects/Thesis/data/timit/data/TRAIN/DR5/MSAS0/SX116.WAV,h# k l ae s dh ax s kcl k r ux q ix n y axr l eh f tcl t hh ae n dcl h#, k l æ s ð ə s k̚ k ɹ ʉ ʔ ɨ n j ɚ l ɛ f t̚ t h æ n d̚ 
/home/isaac/Projects/Thesis/data/timit/data/TRAIN/DR5/MSAS0/SX296.WAV,h# dh ax tcl t ux q aa r dx ih s tcl t ix kcl sh tcl ch ey n jh dcl d q ao dx ix gcl g r ae f s h#, ð ə t̚ t ʉ ʔ ɑ ɹ ɾ ɪ s t̚ t ɨ k̚ ʃ t̚ tʃ eɪ n dʒ d̚ d ʔ ɔ ɾ ɨ ɡ̚ ɡ ɹ æ f s 
/home/isaac/Projects/Thesis/data/timit/data/TRAIN/DR5/MJWG0/SX355.WAV,h# d ao f ah n z aa r ix n tcl t eh l ih dcl jh ix n tcl m axr iy n m ae m el z h#, d ɔ f ʌ n z ɑ ɹ ɨ n t̚ t ɛ l ɪ d̚ dʒ ɨ n t̚ m ɚ i n m æ m l̩ z 
/home/isaac/Projects/Thesis/data/timit/data/TRAIN/DR5/MJWG0/SI813.WAV,h# p uh sh ah pcl p s pau p uh sh ah pcl p s ao r ix s eh n tcl ch el pau b ix tcl f y ux hv ae dh ix s tcl t r eh ng th f ao dh eh m eh q f er s tcl t h#, p ʊ ʃ ʌ p̚ p s  p ʊ ʃ ʌ p̚ p s ɔ ɹ ɨ s ɛ n t̚ tʃ l̩  b ɨ t̚ f j ʉ ɦ æ ð ɨ s t̚ t ɹ ɛ ŋ θ f ɔ ð ɛ m ɛ ʔ f ɝ s t̚ t 
/home/isaac/Projects/Thesis/data/timit/data/TRAIN/DR5/MJWG0/SX445.WAV,h# w ax dx ix z ih s l aa r dcl jh th ih ng bcl b ah dh iy ay r n ix n bcl b ao r dcl d h#, w ə ɾ ɨ z ɪ s l ɑ ɹ d̚ dʒ θ ɪ ŋ b̚ b ʌ ð i aɪ ɹ n ɨ n b̚ b ɔ ɹ d̚ d 
/home/isaac/Projects/Thesis/data/timit/data/TRAIN/DR5/MJWG0/SX85.WAV,h# s ax m eh n tcl q ih z epi m eh zh er dcl d ih ng kcl k y ux v ih kcl k y aa r dcl d z h#, s ə m ɛ n t̚ ʔ ɪ z  m ɛ ʒ ɝ d̚ d ɪ ŋ k̚ k j ʉ v ɪ k̚ k j ɑ ɹ d̚ d z 
/home/isaac/Projects/Thesis/data/timit/data/TRAIN/DR5/MJWG0/SI895.WAV,h# q ah dcl d ah l tcl t s tcl t eh kcl k ax l ao n tcl t ay m tcl t ax-h kcl k ix n v ih n tcl t s pau q ix n y uw ax epi th w ao r dx ih dcl d ih f y ux tcl t r ay dx ax pcl p uh sh h#, ʔ ʌ d̚ d ʌ l t̚ t s t̚ t ɛ k̚ k ə l ɔ n t̚ t aɪ m t̚ t ə̥ k̚ k ɨ n v ɪ n t̚ t s  ʔ ɨ n j u ə  θ w ɔ ɹ ɾ ɪ d̚ d ɪ f j ʉ t̚ t ɹ aɪ ɾ ə p̚ p ʊ ʃ 
/home/isaac/Projects/Thesis/data/timit/data/TRAIN/DR5/MJWG0/SI2155.WAV,h# hh iy w ax z epi n iy l iy ng tcl t ix tcl t ay hh ih sh ux l ey s ix z h#, h i w ə z  n i l i ŋ t̚ t ɨ t̚ t aɪ h ɪ ʃ ʉ l eɪ s ɨ z 
/home/isaac/Projects/Thesis/data/timit/data/TRAIN/DR5/MJWG0/SX175.WAV,h# s ix v ih er m ay ow pcl p iy ah kcl k ix n tcl t r ih bcl b ux dcl d ih dcl t axr r aa n z ix n f ih axr ao axr tcl t iy kcl k aa m pcl p l eh kcl k s h#, s ɨ v ɪ ɝ m aɪ oʊ p̚ p i ʌ k̚ k ɨ n t̚ t ɹ ɪ b̚ b ʉ d̚ d ɪ d̚ t ɚ ɹ ɑ n z ɨ n f ɪ ɚ ɔ ɚ t̚ t i k̚ k ɑ m p̚ p l ɛ k̚ k s 
/home/isaac/Projects/Thesis/data/timit/data/TRAIN/DR5/MJWG0/SX265.WAV,h# s ao ah z bcl b r ow kcl k ix n pau s ix tcl ch aa pcl dh ax w uh dx ix n s tcl t eh dcl h#, s ɔ ʌ z b̚ b ɹ oʊ k̚ k ɨ n  s ɨ t̚ tʃ ɑ p̚ ð ə w ʊ ɾ ɨ n s t̚ t ɛ d̚ 
/home/isaac/Projects/Thesis/data/timit/data/TRAIN/DR5/MDSJ0/SI832.WAV,h# w ay dx er dcl d ix s kcl k r eh sh ix nx eh r iy tcl ch oy s ix z f axr kcl k ah s tcl t em axr s h#, w aɪ ɾ ɝ d̚ d ɨ s k̚ k ɹ ɛ ʃ ɨ ɾ̃ ɛ ɹ i t̚ tʃ ɔɪ s ɨ z f ɚ k̚ k ʌ s t̚ t m̩ ɚ s 
/home/isaac/Projects/Thesis/data/timit/data/TRAIN/DR5/MDSJ0/SX112.WAV,h# t ah gcl b ow tcl s axr kcl k ey pcl p ax bcl b el ax v hh ao l iy ng hh ux dcl jh l ow dcl s h#, t ʌ ɡ̚ b oʊ t̚ s ɚ k̚ k eɪ p̚ p ə b̚ b l̩ ə v h ɔ l i ŋ h ʉ d̚ dʒ l oʊ d̚ s 
/home/isaac/Projects/Thesis/data/timit/data/TRAIN/DR5/MDSJ0/SX22.WAV,h# w ax nx ao l eh l tcl s f ey el z pau y ux z f ao r s h#, w ə ɾ̃ ɔ l ɛ l t̚ s f eɪ l̩ z  j ʉ z f ɔ ɹ s 
/home/isaac/Projects/Thesis/data/timit/data/TRAIN/DR5/MDSJ0/SI1462.WAV,h# s pcl p ey s tcl ch aa r dcl jh q ih n f l uw ix n tcl s ix z pau w el ao l s uh dcl d ih kcl k r iy s q ix dx ix ng kcl k r iy s tcl t v ow l tcl t ix dcl jh ix z h#, s p̚ p eɪ s t̚ tʃ ɑ ɹ d̚ dʒ ʔ ɪ n f l u ɨ n t̚ s ɨ z  w l̩ ɔ l s ʊ d̚ d ɪ k̚ k ɹ i s ʔ ɨ ɾ ɨ ŋ k̚ k ɹ i s t̚ t v oʊ l t̚ t ɨ d̚ dʒ ɨ z 
/home/isaac/Projects/Thesis/data/timit/data/TRAIN/DR5/MDSJ0/SX438.WAV,h# sh eh l sh aa kcl k ao z bcl b ay sh r ae pcl n el pau ix s ah m tcl t ay m z kcl k y er dcl th r ux gcl g r uw pcl p th ih er pcl p iy h#, ʃ ɛ l ʃ ɑ k̚ k ɔ z b̚ b aɪ ʃ ɹ æ p̚ n l̩  ɨ s ʌ m t̚ t aɪ m z k̚ k j ɝ d̚ θ ɹ ʉ ɡ̚ ɡ ɹ u p̚ p θ ɪ ɝ p̚ p i 
/home/isaac/Projects/Thesis/data/timit/data/TRAIN/DR5/MDSJ0/SX292.WAV,h# dh iy z ix kcl k s kcl k l uw s ix v dcl d aa kcl k ux m ix n tcl t s epi m ax s bcl b iy l aa kcl t ah pcl p ax dx ao l tcl t ay m s h#, ð i z ɨ k̚ k s k̚ k l u s ɨ v d̚ d ɑ k̚ k ʉ m ɨ n t̚ t s  m ə s b̚ b i l ɑ k̚ t ʌ p̚ p ə ɾ ɔ l t̚ t aɪ m s 
/home/isaac/Projects/Thesis/data/timit/data/TRAIN/DR5/MDSJ0/SI2092.WAV,h# g uh tcl ch ey n jh axr sh ux z bcl b ax f ao y ux tcl t axr n er aw n dcl d h#, ɡ ʊ t̚ tʃ eɪ n dʒ ɚ ʃ ʉ z b̚ b ə f ɔ j ʉ t̚ t ɚ n ɝ aʊ n d̚ d 
/home/isaac/Projects/Thesis/data/timit/data/TRAIN/DR5/MDSJ0/SX382.WAV,h# jh ao dcl jh ix z pcl p er ix n oy dx ix bcl b aw dx ax f iy tcl ch axr gcl g ae sh ao r dx ix dcl jh h#, dʒ ɔ d̚ dʒ ɨ z p̚ p ɝ ɨ n ɔɪ ɾ ɨ b̚ b aʊ ɾ ə f i t̚ tʃ ɚ ɡ̚ ɡ æ ʃ ɔ ɹ ɾ ɨ d̚ dʒ 
/home/isaac/Projects/Thesis/data/timit/data/TRAIN/DR5/MJFH0/SX117.WAV,h# dh ix m ae ng gcl g ow eh n dh ix pcl p ax pcl p ay ax aa r ix n ax bcl b ow l h#, ð ɨ m æ ŋ ɡ̚ ɡ oʊ ɛ n ð ɨ p̚ p ə p̚ p aɪ ə ɑ ɹ ɨ n ə b̚ b oʊ l 
/home/isaac/Projects/Thesis/data/timit/data/TRAIN/DR5/MJFH0/SX297.WAV,h# r aa kcl k ix n r ow l m y ux z ix kcl hh eh z ix gcl g r ey q r ih dh ax m h#, ɹ ɑ k̚ k ɨ n ɹ oʊ l m j ʉ z ɨ k̚ h ɛ z ɨ ɡ̚ ɡ ɹ eɪ ʔ ɹ ɪ ð ə m 
/home/isaac/Projects/Thesis/data/timit/data/TRAIN/DR5/MJFH0/SI477.WAV,h# hh er pcl p ix z ih sh ix ng kcl k ah v axr z ax n ah m bcl axr ax dcl d ey l iy tcl t ae s kcl k aa m ax n tcl t ux ix nx iy s ow sh ix dcl d axr eh kcl t ax-h h#, h ɝ p̚ p ɨ z ɪ ʃ ɨ ŋ k̚ k ʌ v ɚ z ə n ʌ m b̚ ɚ ə d̚ d eɪ l i t̚ t æ s k̚ k ɑ m ə n t̚ t ʉ ɨ ɾ̃ i s oʊ ʃ ɨ d̚ d ɚ ɛ k̚ t ə̥ 
/home/isaac/Projects/Thesis/data/timit/data/TRAIN/DR5/MJFH0/SX387.WAV,h# dh ix dcl jh ay ax n q r eh dcl d w uh dcl s ih m er dx ih n dh ix gcl g l ih s epi n iy ng s ah n h#, ð ɨ d̚ dʒ aɪ ə n ʔ ɹ ɛ d̚ d w ʊ d̚ s ɪ m ɝ ɾ ɪ n ð ɨ ɡ̚ ɡ l ɪ s  n i ŋ s ʌ n 
/home/isaac/Projects/Thesis/data/timit/data/TRAIN/DR5/MJFH0/SX27.WAV,h# d ih dcl d ae dcl d ux q ae kcl k ix dcl d ih m ix kcl b ih dx ix ng h#, d ɪ d̚ d æ d̚ d ʉ ʔ æ k̚ k ɨ d̚ d ɪ m ɨ k̚ b ɪ ɾ ɨ ŋ 
/home/isaac/Projects/Thesis/data/timit/data/TRAIN/DR5/MJFH0/SI1737.WAV,h# b r ey n ix gcl g z ae m ix n dcl f axr th r aa m bcl b ow s ix s kcl k l aa dx axr hv eh m r ix dcl jh h#, b ɹ eɪ n ɨ ɡ̚ ɡ z æ m ɨ n d̚ f ɚ θ ɹ ɑ m b̚ b oʊ s ɨ s k̚ k l ɑ ɾ ɚ ɦ ɛ m ɹ ɨ d̚ dʒ 
/home/isaac/Projects/Thesis/data/timit/data/TRAIN/DR5/MJFH0/SX207.WAV,h# d ux y ux hv ih r dh ix s l ey bcl b eh l zh r ih ng ix n h#, d ʉ j ʉ ɦ ɪ ɹ ð ɨ s l eɪ b̚ b ɛ l ʒ ɹ ɪ ŋ ɨ n 
/home/isaac/Projects/Thesis/data/timit/data/TRAIN/DR5/MJFH0/SI1107.WAV,h# w ah q w ah n ae kcl sh l ix r axr m eh m axr z pau q ih z ih tcl s gcl g r iy n ix s h#, w ʌ ʔ w ʌ n æ k̚ ʃ l ɨ ɹ ɚ m ɛ m ɚ z  ʔ ɪ z ɪ t̚ s ɡ̚ ɡ ɹ i n ɨ s 
/home/isaac/Projects/Thesis/data/timit/data/TRAIN/DR5/MRVG0/SX330.WAV,h# k aw n tcl dh ax n ah m b axr v tcl t iy s pcl p uw n z ax v s oy s ao s dh ae q y ux ae dcl h#, k aʊ n t̚ ð ə n ʌ m b ɚ v t̚ t i s p̚ p u n z ə v s ɔɪ s ɔ s ð æ ʔ j ʉ æ d̚ 
/home/isaac/Projects/Thesis/data/timit/data/TRAIN/DR5/MRVG0/SX60.WAV,h# dh ax l eh dcl jh ix s l ey tcl ch er m eh tcl t ax-h dcl jh ah dcl jh dh ix s tcl t ey dx ax v pcl p ah bcl l ix kcl ix dcl jh ax-h kcl k ey sh en h#, ð ə l ɛ d̚ dʒ ɨ s l eɪ t̚ tʃ ɝ m ɛ t̚ t ə̥ d̚ dʒ ʌ d̚ dʒ ð ɨ s t̚ t eɪ ɾ ə v p̚ p ʌ b̚ l ɨ k̚ ɨ d̚ dʒ ə̥ k̚ k eɪ ʃ n̩ 
/home/isaac/Projects/Thesis/data/timit/data/TRAIN/DR5/MRVG0/SX420.WAV,h# s iy m s tcl t r eh s ax z ax tcl t ae ch z ih pcl p er z w ax dh ax th ih m bcl b el pau n iy dx el pau ix n dcl th r eh dcl h#, s i m s t̚ t ɹ ɛ s ə z ə t̚ t æ tʃ z ɪ p̚ p ɝ z w ə ð ə θ ɪ m b̚ b l̩  n i ɾ l̩  ɨ n d̚ θ ɹ ɛ d̚ 
/home/isaac/Projects/Thesis/data/timit/data/TRAIN/DR5/MRVG0/SI510.WAV,h# hh ae ax kcl k w ix tcl k aa m pcl p en s ey sh en q ix z ih n dcl d ix s pcl p ih n tcl s ax-h bcl b el h#, h æ ə k̚ k w ɨ t̚ k ɑ m p̚ p n̩ s eɪ ʃ n̩ ʔ ɨ z ɪ n d̚ d ɨ s p̚ p ɪ n t̚ s ə̥ b̚ b l̩ 
/home/isaac/Projects/Thesis/data/timit/data/TRAIN/DR5/MRVG0/SI1140.WAV,h# f ao l s ay dcl d iy ax s er f ix tcl q ax n ah dh ax s eh kcl t axr v aw r l ay f h#, f ɔ l s aɪ d̚ d i ə s ɝ f ɨ t̚ ʔ ə n ʌ ð ə s ɛ k̚ t ɚ v aʊ ɹ l aɪ f 
/home/isaac/Projects/Thesis/data/timit/data/TRAIN/DR5/MRVG0/SX150.WAV,h# v iy eh q n ax m iy z kcl k w ax z iy n ix z eh kcl k s kcl w ih z ix tcl h#, v i ɛ ʔ n ə m i z k̚ k w ə z i n ɨ z ɛ k̚ k s k̚ w ɪ z ɨ t̚ 
/home/isaac/Projects/Thesis/data/timit/data/TRAIN/DR5/MRVG0/SX240.WAV,h# ix s epi n aa q iy z ix tcl t ax-h kcl k r ix ey q ax l uw m ix nx ey dx ix ng ix gcl z ae m pcl p el z h#, ɨ s  n ɑ ʔ i z ɨ t̚ t ə̥ k̚ k ɹ ɨ eɪ ʔ ə l u m ɨ ɾ̃ eɪ ɾ ɨ ŋ ɨ ɡ̚ z æ m p̚ p l̩ z 
/home/isaac/Projects/Thesis/data/timit/data/TRAIN/DR5/MRVG0/SI1770.WAV,h# dh eh ix z n ow s tcl t ao r hv iy pcl p ay pcl t tcl t axr m y ix l ah s l ix h#, ð ɛ ɨ z n oʊ s t̚ t ɔ ɹ ɦ i p̚ p aɪ p̚ t t̚ t ɚ m j ɨ l ʌ s l ɨ 
/home/isaac/Projects/Thesis/data/timit/data/TRAIN/DR5/FSMM0/SX234.WAV,h# dh ix pcl p ey pcl p axr bcl b oy bcl b ao tcl t uw ae pcl p el z en th r iy ay s ix s h#, ð ɨ p̚ p eɪ p̚ p ɚ b̚ b ɔɪ b̚ b ɔ t̚ t u æ p̚ p l̩ z n̩ θ ɹ i aɪ s ɨ s 
/home/isaac/Projects/Thesis/data/timit/data/TRAIN/DR5/FSMM0/SX54.WAV,h# dh iy s tcl t r ih n kcl k ow s tcl t ix z ix pcl p l ey s f uh pcl p y er pcl p l eh zh axr ix n ix kcl k s ay tcl m ix n tcl h#, ð i s t̚ t ɹ ɪ n k̚ k oʊ s t̚ t ɨ z ɨ p̚ p l eɪ s f ʊ p̚ p j ɝ p̚ p l ɛ ʒ ɚ ɨ n ɨ k̚ k s aɪ t̚ m ɨ n t̚ 
/home/isaac/Projects/Thesis/data/timit/data/TRAIN/DR5/FSMM0/SI684.WAV,h# dh ih s ix z iy ix tcl t aa m ix kcl k s ah n iy ix tcl t aa m ix kcl n ux kcl k l iy ix s h#, ð ɪ s ɨ z i ɨ t̚ t ɑ m ɨ k̚ k s ʌ n i ɨ t̚ t ɑ m ɨ k̚ n ʉ k̚ k l i ɨ s 
/home/isaac/Projects/Thesis/data/timit/data/TRAIN/DR5/FSMM0/SX144.WAV,h# dh ax w ih l ax w iy w ah m ix n w ao r ax m ah s kcl k r ae tcl k ow tcl t h#, ð ə w ɪ l ə w i w ʌ m ɨ n w ɔ ɹ ə m ʌ s k̚ k ɹ æ t̚ k oʊ t̚ t 
/home/isaac/Projects/Thesis/data/timit/data/TRAIN/DR5/FSMM0/SX324.WAV,h# dh ax l ow kcl k el dcl d r ah gcl g s tcl t ao r w ix z tcl ch aa r jh dcl d w ix dh ih l iy gcl g ax l iy dcl d ix s pcl p ih n s iy ng tcl t r ae ng kcl k w ax l ay z axr z h#, ð ə l oʊ k̚ k l̩ d̚ d ɹ ʌ ɡ̚ ɡ s t̚ t ɔ ɹ w ɨ z t̚ tʃ ɑ ɹ dʒ d̚ d w ɨ ð ɪ l i ɡ̚ ɡ ə l i d̚ d ɨ s p̚ p ɪ n s i ŋ t̚ t ɹ æ ŋ k̚ k w ə l aɪ z ɚ z 
/home/isaac/Projects/Thesis/data/timit/data/TRAIN/DR5/FSMM0/SI1314.WAV,h# dh ix f ow dx ih kcl k ix m ax kcl k el ax kcl k s tcl ch ey n dcl jh ix n ix gcl g ae s f ey z h#, ð ɨ f oʊ ɾ ɪ k̚ k ɨ m ə k̚ k l̩ ə k̚ k s t̚ tʃ eɪ n d̚ dʒ ɨ n ɨ ɡ̚ ɡ æ s f eɪ z 
/home/isaac/Projects/Thesis/data/timit/data/TRAIN/DR5/FSMM0/SX414.WAV,h# q ay r ih sh y ah ng g s tcl t er z q iy tcl f r eh sh kcl k ih pcl p er z f axr bcl b r eh kcl f ix s tcl t h#, ʔ aɪ ɹ ɪ ʃ j ʌ ŋ ɡ s t̚ t ɝ z ʔ i t̚ f ɹ ɛ ʃ k̚ k ɪ p̚ p ɝ z f ɚ b̚ b ɹ ɛ k̚ f ɨ s t̚ t 
/home/isaac/Projects/Thesis/data/timit/data/TRAIN/DR5/FSMM0/SI1944.WAV,h# dh ix f ao r m axr s kcl k aw tcl s hh ae l ax bcl b ay kcl k uh dcl en bcl b iy sh ey kcl k ix n h#, ð ɨ f ɔ ɹ m ɚ s k̚ k aʊ t̚ s h æ l ə b̚ b aɪ k̚ k ʊ d̚ n̩ b̚ b i ʃ eɪ k̚ k ɨ n 
/home/isaac/Projects/Thesis/data/timit/data/TRAIN/DR5/MDAS0/SI636.WAV,h# hh iy w ah z ax bcl b ah v ao l ax f r eh n s iy kcl k axr q ao m ow s tcl p ax th eh dx ix kcl k ix n ix z q iy gcl axr n ax s tcl t ax-h bcl b iy l ay kcl t h#, h i w ʌ z ə b̚ b ʌ v ɔ l ə f ɹ ɛ n s i k̚ k ɚ ʔ ɔ m oʊ s t̚ p ə θ ɛ ɾ ɨ k̚ k ɨ n ɨ z ʔ i ɡ̚ ɚ n ə s t̚ t ə̥ b̚ b i l aɪ k̚ t 
/home/isaac/Projects/Thesis/data/timit/data/TRAIN/DR5/MDAS0/SI1896.WAV,h# ix n hv iy w ax z hh ae n s ax m dcl d ix s pcl p ay tcl dh ax l ao ng th ih n s kcl k aa r dh ix q s l ae nx ih dx ix kcl k r ao s tcl t ix z tcl ch iy kcl h#, ɨ n ɦ i w ə z h æ n s ə m d̚ d ɨ s p̚ p aɪ t̚ ð ə l ɔ ŋ θ ɪ n s k̚ k ɑ ɹ ð ɨ ʔ s l æ ɾ̃ ɪ ɾ ɨ k̚ k ɹ ɔ s t̚ t ɨ z t̚ tʃ i k̚ 
/home/isaac/Projects/Thesis/data/timit/data/TRAIN/DR5/MDAS0/SX186.WAV,h# w ix dx ix tcl t aa m bcl b oy ao f en pcl p l ey aw tcl d ow ax z h#, w ɨ ɾ ɨ t̚ t ɑ m b̚ b ɔɪ ɔ f n̩ p̚ p l eɪ aʊ t̚ d oʊ ə z 
/home/isaac/Projects/Thesis/data/timit/data/TRAIN/DR5/MDAS0/SX276.WAV,h# jh ao n z bcl r ah dh ax r iy pcl p ey nx ih dcl dh ix gcl g axr aa dcl jh dcl d ow ax h#, dʒ ɔ n z b̚ ɹ ʌ ð ə ɹ i p̚ p eɪ ɾ̃ ɪ d̚ ð ɨ ɡ̚ ɡ ɚ ɑ d̚ dʒ d̚ d oʊ ə 
/home/isaac/Projects/Thesis/data/timit/data/TRAIN/DR5/MDAS0/SX6.WAV,h# b r ay tcl s ah n sh ay n sh ih m axr z ao n dh ax q ow sh ix n h#, b ɹ aɪ t̚ s ʌ n ʃ aɪ n ʃ ɪ m ɚ z ɔ n ð ə ʔ oʊ ʃ ɨ n 
/home/isaac/Projects/Thesis/data/timit/data/TRAIN/DR5/MDAS0/SX21.WAV,h# q ae l f eh l f ah q ix z hh eh l epi th iy f ao y ux h#, ʔ æ l f ɛ l f ʌ ʔ ɨ z h ɛ l  θ i f ɔ j ʉ 
/home/isaac/Projects/Thesis/data/timit/data/TRAIN/DR5/MDAS0/SI1266.WAV,h# t w ax nx iy n ay nx ih gcl g z ih bcl b ix tcl s axr s iy v dcl d ax w ao dcl d z h#, t w ə ɾ̃ i n aɪ ɾ̃ ɪ ɡ̚ ɡ z ɪ b̚ b ɨ t̚ s ɚ s i v d̚ d ə w ɔ d̚ d z 
/home/isaac/Projects/Thesis/data/timit/data/TRAIN/DR5/MDAS0/SX96.WAV,h# m ae s kcl k axr ey dcl p aa r dx iy z tcl t ae kcl k s epi w ah n z ix m ae dcl jh ix n ey sh en h#, m æ s k̚ k ɚ eɪ d̚ p ɑ ɹ ɾ i z t̚ t æ k̚ k s  w ʌ n z ɨ m æ d̚ dʒ ɨ n eɪ ʃ n̩ 
/home/isaac/Projects/Thesis/data/timit/data/TRAIN/DR5/FSKP0/SX378.WAV,h# ix dcl jh ih s ao dcl jh ih m n axr dh ix n ux q aa r kcl k ix l aa dcl jh kcl k el m ux z iy ax m h#, ɨ d̚ dʒ ɪ s ɔ d̚ dʒ ɪ m n ɚ ð ɨ n ʉ ʔ ɑ ɹ k̚ k ɨ l ɑ d̚ dʒ k̚ k l̩ m ʉ z i ə m 
/home/isaac/Projects/Thesis/data/timit/data/TRAIN/DR5/FSKP0/SI468.WAV,h# dh er ix z dcl d eh f ax n l iy s ah m l ih gcl ix m eh n q d ae m ix dcl jh ix nx ix z n iy h#, ð ɝ ɨ z d̚ d ɛ f ə n l i s ʌ m l ɪ ɡ̚ ɨ m ɛ n ʔ d æ m ɨ d̚ dʒ ɨ ɾ̃ ɨ z n i 
/home/isaac/Projects/Thesis/data/timit/data/TRAIN/DR5/FSKP0/SX18.WAV,h# ae l ax m ow nx ix hv aa r m z ax dcl d ix v ao r s epi m ae n z w eh l th h#, æ l ə m oʊ ɾ̃ ɨ ɦ ɑ ɹ m z ə d̚ d ɨ v ɔ ɹ s  m æ n z w ɛ l θ 
/home/isaac/Projects/Thesis/data/timit/data/TRAIN/DR5/FSKP0/SI1728.WAV,h# ix nx ix bcl ah dx ix kcl k eh r ih ix ng eh nx ix th ih ng n ix q m ay q hv ay dx axr r ay f el h#, ɨ ɾ̃ ɨ b̚ ʌ ɾ ɨ k̚ k ɛ ɹ ɪ ɨ ŋ ɛ ɾ̃ ɨ θ ɪ ŋ n ɨ ʔ m aɪ ʔ ɦ aɪ ɾ ɚ ɹ aɪ f l̩ 
/home/isaac/Projects/Thesis/data/timit/data/TRAIN/DR5/FSKP0/SX108.WAV,h# hh ix z s kcl k ae l pcl w ax z bcl b l ih s axr dcl f axr m tcl t ix dx ey z hh aa q s ah n h#, h ɨ z s k̚ k æ l p̚ w ə z b̚ b l ɪ s ɚ d̚ f ɚ m t̚ t ɨ ɾ eɪ z h ɑ ʔ s ʌ n 
/home/isaac/Projects/Thesis/data/timit/data/TRAIN/DR5/FSKP0/SX198.WAV,h# n ao r w iy dcl jh ix n s w eh dx axr z axr m ey dx ax v l ae m z w uh l h#, n ɔ ɹ w i d̚ dʒ ɨ n s w ɛ ɾ ɚ z ɚ m eɪ ɾ ə v l æ m z w ʊ l 
/home/isaac/Projects/Thesis/data/timit/data/TRAIN/DR5/FSKP0/SI1098.WAV,h# w ah n kcl k ix nx ow n l ix s pcl p iy kcl k ax v w ah dx ix z ix n f r ah nx ah v hh ih m ax n dh ae q n aw ix s ih m pcl p l iy dh ax m eh s h#, w ʌ n k̚ k ɨ ɾ̃ oʊ n l ɨ s p̚ p i k̚ k ə v w ʌ ɾ ɨ z ɨ n f ɹ ʌ ɾ̃ ʌ v h ɪ m ə n ð æ ʔ n aʊ ɨ s ɪ m p̚ p l i ð ə m ɛ s 
/home/isaac/Projects/Thesis/data/timit/data/TRAIN/DR5/FSKP0/SX288.WAV,h# b r ah sh f ay r z axr kcl k aa m ix nx ix n ax dcl d r ay q ah n dcl axr bcl b r ah sh ax v n ix v aa dx ax h#, b ɹ ʌ ʃ f aɪ ɹ z ɚ k̚ k ɑ m ɨ ɾ̃ ɨ n ə d̚ d ɹ aɪ ʔ ʌ n d̚ ɚ b̚ b ɹ ʌ ʃ ə v n ɨ v ɑ ɾ ə 
/home/isaac/Projects/Thesis/data/timit/data/TRAIN/DR5/FKKH0/SX120.WAV,h# dh ix kcl k ay ow dx iy pau bcl b aa bcl k ae tcl en hh ay iy n ah q axr w ay l dcl ae n ix m el z h#, ð ɨ k̚ k aɪ oʊ ɾ i  b̚ b ɑ b̚ k æ t̚ n̩ h aɪ i n ʌ ʔ ɚ w aɪ l d̚ æ n ɨ m l̩ z 
/home/isaac/Projects/Thesis/data/timit/data/TRAIN/DR5/FKKH0/SI1920.WAV,h# l ih pcl p s pcl p er s tcl t m ao r n f ax l iy hh iy s tcl t eh r dcl d aw n eh dx ix tcl s kcl k r ey z ax l iy s ae gcl g ix ng l eh f s ay dcl d h#, l ɪ p̚ p s p̚ p ɝ s t̚ t m ɔ ɹ n f ə l i h i s t̚ t ɛ ɹ d̚ d aʊ n ɛ ɾ ɨ t̚ s k̚ k ɹ eɪ z ə l i s æ ɡ̚ ɡ ɨ ŋ l ɛ f s aɪ d̚ d 
/home/isaac/Projects/Thesis/data/timit/data/TRAIN/DR5/FKKH0/SX300.WAV,h# q ah m iy bcl b ix z tcl ch ey n sh ey pcl k aa n s tcl t ax n q l iy h#, ʔ ʌ m i b̚ b ɨ z t̚ tʃ eɪ n ʃ eɪ p̚ k ɑ n s t̚ t ə n ʔ l i 
/home/isaac/Projects/Thesis/data/timit/data/TRAIN/DR5/FKKH0/SX210.WAV,h# jh eh f s tcl t oy gcl g ow kcl k aa r tcl n eh v axr w er kcl t h#, dʒ ɛ f s t̚ t ɔɪ ɡ̚ ɡ oʊ k̚ k ɑ ɹ t̚ n ɛ v ɚ w ɝ k̚ t 
/home/isaac/Projects/Thesis/data/timit/data/TRAIN/DR5/FKKH0/SI660.WAV,h# hh ix s tcl t ao axr kcl k el ix gcl g z ih s tcl t ix n s q ix z ix kcl k r iy ey dx ix dcl g uh dcl d h#, h ɨ s t̚ t ɔ ɚ k̚ k l̩ ɨ ɡ̚ ɡ z ɪ s t̚ t ɨ n s ʔ ɨ z ɨ k̚ k ɹ i eɪ ɾ ɨ d̚ ɡ ʊ d̚ d 
/home/isaac/Projects/Thesis/data/timit/data/TRAIN/DR5/FKKH0/SX30.WAV,h# g eh dx ix kcl k ae l ix kcl k ow kcl k ae tcl t ix kcl k iy pcl p h#, ɡ ɛ ɾ ɨ k̚ k æ l ɨ k̚ k oʊ k̚ k æ t̚ t ɨ k̚ k i p̚ p 
/home/isaac/Projects/Thesis/data/timit/data/TRAIN/DR5/FKKH0/SI1290.WAV,h# w ah n ix v dh iy z ix z dh ix s aa l ix dcl d eh r ix dx iy q eh n dh ix kcl k aa n f ix dcl d eh n sh ax l r ix l ey sh en sh ix pcl p ax v m eh r ix dcl jh h#, w ʌ n ɨ v ð i z ɨ z ð ɨ s ɑ l ɨ d̚ d ɛ ɹ ɨ ɾ i ʔ ɛ n ð ɨ k̚ k ɑ n f ɨ d̚ d ɛ n ʃ ə l ɹ ɨ l eɪ ʃ n̩ ʃ ɨ p̚ p ə v m ɛ ɹ ɨ d̚ dʒ 
/home/isaac/Projects/Thesis/data/timit/data/TRAIN/DR5/FKKH0/SX390.WAV,h# hh iy pcl p ih kcl t ah pcl n ay n pcl p eh r z ax-h s aa kcl k s f axr q iy tcl ch bcl b r ah dh axr h#, h i p̚ p ɪ k̚ t ʌ p̚ n aɪ n p̚ p ɛ ɹ z ə̥ s ɑ k̚ k s f ɚ ʔ i t̚ tʃ b̚ b ɹ ʌ ð ɚ 
/home/isaac/Projects/Thesis/data/timit/data/TRAIN/DR5/MREW1/SI2130.WAV,h# d ah z dh ih s bcl b aa dh axr y ux h#, d ʌ z ð ɪ s b̚ b ɑ ð ɚ j ʉ 
/home/isaac/Projects/Thesis/data/timit/data/TRAIN/DR5/MREW1/SX330.WAV,h# k aw n tcl dh ix n ah m axr ax v tcl t iy s pcl p ux n z ax v s oy s ao s dh ae tcl ch ux ae dcl h#, k aʊ n t̚ ð ɨ n ʌ m ɚ ə v t̚ t i s p̚ p ʉ n z ə v s ɔɪ s ɔ s ð æ t̚ tʃ ʉ æ d̚ 
/home/isaac/Projects/Thesis/data/timit/data/TRAIN/DR5/MREW1/SX60.WAV,h# dh ax l eh dcl jh ix s l ey tcl ch axr m eh tcl t ix dcl jh ah zh dh ix s tcl t ey dx ix f pcl p ah bcl b l ix kcl k eh dcl jh ax-h kcl k ey sh en h#, ð ə l ɛ d̚ dʒ ɨ s l eɪ t̚ tʃ ɚ m ɛ t̚ t ɨ d̚ dʒ ʌ ʒ ð ɨ s t̚ t eɪ ɾ ɨ f p̚ p ʌ b̚ b l ɨ k̚ k ɛ d̚ dʒ ə̥ k̚ k eɪ ʃ n̩ 
/home/isaac/Projects/Thesis/data/timit/data/TRAIN/DR5/MREW1/SI1500.WAV,h# y eh tcl q iy v ah n dh ae dx ih kcl s pcl p l ow zh ix n dcl d ih dcl n aa tcl m iy n m ah tcl ch h#, j ɛ t̚ ʔ i v ʌ n ð æ ɾ ɪ k̚ s p̚ p l oʊ ʒ ɨ n d̚ d ɪ d̚ n ɑ t̚ m i n m ʌ t̚ tʃ 
/home/isaac/Projects/Thesis/data/timit/data/TRAIN/DR5/MREW1/SX420.WAV,h# s iy m s tcl t r ix s ih z ah tcl t ae tcl ch z ih pcl p axr z epi w ix dh ah th ih m bcl b el n iy dx el eh n th r eh dcl h#, s i m s t̚ t ɹ ɨ s ɪ z ʌ t̚ t æ t̚ tʃ z ɪ p̚ p ɚ z  w ɨ ð ʌ θ ɪ m b̚ b l̩ n i ɾ l̩ ɛ n θ ɹ ɛ d̚ 
/home/isaac/Projects/Thesis/data/timit/data/TRAIN/DR5/MREW1/SI870.WAV,h# ih q w uh l ax kcl k aa m ax dcl d ey tcl f ay axr n r ey tcl t s ix z l ow ix z hh ae f ax gcl g ae l ax n ax nx aw w axr h#, ɪ ʔ w ʊ l ə k̚ k ɑ m ə d̚ d eɪ t̚ f aɪ ɚ n ɹ eɪ t̚ t s ɨ z l oʊ ɨ z h æ f ə ɡ̚ ɡ æ l ə n ə ɾ̃ aʊ w ɚ 
/home/isaac/Projects/Thesis/data/timit/data/TRAIN/DR5/MREW1/SX150.WAV,h# v iy eh tcl m ah n iy z kcl k w ax z iy n ih z ix kcl k s kcl k w ih z ih tcl h#, v i ɛ t̚ m ʌ n i z k̚ k w ə z i n ɪ z ɨ k̚ k s k̚ k w ɪ z ɪ t̚ 
/home/isaac/Projects/Thesis/data/timit/data/TRAIN/DR5/MREW1/SX240.WAV,h# ih s epi n aa dx iy z iy tcl t ix kcl k r iy ey dx ih l uw m ih nx ey dx iy ng ix gcl g z ae m pcl p el s h#, ɪ s  n ɑ ɾ i z i t̚ t ɨ k̚ k ɹ i eɪ ɾ ɪ l u m ɪ ɾ̃ eɪ ɾ i ŋ ɨ ɡ̚ ɡ z æ m p̚ p l̩ s 
/home/isaac/Projects/Thesis/data/timit/data/TRAIN/DR5/FSDC0/SX52.WAV,h# hh axr kcl k l ae s ix kcl k el pcl p axr f ao r m ix n s gcl g ey n dcl d hh axr kcl k r ih dx ix kcl k el ax kcl k l ey m h#, h ɚ k̚ k l æ s ɨ k̚ k l̩ p̚ p ɚ f ɔ ɹ m ɨ n s ɡ̚ ɡ eɪ n d̚ d h ɚ k̚ k ɹ ɪ ɾ ɨ k̚ k l̩ ə k̚ k l eɪ m 
/home/isaac/Projects/Thesis/data/timit/data/TRAIN/DR5/FSDC0/SX322.WAV,h# q ax l ah dh er hh ae n bcl b ae gcl g w ix dcl b iy ix s ux dx ix bcl b el gcl g ih f tcl t h#, ʔ ə l ʌ ð ɝ h æ n b̚ b æ ɡ̚ ɡ w ɨ d̚ b i ɨ s ʉ ɾ ɨ b̚ b l̩ ɡ̚ ɡ ɪ f t̚ t 
/home/isaac/Projects/Thesis/data/timit/data/TRAIN/DR5/FSDC0/SX412.WAV,h# g w eh n pcl p l ae nx ix dcl g r iy n bcl b iy n z ix n hv axr v eh q ch tcl t ix bcl b el gcl g aa r dcl en h#, ɡ w ɛ n p̚ p l æ ɾ̃ ɨ d̚ ɡ ɹ i n b̚ b i n z ɨ n ɦ ɚ v ɛ ʔ tʃ t̚ t ɨ b̚ b l̩ ɡ̚ ɡ ɑ ɹ d̚ n̩ 
/home/isaac/Projects/Thesis/data/timit/data/TRAIN/DR5/FSDC0/SX142.WAV,h# w ih tcl ch l ao ng q aa r ix kcl k el w ah z ow pcl p ey kcl k eh n iy dx ix dcl k l eh er f ix kcl k ey sh ix n h#, w ɪ t̚ tʃ l ɔ ŋ ʔ ɑ ɹ ɨ k̚ k l̩ w ʌ z oʊ p̚ p eɪ k̚ k ɛ n i ɾ ɨ d̚ k l ɛ ɝ f ɨ k̚ k eɪ ʃ ɨ n 
/home/isaac/Projects/Thesis/data/timit/data/TRAIN/DR5/FSDC0/SX232.WAV,h# hh ix s f ey axr tcl t ix q ow pcl p ix n ix sh tcl t ao r bcl b ay q ey tcl k ao s tcl t hh ih m hh ix z dcl jh aa bcl h#, h ɨ s f eɪ ɚ t̚ t ɨ ʔ oʊ p̚ p ɨ n ɨ ʃ t̚ t ɔ ɹ b̚ b aɪ ʔ eɪ t̚ k ɔ s t̚ t h ɪ m h ɨ z d̚ dʒ ɑ b̚ 
/home/isaac/Projects/Thesis/data/timit/data/TRAIN/DR5/FSDC0/SI2234.WAV,h# n ow bcl b ah dx iy eh l s dcl d ix dx iy dh axr h#, n oʊ b̚ b ʌ ɾ i ɛ l s d̚ d ɨ ɾ i ð ɚ 
/home/isaac/Projects/Thesis/data/timit/data/TRAIN/DR5/FSDC0/SI1942.WAV,h# q ih q w ah s ix kcl k y er dcl b ay en q ow v axr s ay z dcl d pcl p ae dcl d l aa kcl k h#, ʔ ɪ ʔ w ʌ s ɨ k̚ k j ɝ d̚ b aɪ n̩ ʔ oʊ v ɚ s aɪ z d̚ d p̚ p æ d̚ d l ɑ k̚ k 
/home/isaac/Projects/Thesis/data/timit/data/TRAIN/DR5/FSDC0/SI1312.WAV,h# ih n m ow s kcl k ey s ix z dh iy s oy l z ah r tcl t ey kcl k ix n ah pcl p eh z l ih kcl k w ix dcl z th r ux kcl k ae pcl p el er iy ae kcl sh en h#, ɪ n m oʊ s k̚ k eɪ s ɨ z ð i s ɔɪ l z ʌ ɹ t̚ t eɪ k̚ k ɨ n ʌ p̚ p ɛ z l ɪ k̚ k w ɨ d̚ z θ ɹ ʉ k̚ k æ p̚ p l̩ ɝ i æ k̚ ʃ n̩ 
/home/isaac/Projects/Thesis/data/timit/data/TRAIN/DR5/FLOD0/SI1287.WAV,h# ax kcl k ah v axr dcl k ix n tcl t ey nx axr s ah tcl ch ix z ix kcl k ih tcl ch ix n gcl g aa r bcl b ix dcl jh pcl p ey l m ay tcl d ux ix z ix tcl t ao l ix tcl h#, ə k̚ k ʌ v ɚ d̚ k ɨ n t̚ t eɪ ɾ̃ ɚ s ʌ t̚ tʃ ɨ z ɨ k̚ k ɪ t̚ tʃ ɨ n ɡ̚ ɡ ɑ ɹ b̚ b ɨ d̚ dʒ p̚ p eɪ l m aɪ t̚ d ʉ ɨ z ɨ t̚ t ɔ l ɨ t̚ 
/home/isaac/Projects/Thesis/data/timit/data/TRAIN/DR5/FLOD0/SI657.WAV,h# ax s eh kcl k ix n dcl p oy n tcl r ax kcl k w ay r z m ao r ix kcl k s tcl t eh n dcl d ix dcl k aa m eh n tcl t h#, ə s ɛ k̚ k ɨ n d̚ p ɔɪ n t̚ ɹ ə k̚ k w aɪ ɹ z m ɔ ɹ ɨ k̚ k s t̚ t ɛ n d̚ d ɨ d̚ k ɑ m ɛ n t̚ t 
/home/isaac/Projects/Thesis/data/timit/data/TRAIN/DR5/FLOD0/SX171.WAV,h# dh ix dcl d ay ix gcl n ow s ix s w ax z dcl d ix s kcl k er ix dcl jh ix ng pau hh aw eh v axr hv iy w ix z n aa tcl q ow v axr l ix w er iy dcl d h#, ð ɨ d̚ d aɪ ɨ ɡ̚ n oʊ s ɨ s w ə z d̚ d ɨ s k̚ k ɝ ɨ d̚ dʒ ɨ ŋ  h aʊ ɛ v ɚ ɦ i w ɨ z n ɑ t̚ ʔ oʊ v ɚ l ɨ w ɝ i d̚ d 
/home/isaac/Projects/Thesis/data/timit/data/TRAIN/DR5/FLOD0/SX117.WAV,h# dh ax m ae ng g ow eh n dh ix pcl p ax-h pcl p ay ah q aa r q ix nx ax bcl b ow l h#, ð ə m æ ŋ ɡ oʊ ɛ n ð ɨ p̚ p ə̥ p̚ p aɪ ʌ ʔ ɑ ɹ ʔ ɨ ɾ̃ ə b̚ b oʊ l 
/home/isaac/Projects/Thesis/data/timit/data/TRAIN/DR5/FLOD0/SX297.WAV,h# r aa kcl k en r ow l m y ux z ix kcl k hh eh z ix gcl g r ey tcl r ih dh ax m h#, ɹ ɑ k̚ k n̩ ɹ oʊ l m j ʉ z ɨ k̚ k h ɛ z ɨ ɡ̚ ɡ ɹ eɪ t̚ ɹ ɪ ð ə m 
/home/isaac/Projects/Thesis/data/timit/data/TRAIN/DR5/FLOD0/SX387.WAV,h# dh ix dcl jh ay n q r eh dcl w uh dcl d sh ih m axr dx ix n dh ix gcl g l ih s n ix ng s ah n h#, ð ɨ d̚ dʒ aɪ n ʔ ɹ ɛ d̚ w ʊ d̚ d ʃ ɪ m ɚ ɾ ɨ n ð ɨ ɡ̚ ɡ l ɪ s n ɨ ŋ s ʌ n 
/home/isaac/Projects/Thesis/data/timit/data/TRAIN/DR5/FLOD0/SI1917.WAV,h# n eh v dh ax l eh s pau sh iy kcl k ix n tcl t ih n y ux dcl t ix m ux v ah pcl p w axr dcl d h#, n ɛ v ð ə l ɛ s  ʃ i k̚ k ɨ n t̚ t ɪ n j ʉ d̚ t ɨ m ʉ v ʌ p̚ p w ɚ d̚ d 
/home/isaac/Projects/Thesis/data/timit/data/TRAIN/DR5/FLOD0/SX207.WAV,h# d ux y ux hv ih r dh ix s l ey bcl b eh l z r ih ng ix ng h#, d ʉ j ʉ ɦ ɪ ɹ ð ɨ s l eɪ b̚ b ɛ l z ɹ ɪ ŋ ɨ ŋ 
/home/isaac/Projects/Thesis/data/timit/data/TRAIN/DR5/FLJA0/SI2338.WAV,h# q ae v gcl g aa tcl t ux bcl b ey dh epi m aa f iy tcl h#, ʔ æ v ɡ̚ ɡ ɑ t̚ t ʉ b̚ b eɪ ð  m ɑ f i t̚ 
/home/isaac/Projects/Thesis/data/timit/data/TRAIN/DR5/FLJA0/SX178.WAV,h# sh iy ih ng kcl k er ix zh tcl ch axr tcl ch ih l dcl d r ih n tcl t ux m ey kcl dh eh r q ow n hv ae l w iy ng kcl k aa s tcl t ux m epi s h#, ʃ i ɪ ŋ k̚ k ɝ ɨ ʒ t̚ tʃ ɚ t̚ tʃ ɪ l d̚ d ɹ ɪ n t̚ t ʉ m eɪ k̚ ð ɛ ɹ ʔ oʊ n ɦ æ l w i ŋ k̚ k ɑ s t̚ t ʉ m  s 
/home/isaac/Projects/Thesis/data/timit/data/TRAIN/DR5/FLJA0/SX88.WAV,h# f l ay ix ng s tcl t ae m bcl b aa kcl k ix n bcl b iy pcl p r ae kcl t ax-h kcl k el q ix f y ux w ao n tcl t ix s ey v epi m ah n iy h#, f l aɪ ɨ ŋ s t̚ t æ m b̚ b ɑ k̚ k ɨ n b̚ b i p̚ p ɹ æ k̚ t ə̥ k̚ k l̩ ʔ ɨ f j ʉ w ɔ n t̚ t ɨ s eɪ v  m ʌ n i 
/home/isaac/Projects/Thesis/data/timit/data/TRAIN/DR5/FLJA0/SI1078.WAV,h# dh ih s epi m eh l ix s eh kcl sh uw el pau b ah tcl s ow pcl p aw axr f epi l iy s ow pau dh eh dx ah s ih v ax l ay z dcl n ow z epi m ah s tcl d ix n ay eh q h#, ð ɪ s  m ɛ l ɨ s ɛ k̚ ʃ u l̩  b ʌ t̚ s oʊ p̚ p aʊ ɚ f  l i s oʊ  ð ɛ ɾ ʌ s ɪ v ə l aɪ z d̚ n oʊ z  m ʌ s t̚ d ɨ n aɪ ɛ ʔ 
/home/isaac/Projects/Thesis/data/timit/data/TRAIN/DR5/FLJA0/SX268.WAV,h# dh ah dcl jh aw q aa pcl p axr ey tcl s bcl b ay y ux z ih ng ix q ae n tcl t ae gcl g ix n ih s tcl t ix kcl m ah s epi el s h#, ð ʌ d̚ dʒ aʊ ʔ ɑ p̚ p ɚ eɪ t̚ s b̚ b aɪ j ʉ z ɪ ŋ ɨ ʔ æ n t̚ t æ ɡ̚ ɡ ɨ n ɪ s t̚ t ɨ k̚ m ʌ s  l̩ s 
/home/isaac/Projects/Thesis/data/timit/data/TRAIN/DR5/FLJA0/SX448.WAV,h# s f ih er kcl k el gcl g ih f s aa r dcl d ih f ax-h kcl k ah l tcl t ux r ae pcl h#, s f ɪ ɝ k̚ k l̩ ɡ̚ ɡ ɪ f s ɑ ɹ d̚ d ɪ f ə̥ k̚ k ʌ l t̚ t ʉ ɹ æ p̚ 
/home/isaac/Projects/Thesis/data/timit/data/TRAIN/DR5/FLJA0/SI1708.WAV,h# m iy hv iy s eh dcl m eh r ax l iy h#, m i ɦ i s ɛ d̚ m ɛ ɹ ə l i 
/home/isaac/Projects/Thesis/data/timit/data/TRAIN/DR5/FLJA0/SX358.WAV,h# jh ao r zh s eh l dcl d ah m w aa tcl ch ih z dcl d ey tcl t aa m ux v iy s h#, dʒ ɔ ɹ ʒ s ɛ l d̚ d ʌ m w ɑ t̚ tʃ ɪ z d̚ d eɪ t̚ t ɑ m ʉ v i s 
/home/isaac/Projects/Thesis/data/timit/data/TRAIN/DR5/MRML0/SI2051.WAV,h# hh ih l sh ux dx ah pcl dh ix tcl t aw n ax h#, h ɪ l ʃ ʉ ɾ ʌ p̚ ð ɨ t̚ t aʊ n ə 
/home/isaac/Projects/Thesis/data/timit/data/TRAIN/DR5/MRML0/SX431.WAV,h# dh ix f ih th dcl jh aa r kcl k en tcl t ey n z bcl b ih gcl pau jh ux s iy pcl p iy tcl ch ih z h#, ð ɨ f ɪ θ d̚ dʒ ɑ ɹ k̚ k n̩ t̚ t eɪ n z b̚ b ɪ ɡ̚  dʒ ʉ s i p̚ p i t̚ tʃ ɪ z 
/home/isaac/Projects/Thesis/data/timit/data/TRAIN/DR5/MRML0/SX71.WAV,h# p ao r kcl k ix pcl p ay n z r iy z eh m bcl b el s iy q er tcl ch ih n z h#, p ɔ ɹ k̚ k ɨ p̚ p aɪ n z ɹ i z ɛ m b̚ b l̩ s i ʔ ɝ t̚ tʃ ɪ n z 
/home/isaac/Projects/Thesis/data/timit/data/TRAIN/DR5/MRML0/SI791.WAV,h# s ow r uw l z epi w iy m ey dcl d ix n ah n ax bcl b ae sh tcl t kcl k ax l uw zh en h#, s oʊ ɹ u l z  w i m eɪ d̚ d ɨ n ʌ n ə b̚ b æ ʃ t̚ t k̚ k ə l u ʒ n̩ 
/home/isaac/Projects/Thesis/data/timit/data/TRAIN/DR5/MRML0/SX251.WAV,h# w iy ix pcl p l ay q ao dx ih tcl t ao r iy m aa dcl d el iy ng tcl t ix kcl k ax m pcl p y ux dx axr s pcl p iy tcl ch epi r eh kcl k ix gcl n ih sh ax n ax h#, w i ɨ p̚ p l aɪ ʔ ɔ ɾ ɪ t̚ t ɔ ɹ i m ɑ d̚ d l̩ i ŋ t̚ t ɨ k̚ k ə m p̚ p j ʉ ɾ ɚ s p̚ p i t̚ tʃ  ɹ ɛ k̚ k ɨ ɡ̚ n ɪ ʃ ə n ə 
/home/isaac/Projects/Thesis/data/timit/data/TRAIN/DR5/MRML0/SX341.WAV,h# dh ah hv ay s ax-h kcl k y er dx iy pcl p r ih z ix m w ax s axr r aw n dcl ix dcl b ay bcl b aa r bcl d w aa axr h#, ð ʌ ɦ aɪ s ə̥ k̚ k j ɝ ɾ i p̚ p ɹ ɪ z ɨ m w ə s ɚ ɹ aʊ n d̚ ɨ d̚ b aɪ b̚ b ɑ ɹ b̚ d w ɑ ɚ 
/home/isaac/Projects/Thesis/data/timit/data/TRAIN/DR5/MRML0/SX161.WAV,h# eh z eh pcl p axr kcl k ao sh ax n pau dh eh q aw q l ao z bcl b ao tcl g uh n pcl p aw dx axr f ao r dh eh r s tcl t r ao ng gcl g hv ow l dcl d h#, ɛ z ɛ p̚ p ɚ k̚ k ɔ ʃ ə n  ð ɛ ʔ aʊ ʔ l ɔ z b̚ b ɔ t̚ ɡ ʊ n p̚ p aʊ ɾ ɚ f ɔ ɹ ð ɛ ɹ s t̚ t ɹ ɔ ŋ ɡ̚ ɡ ɦ oʊ l d̚ d 
/home/isaac/Projects/Thesis/data/timit/data/TRAIN/DR5/MRML0/SI1421.WAV,h# dh ow bcl b r iy f pau q ih tcl hv ae z ey sh aa r pcl pau d r ax m ae dx ih kcl k q eh dcl jh eh ng gcl g r ey tcl pau p oy n y eh n tcl s iy h#, ð oʊ b̚ b ɹ i f  ʔ ɪ t̚ ɦ æ z eɪ ʃ ɑ ɹ p̚  d ɹ ə m æ ɾ ɪ k̚ k ʔ ɛ d̚ dʒ ɛ ŋ ɡ̚ ɡ ɹ eɪ t̚  p ɔɪ n j ɛ n t̚ s i 
/home/isaac/Projects/Thesis/data/timit/data/TRAIN/DR5/MEWM0/SX178.WAV,h# sh iy gcl k er ix zh hh er tcl ch ih l ih n tcl t ux m ey kcl dh ix r q ow n hv aa l ax w iy n kcl k aa s tcl t em epi s h#, ʃ i ɡ̚ k ɝ ɨ ʒ h ɝ t̚ tʃ ɪ l ɪ n t̚ t ʉ m eɪ k̚ ð ɨ ɹ ʔ oʊ n ɦ ɑ l ə w i n k̚ k ɑ s t̚ t m̩  s 
/home/isaac/Projects/Thesis/data/timit/data/TRAIN/DR5/MEWM0/SX88.WAV,h# f l ay n s tcl t ae m bcl b ay kcl k ix n bcl b iy pcl p r ae kcl t ax-h kcl k uh ax f y ux pau w ah n tcl t ux s ey v m ah nx iy h#, f l aɪ n s t̚ t æ m b̚ b aɪ k̚ k ɨ n b̚ b i p̚ p ɹ æ k̚ t ə̥ k̚ k ʊ ə f j ʉ  w ʌ n t̚ t ʉ s eɪ v m ʌ ɾ̃ i 
/home/isaac/Projects/Thesis/data/timit/data/TRAIN/DR5/MEWM0/SX268.WAV,h# dh ix dcl jh ao q aa pcl p axr ey tcl s bcl b ay ux z ix ng ix n tcl t ae gcl g en ix s tcl t ix kcl m ah s epi el z h#, ð ɨ d̚ dʒ ɔ ʔ ɑ p̚ p ɚ eɪ t̚ s b̚ b aɪ ʉ z ɨ ŋ ɨ n t̚ t æ ɡ̚ ɡ n̩ ɨ s t̚ t ɨ k̚ m ʌ s  l̩ z 
/home/isaac/Projects/Thesis/data/timit/data/TRAIN/DR5/MEWM0/SX448.WAV,h# s ax-h f ih er kcl k uh gcl g ih f s ah r dcl d ih f kcl k el tcl t ax r ae q h#, s ə̥ f ɪ ɝ k̚ k ʊ ɡ̚ ɡ ɪ f s ʌ ɹ d̚ d ɪ f k̚ k l̩ t̚ t ə ɹ æ ʔ 
/home/isaac/Projects/Thesis/data/timit/data/TRAIN/DR5/MEWM0/SI718.WAV,h# s tcl t ey tcl n ah m r ix ng l ao z dcl d ih f axr q f r em iy tcl ch ah dh axr q ix m eh n iy w ey z h#, s t̚ t eɪ t̚ n ʌ m ɹ ɨ ŋ l ɔ z d̚ d ɪ f ɚ ʔ f ɹ m̩ i t̚ tʃ ʌ ð ɚ ʔ ɨ m ɛ n i w eɪ z 
/home/isaac/Projects/Thesis/data/timit/data/TRAIN/DR5/MEWM0/SI1978.WAV,h# s ah m th iy ng pcl p uh l dcl m ay l eh gcl h#, s ʌ m θ i ŋ p̚ p ʊ l d̚ m aɪ l ɛ ɡ̚ 
/home/isaac/Projects/Thesis/data/timit/data/TRAIN/DR5/MEWM0/SX358.WAV,h# jh ao r s eh l dcl em w aa tcl ch ix z dcl d ey tcl t ay m ux v iy z h#, dʒ ɔ ɹ s ɛ l d̚ m̩ w ɑ t̚ tʃ ɨ z d̚ d eɪ t̚ t aɪ m ʉ v i z 
/home/isaac/Projects/Thesis/data/timit/data/TRAIN/DR5/MEWM0/SI1348.WAV,h# ey y ux nx ix v er s q ih z ey s ey f q ix n pcl p er m ix nx ix q hh ow m h#, eɪ j ʉ ɾ̃ ɨ v ɝ s ʔ ɪ z eɪ s eɪ f ʔ ɨ n p̚ p ɝ m ɨ ɾ̃ ɨ ʔ h oʊ m 
/home/isaac/Projects/Thesis/data/timit/data/TRAIN/DR5/MTMT0/SX308.WAV,h# sh ih pcl b ih l dx ih ng ix z ey m ow s f ae s ix n ey dx iy ng pcl p r aa s eh s h#, ʃ ɪ p̚ b ɪ l ɾ ɪ ŋ ɨ z eɪ m oʊ s f æ s ɨ n eɪ ɾ i ŋ p̚ p ɹ ɑ s ɛ s 
/home/isaac/Projects/Thesis/data/timit/data/TRAIN/DR5/MTMT0/SX38.WAV,h# y ah ng pcl p iy pcl p el pcl p axr tcl t ih s ax-h pcl p ey tcl ix n ae th l eh dx ix kcl k q eh kcl k tcl t ih v ix dx iy z h#, j ʌ ŋ p̚ p i p̚ p l̩ p̚ p ɚ t̚ t ɪ s ə̥ p̚ p eɪ t̚ ɨ n æ θ l ɛ ɾ ɨ k̚ k ʔ ɛ k̚ k t̚ t ɪ v ɨ ɾ i z 
/home/isaac/Projects/Thesis/data/timit/data/TRAIN/DR5/MTMT0/SX398.WAV,h# ch ih l dx er n kcl k eh n kcl k en s ux m eh nx iy f r uw tcl t kcl k ae n dcl d iy z ix n w ah n s ih dx ix ng h#, tʃ ɪ l ɾ ɝ n k̚ k ɛ n k̚ k n̩ s ʉ m ɛ ɾ̃ i f ɹ u t̚ t k̚ k æ n d̚ d i z ɨ n w ʌ n s ɪ ɾ ɨ ŋ 
/home/isaac/Projects/Thesis/data/timit/data/TRAIN/DR5/MTMT0/SX128.WAV,h# l aa tcl s ah f ao r n m uw v iy z hh ae v s ah bcl t ay dx el z h#, l ɑ t̚ s ʌ f ɔ ɹ n m u v i z h æ v s ʌ b̚ t aɪ ɾ l̩ z 
/home/isaac/Projects/Thesis/data/timit/data/TRAIN/DR5/MTMT0/SI1748.WAV,h# ix tcl t s tcl t ih l q ah n bcl b el iy v ax bcl b el pau dh eh dx ih q w ax z epi m er dx axr h#, ɨ t̚ t s t̚ t ɪ l ʔ ʌ n b̚ b l̩ i v ə b̚ b l̩  ð ɛ ɾ ɪ ʔ w ə z  m ɝ ɾ ɚ 
/home/isaac/Projects/Thesis/data/timit/data/TRAIN/DR5/MTMT0/SX218.WAV,h# t r ay tcl t uw r ix kcl k ao l dh iy ix v eh n tcl s q ix n kcl k r aa nx ax l aa dcl jh ax-h kcl k el q ao r dx axr h#, t ɹ aɪ t̚ t u ɹ ɨ k̚ k ɔ l ð i ɨ v ɛ n t̚ s ʔ ɨ n k̚ k ɹ ɑ ɾ̃ ə l ɑ d̚ dʒ ə̥ k̚ k l̩ ʔ ɔ ɹ ɾ ɚ 
/home/isaac/Projects/Thesis/data/timit/data/TRAIN/DR5/MTMT0/SI488.WAV,h# dh ey m ey kcl jh ih n s ao z q ix n dcl d iy l ih m pcl p aa r tcl t s ax pcl p l ay z en s ax m y ux z dcl jh ih n m ax sh iy n axr ix h#, ð eɪ m eɪ k̚ dʒ ɪ n s ɔ z ʔ ɨ n d̚ d i l ɪ m p̚ p ɑ ɹ t̚ t s ə p̚ p l aɪ z n̩ s ə m j ʉ z d̚ dʒ ɪ n m ə ʃ i n ɚ ɨ 
/home/isaac/Projects/Thesis/data/timit/data/TRAIN/DR5/MTMT0/SI1118.WAV,h# eh z hh iy eh dcl d l ao ng dcl t ix bcl b iy pau hh iy bcl b iy kcl k ey m dh iy q eh kcl k ow ax v ax s aa gcl ax h#, ɛ z h i ɛ d̚ d l ɔ ŋ d̚ t ɨ b̚ b i  h i b̚ b i k̚ k eɪ m ð i ʔ ɛ k̚ k oʊ ə v ə s ɑ ɡ̚ ə 
/home/isaac/Projects/Thesis/data/timit/data/TRAIN/DR7/MNTW0/SX258.WAV,h# dh eh q eh s ey q ah n dcl d ih n ay ix bcl b l iy r ix f l eh kcl k s aa r v y ux q ey bcl b l iy h#, ð ɛ ʔ ɛ s eɪ ʔ ʌ n d̚ d ɪ n aɪ ɨ b̚ b l i ɹ ɨ f l ɛ k̚ k s ɑ ɹ v j ʉ ʔ eɪ b̚ b l i 
/home/isaac/Projects/Thesis/data/timit/data/TRAIN/DR7/MNTW0/SX348.WAV,h# q ao hv eh v ey s kcl k ux pcl p ih v dh ae eh gcl g z aa dx ih kcl p er pcl p el ix n tcl t er kcl k oy sh er bcl b axr tcl h#, ʔ ɔ ɦ ɛ v eɪ s k̚ k ʉ p̚ p ɪ v ð æ ɛ ɡ̚ ɡ z ɑ ɾ ɪ k̚ p ɝ p̚ p l̩ ɨ n t̚ t ɝ k̚ k ɔɪ ʃ ɝ b̚ b ɚ t̚ 
/home/isaac/Projects/Thesis/data/timit/data/TRAIN/DR7/MNTW0/SI1068.WAV,h# q ix n iy q ao r gcl ix n ih z ax m epi dh eh tcl f aa l tcl t er z q ao r m ih s pcl p axr s iy z ix s ih gcl n ax l z pau er w iy kcl k ix n z ix z dcl d ah n h#, ʔ ɨ n i ʔ ɔ ɹ ɡ̚ ɨ n ɪ z ə m  ð ɛ t̚ f ɑ l t̚ t ɝ z ʔ ɔ ɹ m ɪ s p̚ p ɚ s i z ɨ s ɪ ɡ̚ n ə l z  ɝ w i k̚ k ɨ n z ɨ z d̚ d ʌ n 
/home/isaac/Projects/Thesis/data/timit/data/TRAIN/DR7/MNTW0/SX78.WAV,h# d aa kcl t er z pcl p r ix s kcl k r ay bcl d r ah gcl g s tcl t ux f r ih l iy h#, d ɑ k̚ t ɝ z p̚ p ɹ ɨ s k̚ k ɹ aɪ b̚ d ɹ ʌ ɡ̚ ɡ s t̚ t ʉ f ɹ ɪ l i 
/home/isaac/Projects/Thesis/data/timit/data/TRAIN/DR7/MNTW0/SX168.WAV,h# hh ux tcl t uh kcl k dcl dh ix kcl k ay ae kcl d aw n dh ax bcl b ay y ux h#, h ʉ t̚ t ʊ k̚ k d̚ ð ɨ k̚ k aɪ æ k̚ d aʊ n ð ə b̚ b aɪ j ʉ 
/home/isaac/Projects/Thesis/data/timit/data/TRAIN/DR7/MNTW0/SX202.WAV,h# hh aw m ah tcl ch ax q ah l aw ah n tcl s dcl d ix y ux gcl g ih tcl h#, h aʊ m ʌ t̚ tʃ ə ʔ ʌ l aʊ ʌ n t̚ s d̚ d ɨ j ʉ ɡ̚ ɡ ɪ t̚ 
/home/isaac/Projects/Thesis/data/timit/data/TRAIN/DR7/MNTW0/SI1698.WAV,h# s ax s ah m bcl b ah dx iy eh l s epi n uw w ah tcl w ix dcl hv ae pcl p ix n tcl t uh hv axr f aa dh er z epi m ah n iy ix f sh iy dcl d ay dcl d h#, s ə s ʌ m b̚ b ʌ ɾ i ɛ l s  n u w ʌ t̚ w ɨ d̚ ɦ æ p̚ p ɨ n t̚ t ʊ ɦ ɚ f ɑ ð ɝ z  m ʌ n i ɨ f ʃ i d̚ d aɪ d̚ d 
/home/isaac/Projects/Thesis/data/timit/data/TRAIN/DR7/MNTW0/SI2328.WAV,h# q ow m ah dh er pau q ay s ao dh eh m h#, ʔ oʊ m ʌ ð ɝ  ʔ aɪ s ɔ ð ɛ m 
/home/isaac/Projects/Thesis/data/timit/data/TRAIN/DR7/FKDE0/SX421.WAV,h# dh ow z hh ux tcl t iy tcl ch v ae y ux z f er s tcl t ax bcl b aa l ix sh tcl ch iy dx ix ng h#, ð oʊ z h ʉ t̚ t i t̚ tʃ v æ j ʉ z f ɝ s t̚ t ə b̚ b ɑ l ɨ ʃ t̚ tʃ i ɾ ɨ ŋ 
/home/isaac/Projects/Thesis/data/timit/data/TRAIN/DR7/FKDE0/SX331.WAV,h# dh ax bcl b ih gcl d ao gcl l ah v tcl t ax tcl ch y uw aa n dh ix ow l dcl d r ae gcl d ao l h#, ð ə b̚ b ɪ ɡ̚ d ɔ ɡ̚ l ʌ v t̚ t ə t̚ tʃ j u ɑ n ð ɨ oʊ l d̚ d ɹ æ ɡ̚ d ɔ l 
/home/isaac/Projects/Thesis/data/timit/data/TRAIN/DR7/FKDE0/SI1771.WAV,h# q ah th ih kcl k r ih m z ax m kcl k aa r pcl p ix tcl m ah f el dcl d eh v r ix f uh tcl f ao l h#, ʔ ʌ θ ɪ k̚ k ɹ ɪ m z ə m k̚ k ɑ ɹ p̚ p ɨ t̚ m ʌ f l̩ d̚ d ɛ v ɹ ɨ f ʊ t̚ f ɔ l 
/home/isaac/Projects/Thesis/data/timit/data/TRAIN/DR7/FKDE0/SI2221.WAV,h# dh ih s ih z ey s epi l iy pcl p ix ng kcl k ae pcl p s el h#, ð ɪ s ɪ z eɪ s  l i p̚ p ɨ ŋ k̚ k æ p̚ p s l̩ 
/home/isaac/Projects/Thesis/data/timit/data/TRAIN/DR7/FKDE0/SX61.WAV,h# ch ao kcl k l ih tcl q ae n r ow z ix z n eh v er f ey l ax z ax r ow m ae n tcl t ix kcl k y ih f tcl t h#, tʃ ɔ k̚ k l ɪ t̚ ʔ æ n ɹ oʊ z ɨ z n ɛ v ɝ f eɪ l ə z ə ɹ oʊ m æ n t̚ t ɨ k̚ k j ɪ f t̚ t 
/home/isaac/Projects/Thesis/data/timit/data/TRAIN/DR7/FKDE0/SX241.WAV,h# dh ax hv ao l w ey q ow pcl p ix n z ix n tcl t uh ey hh y ux dcl jh tcl ch ey m bcl b er h#, ð ə ɦ ɔ l w eɪ ʔ oʊ p̚ p ɨ n z ɨ n t̚ t ʊ eɪ h j ʉ d̚ dʒ t̚ tʃ eɪ m b̚ b ɝ 
/home/isaac/Projects/Thesis/data/timit/data/TRAIN/DR7/FKDE0/SX151.WAV,h# dh ax pcl p r iy v iy ix s pcl p iy kcl k axr pcl p r iy z eh n ix dx ae m bcl b ih gcl g y uw ax s r ix z ah l tcl t s h#, ð ə p̚ p ɹ i v i ɨ s p̚ p i k̚ k ɚ p̚ p ɹ i z ɛ n ɨ ɾ æ m b̚ b ɪ ɡ̚ ɡ j u ə s ɹ ɨ z ʌ l t̚ t s 
/home/isaac/Projects/Thesis/data/timit/data/TRAIN/DR7/FKDE0/SI1141.WAV,h# dh ax s tcl t eh pcl m ah dh er q ao l m ow s tcl t w ih th aw dx ax kcl k s eh pcl sh ix n hv ae z bcl b ih n pcl p r iy z eh n ix dx ae z ax kcl k r uw l q ow gcl g axr ix s h#, ð ə s t̚ t ɛ p̚ m ʌ ð ɝ ʔ ɔ l m oʊ s t̚ t w ɪ θ aʊ ɾ ə k̚ k s ɛ p̚ ʃ ɨ n ɦ æ z b̚ b ɪ n p̚ p ɹ i z ɛ n ɨ ɾ æ z ə k̚ k ɹ u l ʔ oʊ ɡ̚ ɡ ɚ ɨ s 
/home/isaac/Projects/Thesis/data/timit/data/TRAIN/DR7/MJDG0/SX52.WAV,h# hh er kcl k l ae s ax-h kcl k el pcl p axr f ao r m ix n tcl s gcl g ey n dcl d kcl k r ix dcl d ix kcl k el ax kcl k l ey m h#, h ɝ k̚ k l æ s ə̥ k̚ k l̩ p̚ p ɚ f ɔ ɹ m ɨ n t̚ s ɡ̚ ɡ eɪ n d̚ d k̚ k ɹ ɨ d̚ d ɨ k̚ k l̩ ə k̚ k l eɪ m 
/home/isaac/Projects/Thesis/data/timit/data/TRAIN/DR7/MJDG0/SI1672.WAV,h# q ix tcl m ux v dcl d ix n ix s ih l v axr q aa r kcl t ax w ao r dx hv ix z th r ow tcl t pau dh eh n v ih r dcl d aw n w axr dcl h#, ʔ ɨ t̚ m ʉ v d̚ d ɨ n ɨ s ɪ l v ɚ ʔ ɑ ɹ k̚ t ə w ɔ ɹ ɾ ɦ ɨ z θ ɹ oʊ t̚ t  ð ɛ n v ɪ ɹ d̚ d aʊ n w ɚ d̚ 
/home/isaac/Projects/Thesis/data/timit/data/TRAIN/DR7/MJDG0/SX322.WAV,h# ah l eh dh er hv ae n dcl b ae gcl g ax dcl b iy ix s ux dx ix bcl el gcl g ih f tcl t h#, ʌ l ɛ ð ɝ ɦ æ n d̚ b æ ɡ̚ ɡ ə d̚ b i ɨ s ʉ ɾ ɨ b̚ l̩ ɡ̚ ɡ ɪ f t̚ t 
/home/isaac/Projects/Thesis/data/timit/data/TRAIN/DR7/MJDG0/SI1705.WAV,h# g aa tcl dh iy eh pcl p s tcl t eh r z gcl g ay hv iy bcl b eh l ow s h#, ɡ ɑ t̚ ð i ɛ p̚ p s t̚ t ɛ ɹ z ɡ̚ ɡ aɪ ɦ i b̚ b ɛ l oʊ s 
/home/isaac/Projects/Thesis/data/timit/data/TRAIN/DR7/MJDG0/SX412.WAV,h# g w eh n pcl p l ae n tcl t ih dcl g r iy n bcl b iy n z ix n hv axr v eh dcl jh tcl t ax-h bcl b el gcl g aa r dcl en h#, ɡ w ɛ n p̚ p l æ n t̚ t ɪ d̚ ɡ ɹ i n b̚ b i n z ɨ n ɦ ɚ v ɛ d̚ dʒ t̚ t ə̥ b̚ b l̩ ɡ̚ ɡ ɑ ɹ d̚ n̩ 
/home/isaac/Projects/Thesis/data/timit/data/TRAIN/DR7/MJDG0/SX142.WAV,h# hh w ih tcl ch l ao ng aa r dx ix kcl k ax l w ax z ow pcl p ey kcl k pau ae n iy dx ix dcl k l eh r axr f ix kcl k ey sh en h#, h w ɪ t̚ tʃ l ɔ ŋ ɑ ɹ ɾ ɨ k̚ k ə l w ə z oʊ p̚ p eɪ k̚ k  æ n i ɾ ɨ d̚ k l ɛ ɹ ɚ f ɨ k̚ k eɪ ʃ n̩ 
/home/isaac/Projects/Thesis/data/timit/data/TRAIN/DR7/MJDG0/SX232.WAV,h# hh ih z epi f eh l y er tcl t ix q ow pcl p en dh ax s tcl t ao r bcl b ay q ey tcl t kcl k aa s tcl t ix m ix z dcl jh aa bcl b h#, h ɪ z  f ɛ l j ɝ t̚ t ɨ ʔ oʊ p̚ p n̩ ð ə s t̚ t ɔ ɹ b̚ b aɪ ʔ eɪ t̚ t k̚ k ɑ s t̚ t ɨ m ɨ z d̚ dʒ ɑ b̚ b 
/home/isaac/Projects/Thesis/data/timit/data/TRAIN/DR7/MJDG0/SI1042.WAV,h# t ay m ix n s pcl p ey s ax v bcl b ow th bcl b ix kcl k ah m s ix n ax m ae tcl t ix kcl k h#, t aɪ m ɨ n s p̚ p eɪ s ə v b̚ b oʊ θ b̚ b ɨ k̚ k ʌ m s ɨ n ə m æ t̚ t ɨ k̚ k 
/home/isaac/Projects/Thesis/data/timit/data/TRAIN/DR7/MJFR0/SI1605.WAV,h# n ow bcl b uh dx iy dcl d ah z pau b ax tcl dh ey gcl g ey v m iy tcl t eh n l ae sh tcl ch y ih axr h#, n oʊ b̚ b ʊ ɾ i d̚ d ʌ z  b ə t̚ ð eɪ ɡ̚ ɡ eɪ v m i t̚ t ɛ n l æ ʃ t̚ tʃ j ɪ ɚ 
/home/isaac/Projects/Thesis/data/timit/data/TRAIN/DR7/MJFR0/SI975.WAV,h# b ah dx aa r sh tcl t ah m pcl p ix ng tcl t uh r ix v dh ax s aw th w ah z en tcl t q ao l m ih z r iy h#, b ʌ ɾ ɑ ɹ ʃ t̚ t ʌ m p̚ p ɨ ŋ t̚ t ʊ ɹ ɨ v ð ə s aʊ θ w ʌ z n̩ t̚ t ʔ ɔ l m ɪ z ɹ i 
/home/isaac/Projects/Thesis/data/timit/data/TRAIN/DR7/MJFR0/SI2235.WAV,h# y ux dcl d ow n tcl b ax l ao ng ix n pcl p axr f eh sh epi n el bcl b ey s bcl b ao l h#, j ʉ d̚ d oʊ n t̚ b ə l ɔ ŋ ɨ n p̚ p ɚ f ɛ ʃ  n l̩ b̚ b eɪ s b̚ b ɔ l 
/home/isaac/Projects/Thesis/data/timit/data/TRAIN/DR7/MJFR0/SX435.WAV,h# dh ix r ih tcl ch sh uh dx ix n v eh s tcl t ix n bcl b l ae kcl k z er kcl k aa n z en s tcl t eh dx ax-h v s tcl t ay l iy sh epi sh ux z h#, ð ɨ ɹ ɪ t̚ tʃ ʃ ʊ ɾ ɨ n v ɛ s t̚ t ɨ n b̚ b l æ k̚ k z ɝ k̚ k ɑ n z n̩ s t̚ t ɛ ɾ ə̥ v s t̚ t aɪ l i ʃ  ʃ ʉ z 
/home/isaac/Projects/Thesis/data/timit/data/TRAIN/DR7/MJFR0/SX255.WAV,h# m ay q ay dcl d iy l m ao r nx iy n bcl b iy gcl g ih n z epi w ix th hh ao tcl t kcl k ao f iy h#, m aɪ ʔ aɪ d̚ d i l m ɔ ɹ ɾ̃ i n b̚ b i ɡ̚ ɡ ɪ n z  w ɨ θ h ɔ t̚ t k̚ k ɔ f i 
/home/isaac/Projects/Thesis/data/timit/data/TRAIN/DR7/MJFR0/SX345.WAV,h# t r ih sh s ao q aw er z ix n q aw er z q ax v m uw v iy z pau s ae dx axr dx iy h#, t ɹ ɪ ʃ s ɔ ʔ aʊ ɝ z ɨ n ʔ aʊ ɝ z ʔ ə v m u v i z  s æ ɾ ɚ ɾ i 
/home/isaac/Projects/Thesis/data/timit/data/TRAIN/DR7/MJFR0/SX165.WAV,h# dh ix iy z iy gcl g ow ix ng z uw ao l ax dcl jh ih s tcl t r iy l ae kcl s th r ax aw tcl dh ax v oy dcl jh h#, ð ɨ i z i ɡ̚ ɡ oʊ ɨ ŋ z u ɔ l ə d̚ dʒ ɪ s t̚ t ɹ i l æ k̚ s θ ɹ ə aʊ t̚ ð ə v ɔɪ d̚ dʒ 
/home/isaac/Projects/Thesis/data/timit/data/TRAIN/DR7/MJFR0/SX75.WAV,h# f ih l dh ae tcl t kcl k ae n tcl t iy n w ix th f r eh sh pcl p r ih ng w ao dx axr h#, f ɪ l ð æ t̚ t k̚ k æ n t̚ t i n w ɨ θ f ɹ ɛ ʃ p̚ p ɹ ɪ ŋ w ɔ ɾ ɚ 
/home/isaac/Projects/Thesis/data/timit/data/TRAIN/DR7/MRPC1/SX312.WAV,h# dh ah z ae n s ix z w el bcl b iy sh tcl t r ey tcl t f ao w axr dcl q ix f ux th ih ng kcl k dh ix m th r uw pau k eh r f epi l iy f er s tcl t h#, ð ʌ z æ n s ɨ z w l̩ b̚ b i ʃ t̚ t ɹ eɪ t̚ t f ɔ w ɚ d̚ ʔ ɨ f ʉ θ ɪ ŋ k̚ k ð ɨ m θ ɹ u  k ɛ ɹ f  l i f ɝ s t̚ t 
/home/isaac/Projects/Thesis/data/timit/data/TRAIN/DR7/MRPC1/SI2026.WAV,h# dh ix gcl g r ey tcl b l ae kcl k l eh pcl p axr dcl d z h#, ð ɨ ɡ̚ ɡ ɹ eɪ t̚ b l æ k̚ k l ɛ p̚ p ɚ d̚ d z 
/home/isaac/Projects/Thesis/data/timit/data/TRAIN/DR7/MRPC1/SX402.WAV,h# w uh s er v r uw bcl b aa r bcl p ay ae f tcl t axr r ey tcl ch el z tcl t aa kcl k h#, w ʊ s ɝ v ɹ u b̚ b ɑ ɹ b̚ p aɪ æ f t̚ t ɚ ɹ eɪ t̚ tʃ l̩ z t̚ t ɑ k̚ k 
/home/isaac/Projects/Thesis/data/timit/data/TRAIN/DR7/MRPC1/SI1482.WAV,h# q ix tcl k ix dcl t ey kcl p l ey s tcl t em aa axr n ay tcl q ao axr tcl m ay dx ix kcl k er m ah n tcl t s f em n aw h#, ʔ ɨ t̚ k ɨ d̚ t eɪ k̚ p l eɪ s t̚ t m̩ ɑ ɚ n aɪ t̚ ʔ ɔ ɚ t̚ m aɪ ɾ ɨ k̚ k ɝ m ʌ n t̚ t s f m̩ n aʊ 
/home/isaac/Projects/Thesis/data/timit/data/TRAIN/DR7/MRPC1/SI2112.WAV,h# hh iy z ix pcl p ih n tcl t ow ix nx iy f ow dx ix gcl g r ae s epi w ah nx axr f epi l ix h#, h i z ɨ p̚ p ɪ n t̚ t oʊ ɨ ɾ̃ i f oʊ ɾ ɨ ɡ̚ ɡ ɹ æ s  w ʌ ɾ̃ ɚ f  l ɨ 
/home/isaac/Projects/Thesis/data/timit/data/TRAIN/DR7/MRPC1/SX132.WAV,h# p ax bcl b l ih s ix dx iy ix n ow dx axr r ay ix dx iy gcl g ow hv ae n ix n hv ae n h#, p ə b̚ b l ɪ s ɨ ɾ i ɨ n oʊ ɾ ɚ ɹ aɪ ɨ ɾ i ɡ̚ ɡ oʊ ɦ æ n ɨ n ɦ æ n 
/home/isaac/Projects/Thesis/data/timit/data/TRAIN/DR7/MRPC1/SX222.WAV,h# y ux ao w ix z kcl k ah m ah pcl p w ix th pcl p ae th el l aa dcl jh kcl k el ix gcl g z ae m pcl p el s h#, j ʉ ɔ w ɨ z k̚ k ʌ m ʌ p̚ p w ɨ θ p̚ p æ θ l̩ l ɑ d̚ dʒ k̚ k l̩ ɨ ɡ̚ ɡ z æ m p̚ p l̩ s 
/home/isaac/Projects/Thesis/data/timit/data/TRAIN/DR7/MRPC1/SX42.WAV,h# b ih bcl b l ih kcl k el s kcl k aa l er z aa gcl g y ux hv ih s tcl t r iy h#, b ɪ b̚ b l ɪ k̚ k l̩ s k̚ k ɑ l ɝ z ɑ ɡ̚ ɡ j ʉ ɦ ɪ s t̚ t ɹ i 
/home/isaac/Projects/Thesis/data/timit/data/TRAIN/DR7/MSES0/SX59.WAV,h# dh ax s ih ng axr z f ih ng er hv ae dx ix s pcl p l ih nx axr h#, ð ə s ɪ ŋ ɚ z f ɪ ŋ ɝ ɦ æ ɾ ɨ s p̚ p l ɪ ɾ̃ ɚ 
/home/isaac/Projects/Thesis/data/timit/data/TRAIN/DR7/MSES0/SX239.WAV,h# p y er iy s ax m f r ux tcl b ix f ao r pcl p axr pcl p er ix ng dh ix s kcl k y ux er z h#, p j ɝ i s ə m f ɹ ʉ t̚ b ɨ f ɔ ɹ p̚ p ɚ p̚ p ɝ ɨ ŋ ð ɨ s k̚ k j ʉ ɝ z 
/home/isaac/Projects/Thesis/data/timit/data/TRAIN/DR7/MSES0/SI2216.WAV,h# q ih tcl t s epi n eh v er r ao ng ax f l ah v ax z r ih l h#, ʔ ɪ t̚ t s  n ɛ v ɝ ɹ ɔ ŋ ə f l ʌ v ə z ɹ ɪ l 
/home/isaac/Projects/Thesis/data/timit/data/TRAIN/DR7/MSES0/SX149.WAV,h# w el w ey dx ix ng f axr tcl ch ih pcl p axr sh iy kcl k r ix s kcl k r ao s dh ix s kcl k w er m eh nx iy tcl t ay m z h#, w l̩ w eɪ ɾ ɨ ŋ f ɚ t̚ tʃ ɪ p̚ p ɚ ʃ i k̚ k ɹ ɨ s k̚ k ɹ ɔ s ð ɨ s k̚ k w ɝ m ɛ ɾ̃ i t̚ t aɪ m z 
/home/isaac/Projects/Thesis/data/timit/data/TRAIN/DR7/MSES0/SX419.WAV,h# dh ax f uh bcl b ao l tcl t iy m kcl k ow tcl ch ae z ax w aa tcl ch pau th ih nx ix z ix dcl d ay m h#, ð ə f ʊ b̚ b ɔ l t̚ t i m k̚ k oʊ t̚ tʃ æ z ə w ɑ t̚ tʃ  θ ɪ ɾ̃ ɨ z ɨ d̚ d aɪ m 
/home/isaac/Projects/Thesis/data/timit/data/TRAIN/DR7/MSES0/SX329.WAV,h# ch ih pcl p ow s pcl p ow n ae l ax m ow nx iy pcl p ey m ix n tcl t s ix n tcl t ax l dh ax l ey dx ix s tcl p aa s ax v el dcl d ey tcl h#, tʃ ɪ p̚ p oʊ s p̚ p oʊ n æ l ə m oʊ ɾ̃ i p̚ p eɪ m ɨ n t̚ t s ɨ n t̚ t ə l ð ə l eɪ ɾ ɨ s t̚ p ɑ s ə v l̩ d̚ d eɪ t̚ 
/home/isaac/Projects/Thesis/data/timit/data/TRAIN/DR7/MSES0/SI2219.WAV,h# sh eh r bcl b ae th pau m ey v iy pau b ix sh eh r ix f r ih dcl jh axr ey dx axr h#, ʃ ɛ ɹ b̚ b æ θ  m eɪ v i  b ɨ ʃ ɛ ɹ ɨ f ɹ ɪ d̚ dʒ ɚ eɪ ɾ ɚ 
/home/isaac/Projects/Thesis/data/timit/data/TRAIN/DR7/MSES0/SI1589.WAV,h# n ow sh ix w ix dcl n aa tcl p axr tcl t eh n d ix m aa dx eh s tcl t iy pau b ix q n iy dh axr m ah sh iy bcl b iy kcl k r ux dcl d l iy bcl b ow l dcl d h#, n oʊ ʃ ɨ w ɨ d̚ n ɑ t̚ p ɚ t̚ t ɛ n d ɨ m ɑ ɾ ɛ s t̚ t i  b ɨ ʔ n i ð ɚ m ʌ ʃ i b̚ b i k̚ k ɹ ʉ d̚ d l i b̚ b oʊ l d̚ d 
/home/isaac/Projects/Thesis/data/timit/data/TRAIN/DR7/FREH0/SX235.WAV,h# q ay q ay dx ix m ay z q ao l ax kcl k aw n tcl s en m ay ey dcl jh en tcl s iy h#, ʔ aɪ ʔ aɪ ɾ ɨ m aɪ z ʔ ɔ l ə k̚ k aʊ n t̚ s n̩ m aɪ eɪ d̚ dʒ n̩ t̚ s i 
/home/isaac/Projects/Thesis/data/timit/data/TRAIN/DR7/FREH0/SX325.WAV,h# dh ax f el m uw n sh ow n bcl b r ay tcl l iy dh ae tcl n ay tcl h#, ð ə f l̩ m u n ʃ oʊ n b̚ b ɹ aɪ t̚ l i ð æ t̚ n aɪ t̚ 
/home/isaac/Projects/Thesis/data/timit/data/TRAIN/DR7/FREH0/SI1945.WAV,h# p r ay v ix q l iy hv iy kcl k r iy ey dx ix dx ix n m ae gcl g n ix f ay dx ix n q ih m ix dcl jh ix v ix m s eh l f ae z ax hv ay axr dx ix s ae s ix n h#, p ɹ aɪ v ɨ ʔ l i ɦ i k̚ k ɹ i eɪ ɾ ɨ ɾ ɨ n m æ ɡ̚ ɡ n ɨ f aɪ ɾ ɨ n ʔ ɪ m ɨ d̚ dʒ ɨ v ɨ m s ɛ l f æ z ə ɦ aɪ ɚ ɾ ɨ s æ s ɨ n 
/home/isaac/Projects/Thesis/data/timit/data/TRAIN/DR7/FREH0/SX415.WAV,h# m uw v dh ix gcl g aa r bcl b ix dcl jh n ih er tcl t ix dh ax l aa r dcl jh epi w ih n dcl d ow h#, m u v ð ɨ ɡ̚ ɡ ɑ ɹ b̚ b ɨ d̚ dʒ n ɪ ɝ t̚ t ɨ ð ə l ɑ ɹ d̚ dʒ  w ɪ n d̚ d oʊ 
/home/isaac/Projects/Thesis/data/timit/data/TRAIN/DR7/FREH0/SX55.WAV,h# dh ax l ae kcl k ix f hh iy tcl k aa m pcl p aw n ix dcl dh ix tcl t eh n ix n tcl s gcl g r iy v ix n s ih z h#, ð ə l æ k̚ k ɨ f h i t̚ k ɑ m p̚ p aʊ n ɨ d̚ ð ɨ t̚ t ɛ n ɨ n t̚ s ɡ̚ ɡ ɹ i v ɨ n s ɪ z 
/home/isaac/Projects/Thesis/data/timit/data/TRAIN/DR7/FREH0/SX145.WAV,h# t ux m ax tcl ch kcl k er ix aa s tcl t iy kcl k en gcl g ih q y ix n tcl t ix tcl t r ah bcl b el h#, t ʉ m ə t̚ tʃ k̚ k ɝ ɨ ɑ s t̚ t i k̚ k n̩ ɡ̚ ɡ ɪ ʔ j ɨ n t̚ t ɨ t̚ t ɹ ʌ b̚ b l̩ 
/home/isaac/Projects/Thesis/data/timit/data/TRAIN/DR7/FREH0/SI685.WAV,h# q eh dx eh nx iy r ey q ix tcl sh ow z ix s hh aw ix m ix tcl t er iy ix l w iy aa r h#, ʔ ɛ ɾ ɛ ɾ̃ i ɹ eɪ ʔ ɨ t̚ ʃ oʊ z ɨ s h aʊ ɨ m ɨ t̚ t ɝ i ɨ l w i ɑ ɹ 
/home/isaac/Projects/Thesis/data/timit/data/TRAIN/DR7/FREH0/SI1315.WAV,h# dh er s eh v r el s ao r s ix z ax v eh v ix dx eh n s aa n ax m ay kcl k r ax m iy dx iy er ay q ix n v ay axr m ix n tcl h#, ð ɝ s ɛ v ɹ l̩ s ɔ ɹ s ɨ z ə v ɛ v ɨ ɾ ɛ n s ɑ n ə m aɪ k̚ k ɹ ə m i ɾ i ɝ aɪ ʔ ɨ n v aɪ ɚ m ɨ n t̚ 
/home/isaac/Projects/Thesis/data/timit/data/TRAIN/DR7/FPAB1/SX31.WAV,h# q ax gcl g uh dx ae dx ih tcl t ux dx ih z aa n bcl b iy dx ix bcl b el h#, ʔ ə ɡ̚ ɡ ʊ ɾ æ ɾ ɪ t̚ t ʉ ɾ ɪ z ɑ n b̚ b i ɾ ɨ b̚ b l̩ 
/home/isaac/Projects/Thesis/data/timit/data/TRAIN/DR7/FPAB1/SX121.WAV,h# t r eh s pcl p ae s iy nx ix z f axr bcl b ih dx en eh n s ah bcl jh ih kcl t ix pcl p eh nx el tcl t iy h#, t ɹ ɛ s p̚ p æ s i ɾ̃ ɨ z f ɚ b̚ b ɪ ɾ n̩ ɛ n s ʌ b̚ dʒ ɪ k̚ t ɨ p̚ p ɛ ɾ̃ l̩ t̚ t i 
/home/isaac/Projects/Thesis/data/timit/data/TRAIN/DR7/FPAB1/SX211.WAV,h# q ow n l ih dh ix bcl b eh s pcl p l ey er z en dcl jh oy pcl p aa pcl p ix l eh er dx iy h#, ʔ oʊ n l ɪ ð ɨ b̚ b ɛ s p̚ p l eɪ ɝ z n̩ d̚ dʒ ɔɪ p̚ p ɑ p̚ p ɨ l ɛ ɝ ɾ i 
/home/isaac/Projects/Thesis/data/timit/data/TRAIN/DR7/FPAB1/SI1471.WAV,h# hh iy l uh kcl t l ey z iy s pcl p oy l dcl d pau ax l ih dx el kcl k w ao r el ax s h#, h i l ʊ k̚ t l eɪ z i s p̚ p ɔɪ l d̚ d  ə l ɪ ɾ l̩ k̚ k w ɔ ɹ l̩ ə s 
/home/isaac/Projects/Thesis/data/timit/data/TRAIN/DR7/FPAB1/SI2101.WAV,h# jh ih s tcl t w ay ih nx iy bcl b ah dx iy sh uh dcl w ih sh tcl t ix s tcl t aa r dx axr r ay ix tcl dh iy gcl g z eh kcl k ix dx ix v ao f s axr dcl d ix dx en ow h#, dʒ ɪ s t̚ t w aɪ ɪ ɾ̃ i b̚ b ʌ ɾ i ʃ ʊ d̚ w ɪ ʃ t̚ t ɨ s t̚ t ɑ ɹ ɾ ɚ ɹ aɪ ɨ t̚ ð i ɡ̚ ɡ z ɛ k̚ k ɨ ɾ ɨ v ɔ f s ɚ d̚ d ɨ ɾ n̩ oʊ 
/home/isaac/Projects/Thesis/data/timit/data/TRAIN/DR7/FPAB1/SX391.WAV,h# dh ey ao l ay kcl k l ao ng hv aa tcl t sh aw axr s h#, ð eɪ ɔ l aɪ k̚ k l ɔ ŋ ɦ ɑ t̚ t ʃ aʊ ɚ s 
/home/isaac/Projects/Thesis/data/timit/data/TRAIN/DR7/FPAB1/SX301.WAV,h# w iy l ay kcl b l ux tcl ch iy z bcl b ah tcl v ih kcl t axr pcl p axr f er s epi w ih s tcl ch iy z h#, w i l aɪ k̚ b l ʉ t̚ tʃ i z b̚ b ʌ t̚ v ɪ k̚ t ɚ p̚ p ɚ f ɝ s  w ɪ s t̚ tʃ i z 
/home/isaac/Projects/Thesis/data/timit/data/TRAIN/DR7/FPAB1/SI841.WAV,h# q eh v r ix s ix ng gcl g el pcl p r aa bcl b l ax m tcl t ah tcl ch tcl t aa n dh ah s f aa r pau ix z r ix l ey dx ih dcl t ix gcl g uh dcl m aa r kcl k ax-h dx iy ng pcl p l ae nx iy n h#, ʔ ɛ v ɹ ɨ s ɨ ŋ ɡ̚ ɡ l̩ p̚ p ɹ ɑ b̚ b l ə m t̚ t ʌ t̚ tʃ t̚ t ɑ n ð ʌ s f ɑ ɹ  ɨ z ɹ ɨ l eɪ ɾ ɪ d̚ t ɨ ɡ̚ ɡ ʊ d̚ m ɑ ɹ k̚ k ə̥ ɾ i ŋ p̚ p l æ ɾ̃ i n 
/home/isaac/Projects/Thesis/data/timit/data/TRAIN/DR7/MKAG0/SX259.WAV,h# t ao r n ey dcl d ow z ao f tcl t ix n dcl d ih s tcl t r oy q ey kcl k axr z q ax v f aa r m l ae n dcl t h#, t ɔ ɹ n eɪ d̚ d oʊ z ɔ f t̚ t ɨ n d̚ d ɪ s t̚ t ɹ ɔɪ ʔ eɪ k̚ k ɚ z ʔ ə v f ɑ ɹ m l æ n d̚ t 
/home/isaac/Projects/Thesis/data/timit/data/TRAIN/DR7/MKAG0/SX79.WAV,h# w ix y ux pcl p l iy z dcl d ih s kcl k r ay bcl dh iy q ih dx iy ao dx ix kcl p r ix dcl d ih kcl k ix m ah n tcl t h#, w ɨ j ʉ p̚ p l i z d̚ d ɪ s k̚ k ɹ aɪ b̚ ð i ʔ ɪ ɾ i ɔ ɾ ɨ k̚ p ɹ ɨ d̚ d ɪ k̚ k ɨ m ʌ n t̚ t 
/home/isaac/Projects/Thesis/data/timit/data/TRAIN/DR7/MKAG0/SI2239.WAV,h# dh ah l iy gcl g z er f el ax v gcl g ay z l ay kcl th ae tcl t h#, ð ʌ l i ɡ̚ ɡ z ɝ f l̩ ə v ɡ̚ ɡ aɪ z l aɪ k̚ θ æ t̚ t 
/home/isaac/Projects/Thesis/data/timit/data/TRAIN/DR7/MKAG0/SI979.WAV,h# q aa l m ow s tcl t eh v ix bcl b ah dx iy ix n ix s iy n y axr kcl k l ae s q ix z epi m eh r iy dcl d pau s tcl t ux dcl en tcl t s ey dcl d ao gcl m ae dx ix kcl k l iy h#, ʔ ɑ l m oʊ s t̚ t ɛ v ɨ b̚ b ʌ ɾ i ɨ n ɨ s i n j ɚ k̚ k l æ s ʔ ɨ z  m ɛ ɹ i d̚ d  s t̚ t ʉ d̚ n̩ t̚ t s eɪ d̚ d ɔ ɡ̚ m æ ɾ ɨ k̚ k l i 
/home/isaac/Projects/Thesis/data/timit/data/TRAIN/DR7/MKAG0/SX439.WAV,h# dh ae tcl s tcl t ih ng iy n v ey pcl p axr w ax z kcl k ao z dcl b ay kcl k l ao r oy dcl d v ey pcl p axr ix z ey sh ax n h#, ð æ t̚ s t̚ t ɪ ŋ i n v eɪ p̚ p ɚ w ə z k̚ k ɔ z d̚ b aɪ k̚ k l ɔ ɹ ɔɪ d̚ d v eɪ p̚ p ɚ ɨ z eɪ ʃ ə n 
/home/isaac/Projects/Thesis/data/timit/data/TRAIN/DR7/MKAG0/SX30.WAV,h# g eh dx ih kcl k ae l ah kcl k el kcl k ae tcl t ix kcl k iy pcl p h#, ɡ ɛ ɾ ɪ k̚ k æ l ʌ k̚ k l̩ k̚ k æ t̚ t ɨ k̚ k i p̚ p 
/home/isaac/Projects/Thesis/data/timit/data/TRAIN/DR7/MKAG0/SX169.WAV,h# hh aw w ix dcl jh ux ey v ae l y uw ey tcl dh ix s ae l dcl jh ix bcl b r ey kcl k ix kcl s pcl p r eh sh ah n h#, h aʊ w ɨ d̚ dʒ ʉ eɪ v æ l j u eɪ t̚ ð ɨ s æ l d̚ dʒ ɨ b̚ b ɹ eɪ k̚ k ɨ k̚ s p̚ p ɹ ɛ ʃ ʌ n 
/home/isaac/Projects/Thesis/data/timit/data/TRAIN/DR7/MKAG0/SI1609.WAV,h# dh ix n ey m f eh l w ih th l ey z iy ax f eh kcl k sh ix n eh q r iy m eh m bcl b r ax n tcl s f axr m axr l ih pcl p s h#, ð ɨ n eɪ m f ɛ l w ɪ θ l eɪ z i ə f ɛ k̚ k ʃ ɨ n ɛ ʔ ɹ i m ɛ m b̚ b ɹ ə n t̚ s f ɚ m ɚ l ɪ p̚ p s 
/home/isaac/Projects/Thesis/data/timit/data/TRAIN/DR7/MVRW0/SX45.WAV,h# ax dcl d ih sh ix nx eh n s bcl t r ae kcl sh ix nx aa r l er n dcl d s kcl k ih l s h#, ə d̚ d ɪ ʃ ɨ ɾ̃ ɛ n s b̚ t ɹ æ k̚ ʃ ɨ ɾ̃ ɑ ɹ l ɝ n d̚ d s k̚ k ɪ l s 
/home/isaac/Projects/Thesis/data/timit/data/TRAIN/DR7/MVRW0/SI855.WAV,h# y ux z dcl d iy dcl d ah kcl t ix bcl b el ah n sh er ax n s epi w axr eh v axr f iy z ix bcl b el h#, j ʉ z d̚ d i d̚ d ʌ k̚ t ɨ b̚ b l̩ ʌ n ʃ ɝ ə n s  w ɚ ɛ v ɚ f i z ɨ b̚ b l̩ 
/home/isaac/Projects/Thesis/data/timit/data/TRAIN/DR7/MVRW0/SX405.WAV,h# ax v kcl k ao r s ux kcl k ix nx ae v ax n ah dh er tcl t ux nx ix f ih sh s ae n w ax tcl ch h#, ə v k̚ k ɔ ɹ s ʉ k̚ k ɨ ɾ̃ æ v ə n ʌ ð ɝ t̚ t ʉ ɾ̃ ɨ f ɪ ʃ s æ n w ə t̚ tʃ 
/home/isaac/Projects/Thesis/data/timit/data/TRAIN/DR7/MVRW0/SX315.WAV,h# b aa bcl b f aw n m ao r kcl k l ae m z epi dh iy ow sh ix n z q eh dcl jh h#, b ɑ b̚ b f aʊ n m ɔ ɹ k̚ k l æ m z  ð i oʊ ʃ ɨ n z ʔ ɛ d̚ dʒ 
/home/isaac/Projects/Thesis/data/timit/data/TRAIN/DR7/MVRW0/SX135.WAV,h# t eh kcl n ix kcl k el r ay dx axr z kcl k ix nx ix m bcl b r iy v iy ey tcl ix n bcl b ih bcl l iy aa gcl g axr f iy s h#, t ɛ k̚ n ɨ k̚ k l̩ ɹ aɪ ɾ ɚ z k̚ k ɨ ɾ̃ ɨ m b̚ b ɹ i v i eɪ t̚ ɨ n b̚ b ɪ b̚ l i ɑ ɡ̚ ɡ ɚ f i s 
/home/isaac/Projects/Thesis/data/timit/data/TRAIN/DR7/MVRW0/SI1485.WAV,h# dh iy ih dh axr pcl p ey tcl t er n z w er tcl t ae kcl s iy dcl d r ay v er z ix n q aa r tcl t s tcl t ux dx en s q ax-h n s epi m ao l sh aa pcl k iy pcl p axr s h#, ð i ɪ ð ɚ p̚ p eɪ t̚ t ɝ n z w ɝ t̚ t æ k̚ s i d̚ d ɹ aɪ v ɝ z ɨ n ʔ ɑ ɹ t̚ t s t̚ t ʉ ɾ n̩ s ʔ ə̥ n s  m ɔ l ʃ ɑ p̚ k i p̚ p ɚ s 
/home/isaac/Projects/Thesis/data/timit/data/TRAIN/DR7/MVRW0/SX225.WAV,h# k iy pcl dh ih th axr m aa m ah dx er ah n dcl d ux y axr tcl t ah ng h#, k i p̚ ð ɪ θ ɚ m ɑ m ʌ ɾ ɝ ʌ n d̚ d ʉ j ɚ t̚ t ʌ ŋ 
/home/isaac/Projects/Thesis/data/timit/data/TRAIN/DR7/MVRW0/SI2115.WAV,h# n ey m dcl d ae f tcl t axr dh ax bcl b ae l ey h#, n eɪ m d̚ d æ f t̚ t ɚ ð ə b̚ b æ l eɪ 
/home/isaac/Projects/Thesis/data/timit/data/TRAIN/DR7/MRLJ1/SX51.WAV,h# q ae m bcl b ih dcl d eh kcl k sh r ih s pcl p ih kcl p aa kcl k ix tcl s ix kcl k aa m pcl p l ix sh epi m ao r h#, ʔ æ m b̚ b ɪ d̚ d ɛ k̚ k ʃ ɹ ɪ s p̚ p ɪ k̚ p ɑ k̚ k ɨ t̚ s ɨ k̚ k ɑ m p̚ p l ɨ ʃ  m ɔ ɹ 
/home/isaac/Projects/Thesis/data/timit/data/TRAIN/DR7/MRLJ1/SX141.WAV,h# p l eh dcl jh tcl t ax-h pcl p axr tcl t ih s ix pcl p ey dx ix n ax v ae dx ah z ix kcl k w aa dx ix kcl k aa m pcl p ax tcl t ih sh en h#, p l ɛ d̚ dʒ t̚ t ə̥ p̚ p ɚ t̚ t ɪ s ɨ p̚ p eɪ ɾ ɨ n ə v æ ɾ ʌ z ɨ k̚ k w ɑ ɾ ɨ k̚ k ɑ m p̚ p ə t̚ t ɪ ʃ n̩ 
/home/isaac/Projects/Thesis/data/timit/data/TRAIN/DR7/MRLJ1/SX321.WAV,h# dh ax gcl g r aw n dcl d hh ao gcl k l ih r l ix s ao ix sh ae dx ao pau b ix tcl s tcl t ey dx aw tcl t q ow n iy ix m ow m ix tcl h#, ð ə ɡ̚ ɡ ɹ aʊ n d̚ d h ɔ ɡ̚ k l ɪ ɹ l ɨ s ɔ ɨ ʃ æ ɾ ɔ  b ɨ t̚ s t̚ t eɪ ɾ aʊ t̚ t ʔ oʊ n i ɨ m oʊ m ɨ t̚ 
/home/isaac/Projects/Thesis/data/timit/data/TRAIN/DR7/MRLJ1/SX411.WAV,h# b ah dx axr s kcl k aa tcl ch f ah dcl jh gcl g ow z epi w eh l w ax th f ax n eh l ax q ay s kcl k r ix m h#, b ʌ ɾ ɚ s k̚ k ɑ t̚ tʃ f ʌ d̚ dʒ ɡ̚ ɡ oʊ z  w ɛ l w ə θ f ə n ɛ l ə ʔ aɪ s k̚ k ɹ ɨ m 
/home/isaac/Projects/Thesis/data/timit/data/TRAIN/DR7/MRLJ1/SI1671.WAV,h# dh ax n ay f l ay kcl p ey n ix n ix z gcl g r oy n ih r l ix bcl b r ao tcl t hh ix m dcl d aw n ix gcl g eh n h#, ð ə n aɪ f l aɪ k̚ p eɪ n ɨ n ɨ z ɡ̚ ɡ ɹ ɔɪ n ɪ ɹ l ɨ b̚ b ɹ ɔ t̚ t h ɨ m d̚ d aʊ n ɨ ɡ̚ ɡ ɛ n 
/home/isaac/Projects/Thesis/data/timit/data/TRAIN/DR7/MRLJ1/SI2332.WAV,h# q ay s ao y er hv ao r s epi aw tcl s epi ay dcl h#, ʔ aɪ s ɔ j ɝ ɦ ɔ ɹ s  aʊ t̚ s  aɪ d̚ 
/home/isaac/Projects/Thesis/data/timit/data/TRAIN/DR7/MRLJ1/SI2301.WAV,h# v eh r ih pcl p ix kcl k y ux y er r eh tcl ch axr bcl b y ux sh epi en ix n dcl d iy dcl s iy m z tcl t ux ow v axr tcl t ey kcl k s epi ah tcl ch dcl jh ow kcl k axr s h#, v ɛ ɹ ɪ p̚ p ɨ k̚ k j ʉ j ɝ ɹ ɛ t̚ tʃ ɚ b̚ b j ʉ ʃ  n̩ ɨ n d̚ d i d̚ s i m z t̚ t ʉ oʊ v ɚ t̚ t eɪ k̚ k s  ʌ t̚ tʃ d̚ dʒ oʊ k̚ k ɚ s 
/home/isaac/Projects/Thesis/data/timit/data/TRAIN/DR7/MRLJ1/SX231.WAV,h# q ay aa n er m ay m aa m h#, ʔ aɪ ɑ n ɝ m aɪ m ɑ m 
/home/isaac/Projects/Thesis/data/timit/data/TRAIN/DR7/MDCM0/SX400.WAV,h# jh ih s dcl d r aa pcl n ow dx ax s ix z ix n eh nx iy s ix dcl jh eh sh tcl ch en bcl b aa kcl k s h#, dʒ ɪ s d̚ d ɹ ɑ p̚ n oʊ ɾ ə s ɨ z ɨ n ɛ ɾ̃ i s ɨ d̚ dʒ ɛ ʃ t̚ tʃ n̩ b̚ b ɑ k̚ k s 
/home/isaac/Projects/Thesis/data/timit/data/TRAIN/DR7/MDCM0/SX310.WAV,h# dh ix hv uh dx ih v dh ix dcl jh iy pcl p w ax s tcl t iy m iy n ix n ax hv aa q s ah n h#, ð ɨ ɦ ʊ ɾ ɪ v ð ɨ d̚ dʒ i p̚ p w ə s t̚ t i m i n ɨ n ə ɦ ɑ ʔ s ʌ n 
/home/isaac/Projects/Thesis/data/timit/data/TRAIN/DR7/MDCM0/SI2110.WAV,h# w ix th eh n iy l ah kcl k ix dx ao l hv iy kcl k ix dx iy z l iy f ay n d ix f l aw axr pcl p aa tcl h#, w ɨ θ ɛ n i l ʌ k̚ k ɨ ɾ ɔ l ɦ i k̚ k ɨ ɾ i z l i f aɪ n d ɨ f l aʊ ɚ p̚ p ɑ t̚ 
/home/isaac/Projects/Thesis/data/timit/data/TRAIN/DR7/MDCM0/SX40.WAV,h# s tcl t ih m y ux ey dx iy ng dcl d ix s kcl k ah sh en z kcl k iy pcl p s tcl t ux dcl en tcl t s ix tcl t eh n sh ix n h#, s t̚ t ɪ m j ʉ eɪ ɾ i ŋ d̚ d ɨ s k̚ k ʌ ʃ n̩ z k̚ k i p̚ p s t̚ t ʉ d̚ n̩ t̚ t s ɨ t̚ t ɛ n ʃ ɨ n 
/home/isaac/Projects/Thesis/data/timit/data/TRAIN/DR7/MDCM0/SX130.WAV,h# hh iy ey tcl f ao r eh kcl s tcl t r ax q eh gcl g z f axr bcl b r eh kcl f ix s tcl h#, h i eɪ t̚ f ɔ ɹ ɛ k̚ s t̚ t ɹ ə ʔ ɛ ɡ̚ ɡ z f ɚ b̚ b ɹ ɛ k̚ f ɨ s t̚ 
/home/isaac/Projects/Thesis/data/timit/data/TRAIN/DR7/MDCM0/SI1480.WAV,h# k l ow s axr s tcl t ih l pau r eh gcl g y ih axr bcl b eh er kcl k ey dcl z ix v bcl b aa r bcl d w ay axr hh ah ng aa n tcl t ih m bcl b axr s ax pcl p ao r tcl t s h#, k l oʊ s ɚ s t̚ t ɪ l  ɹ ɛ ɡ̚ ɡ j ɪ ɚ b̚ b ɛ ɝ k̚ k eɪ d̚ z ɨ v b̚ b ɑ ɹ b̚ d w aɪ ɚ h ʌ ŋ ɑ n t̚ t ɪ m b̚ b ɚ s ə p̚ p ɔ ɹ t̚ t s 
/home/isaac/Projects/Thesis/data/timit/data/TRAIN/DR7/MDCM0/SI850.WAV,h# aa r y ux q ah n dcl d er ay dx iy n ix kcl k s pcl p eh n s ix v tcl t iy m tcl t r ih pcl p s h#, ɑ ɹ j ʉ ʔ ʌ n d̚ d ɝ aɪ ɾ i n ɨ k̚ k s p̚ p ɛ n s ɨ v t̚ t i m t̚ t ɹ ɪ p̚ p s 
/home/isaac/Projects/Thesis/data/timit/data/TRAIN/DR7/MDCM0/SX220.WAV,h# dh ax m ow s tcl r iy s en tcl jh iy ax l aa dcl jh ax-h kcl k el s er v ey f aw n dcl s ay z m ix kcl k ae kcl t ih v ix dx iy h#, ð ə m oʊ s t̚ ɹ i s n̩ t̚ dʒ i ə l ɑ d̚ dʒ ə̥ k̚ k l̩ s ɝ v eɪ f aʊ n d̚ s aɪ z m ɨ k̚ k æ k̚ t ɪ v ɨ ɾ i 
/home/isaac/Projects/Thesis/data/timit/data/TRAIN/DR7/MPFU0/SI1258.WAV,h# ix tcl d ih z pau n aa q ih n dx ih kcl k ey tcl l ux s pau m ae nx ix dcl jh epi m ix n tcl t pau q ih nx ih f eh kcl t ix v kcl k en tcl t r ow l z pau ao r pcl p ao r pcl p aa l ax s iy h#, ɨ t̚ d ɪ z  n ɑ ʔ ɪ n ɾ ɪ k̚ k eɪ t̚ l ʉ s  m æ ɾ̃ ɨ d̚ dʒ  m ɨ n t̚ t  ʔ ɪ ɾ̃ ɪ f ɛ k̚ t ɨ v k̚ k n̩ t̚ t ɹ oʊ l z  ɔ ɹ p̚ p ɔ ɹ p̚ p ɑ l ə s i 
/home/isaac/Projects/Thesis/data/timit/data/TRAIN/DR7/MPFU0/SX178.WAV,h# sh iy ix n kcl k er ix dcl jh dcl t hh axr tcl ch ih l dcl d r ix n tcl t ax-h m ey kcl dh er ow n hv ae l ax w iy n kcl k aa s tcl ch ux m z h#, ʃ i ɨ n k̚ k ɝ ɨ d̚ dʒ d̚ t h ɚ t̚ tʃ ɪ l d̚ d ɹ ɨ n t̚ t ə̥ m eɪ k̚ ð ɝ oʊ n ɦ æ l ə w i n k̚ k ɑ s t̚ tʃ ʉ m z 
/home/isaac/Projects/Thesis/data/timit/data/TRAIN/DR7/MPFU0/SX88.WAV,h# f l ay ng s tcl t ae n dcl b ay kcl k en bcl b iy pcl p r ae kcl t ix kcl k ax l pau ix f y ax w aa n tcl t ax-h s ey v m ah nx iy h#, f l aɪ ŋ s t̚ t æ n d̚ b aɪ k̚ k n̩ b̚ b i p̚ p ɹ æ k̚ t ɨ k̚ k ə l  ɨ f j ə w ɑ n t̚ t ə̥ s eɪ v m ʌ ɾ̃ i 
/home/isaac/Projects/Thesis/data/timit/data/TRAIN/DR7/MPFU0/SX268.WAV,h# dh ix dcl jh ao q aa pcl p axr ey tcl s bcl b ay y ux z ix ng eh n tcl t ae gcl g ix n ih s tcl t ix kcl k m ah s el z h#, ð ɨ d̚ dʒ ɔ ʔ ɑ p̚ p ɚ eɪ t̚ s b̚ b aɪ j ʉ z ɨ ŋ ɛ n t̚ t æ ɡ̚ ɡ ɨ n ɪ s t̚ t ɨ k̚ k m ʌ s l̩ z 
/home/isaac/Projects/Thesis/data/timit/data/TRAIN/DR7/MPFU0/SX448.WAV,h# s f ih r ih kcl k el gcl g ih f s q ax r dcl d ih f ih kcl k el tcl t axr r ae pcl p h#, s f ɪ ɹ ɪ k̚ k l̩ ɡ̚ ɡ ɪ f s ʔ ə ɹ d̚ d ɪ f ɪ k̚ k l̩ t̚ t ɚ ɹ æ p̚ p 
/home/isaac/Projects/Thesis/data/timit/data/TRAIN/DR7/MPFU0/SI1888.WAV,h# dh er z pau n ow w ao r aa n aw h#, ð ɝ z  n oʊ w ɔ ɹ ɑ n aʊ 
/home/isaac/Projects/Thesis/data/timit/data/TRAIN/DR7/MPFU0/SI628.WAV,h# q ix dx ao l tcl t ey kcl k s pcl p l ey s pau en iy ey tcl t iy n tcl s eh n tcl ch axr ix h#, ʔ ɨ ɾ ɔ l t̚ t eɪ k̚ k s p̚ p l eɪ s  n̩ i eɪ t̚ t i n t̚ s ɛ n t̚ tʃ ɚ ɨ 
/home/isaac/Projects/Thesis/data/timit/data/TRAIN/DR7/MPFU0/SX358.WAV,h# jh ao r dcl jh s eh l dcl d ax m w aa tcl ch ix z dcl d ey tcl t ay m uw v iy z h#, dʒ ɔ ɹ d̚ dʒ s ɛ l d̚ d ə m w ɑ t̚ tʃ ɨ z d̚ d eɪ t̚ t aɪ m u v i z 
/home/isaac/Projects/Thesis/data/timit/data/TRAIN/DR7/MRMH0/SX31.WAV,h# q ax gcl g uh dx ae dx ih tcl t ux dcl d ix z ah n bcl b iy dx ix bcl b el h#, ʔ ə ɡ̚ ɡ ʊ ɾ æ ɾ ɪ t̚ t ʉ d̚ d ɨ z ʌ n b̚ b i ɾ ɨ b̚ b l̩ 
/home/isaac/Projects/Thesis/data/timit/data/TRAIN/DR7/MRMH0/SI1349.WAV,h# dh ih s ix kcl k s pcl p l ey n s ah m gcl g r ux pcl p eh n z ix n pcl p r ax v ay dcl z ix dcl jh ah s f kcl k ey sh en ax dh axr pcl p r ay m ax s iy h#, ð ɪ s ɨ k̚ k s p̚ p l eɪ n s ʌ m ɡ̚ ɡ ɹ ʉ p̚ p ɛ n z ɨ n p̚ p ɹ ə v aɪ d̚ z ɨ d̚ dʒ ʌ s f k̚ k eɪ ʃ n̩ ə ð ɚ p̚ p ɹ aɪ m ə s i 
/home/isaac/Projects/Thesis/data/timit/data/TRAIN/DR7/MRMH0/SX121.WAV,h# t r eh s pcl p ae s ix ng ih z f axr bcl b ih dcl en ix n s ah bcl jh ih kcl t ax-h pcl p eh nx el tcl t iy h#, t ɹ ɛ s p̚ p æ s ɨ ŋ ɪ z f ɚ b̚ b ɪ d̚ n̩ ɨ n s ʌ b̚ dʒ ɪ k̚ t ə̥ p̚ p ɛ ɾ̃ l̩ t̚ t i 
/home/isaac/Projects/Thesis/data/timit/data/TRAIN/DR7/MRMH0/SX211.WAV,h# q ow l iy dh ix bcl b eh s tcl p l ey axr z ix n dcl jh oy pcl p aa pcl p ix l eh axr dx iy h#, ʔ oʊ l i ð ɨ b̚ b ɛ s t̚ p l eɪ ɚ z ɨ n d̚ dʒ ɔɪ p̚ p ɑ p̚ p ɨ l ɛ ɚ ɾ i 
/home/isaac/Projects/Thesis/data/timit/data/TRAIN/DR7/MRMH0/SX391.WAV,h# dh ey aa l ay kcl k l ao ng hv aa tcl sh aw axr z h#, ð eɪ ɑ l aɪ k̚ k l ɔ ŋ ɦ ɑ t̚ ʃ aʊ ɚ z 
/home/isaac/Projects/Thesis/data/timit/data/TRAIN/DR7/MRMH0/SX301.WAV,h# w iy l ay kcl b l ux tcl ch iy z bcl b ax tcl v ih kcl t axr pcl p axr f er s epi w ih s tcl ch iy z h#, w i l aɪ k̚ b l ʉ t̚ tʃ i z b̚ b ə t̚ v ɪ k̚ t ɚ p̚ p ɚ f ɝ s  w ɪ s t̚ tʃ i z 
/home/isaac/Projects/Thesis/data/timit/data/TRAIN/DR7/MRMH0/SI1021.WAV,h# dh ax-h kcl k ae bcl b oy z hh y ux m er s epi n ey m epi f r ax kcl k aw gcl g ix v ix ng m ih l kcl k w ah z ix m ih l kcl p ix tcl ch axr h#, ð ə̥ k̚ k æ b̚ b ɔɪ z h j ʉ m ɝ s  n eɪ m  f ɹ ə k̚ k aʊ ɡ̚ ɡ ɨ v ɨ ŋ m ɪ l k̚ k w ʌ z ɨ m ɪ l k̚ p ɨ t̚ tʃ ɚ 
/home/isaac/Projects/Thesis/data/timit/data/TRAIN/DR7/MRMH0/SI2281.WAV,h# s ae m pcl p el z pau hh iy w aa kcl k ix nx ax pcl p aa n hv er q ix n v ix tcl t ey sh epi en h#, s æ m p̚ p l̩ z  h i w ɑ k̚ k ɨ ɾ̃ ə p̚ p ɑ n ɦ ɝ ʔ ɨ n v ɨ t̚ t eɪ ʃ  n̩ 
/home/isaac/Projects/Thesis/data/timit/data/TRAIN/DR7/MTMN0/SX344.WAV,h# q ay n ow ay dcl d ih dcl en m iy q hh er q er l iy ix n ah f h#, ʔ aɪ n oʊ aɪ d̚ d ɪ d̚ n̩ m i ʔ h ɝ ʔ ɝ l i ɨ n ʌ f 
/home/isaac/Projects/Thesis/data/timit/data/TRAIN/DR7/MTMN0/SX74.WAV,h# q eh nx ah f ih sh el dcl d eh dcl d l ay n kcl k ix n aa q b iy pcl p ow s pcl p ow n dcl d h#, ʔ ɛ ɾ̃ ʌ f ɪ ʃ l̩ d̚ d ɛ d̚ d l aɪ n k̚ k ɨ n ɑ ʔ b i p̚ p oʊ s p̚ p oʊ n d̚ d 
/home/isaac/Projects/Thesis/data/timit/data/TRAIN/DR7/MTMN0/SI582.WAV,h# q ix tcl t s iy m z eh tcl t ow pcl p en s iy z ih n ah bcl b aa n v eh tcl t r ix n z hh aa s pcl p ix dx ax l ax z ey sh ix n pau q ix z w ah n tcl t s epi m ao r ah bcl b aa nx ax s h#, ʔ ɨ t̚ t s i m z ɛ t̚ t oʊ p̚ p n̩ s i z ɪ n ʌ b̚ b ɑ n v ɛ t̚ t ɹ ɨ n z h ɑ s p̚ p ɨ ɾ ə l ə z eɪ ʃ ɨ n  ʔ ɨ z w ʌ n t̚ t s  m ɔ ɹ ʌ b̚ b ɑ ɾ̃ ə s 
/home/isaac/Projects/Thesis/data/timit/data/TRAIN/DR7/MTMN0/SX254.WAV,h# d ux dh ey ax l aw ey th iy ix s tcl t ix n tcl ch er tcl ch h#, d ʉ ð eɪ ə l aʊ eɪ θ i ɨ s t̚ t ɨ n t̚ tʃ ɝ t̚ tʃ 
/home/isaac/Projects/Thesis/data/timit/data/TRAIN/DR7/MTMN0/SI1064.WAV,h# ah n l eh s epi w ix s eh n dcl d aw tcl dh ax hh ow l pcl p ay pau dh eh r pcl p iy s ix z m iy n ah th ix ng h#, ʌ n l ɛ s  w ɨ s ɛ n d̚ d aʊ t̚ ð ə h oʊ l p̚ p aɪ  ð ɛ ɹ p̚ p i s ɨ z m i n ʌ θ ɨ ŋ 
/home/isaac/Projects/Thesis/data/timit/data/TRAIN/DR7/MTMN0/SX164.WAV,h# k y er iy aa s ix dx iy ih n m iy dx iy aa kcl k r ix s iy s eh l dcl d ax ng kcl k ow ax gcl g z ix s tcl t h#, k j ɝ i ɑ s ɨ ɾ i ɪ n m i ɾ i ɑ k̚ k ɹ ɨ s i s ɛ l d̚ d ə ŋ k̚ k oʊ ə ɡ̚ ɡ z ɨ s t̚ t 
/home/isaac/Projects/Thesis/data/timit/data/TRAIN/DR7/MTMN0/SX434.WAV,h# q iy tcl ch s tcl t ae gcl g sh er l ix f ay n dcl z ix bcl b ih gcl g f ao n h#, ʔ i t̚ tʃ s t̚ t æ ɡ̚ ɡ ʃ ɝ l ɨ f aɪ n d̚ z ɨ b̚ b ɪ ɡ̚ ɡ f ɔ n 
/home/isaac/Projects/Thesis/data/timit/data/TRAIN/DR7/MTMN0/SI2324.WAV,h# k iy pcl p y axr s iy tcl s bcl b oy z pau ay dcl jh ih s epi w ah n tcl t ax pcl p uh tcl s em f ix n ih sh eng tcl t ah tcl ch ix z ao n dh ax s th ix ng h#, k i p̚ p j ɚ s i t̚ s b̚ b ɔɪ z  aɪ d̚ dʒ ɪ s  w ʌ n t̚ t ə p̚ p ʊ t̚ s m̩ f ɨ n ɪ ʃ ŋ̍ t̚ t ʌ t̚ tʃ ɨ z ɔ n ð ə s θ ɨ ŋ 
/home/isaac/Projects/Thesis/data/timit/data/TRAIN/DR7/MHBS0/SX45.WAV,h# q ah dcl d ih sh ix n eh n s ax bcl t r ae kcl sh ix nx aa r l er n dcl s kcl k ih l z h#, ʔ ʌ d̚ d ɪ ʃ ɨ n ɛ n s ə b̚ t ɹ æ k̚ ʃ ɨ ɾ̃ ɑ ɹ l ɝ n d̚ s k̚ k ɪ l z 
/home/isaac/Projects/Thesis/data/timit/data/TRAIN/DR7/MHBS0/SI945.WAV,h# q eh dcl v ae nx ix dcl jh ih z ax f aa r m pcl p r ax v ay dcl z pau q ax hh ow l s ax m ix n hv eh l th f el ax n v ay er m en tcl f axr tcl ch ix l dcl d r en h#, ʔ ɛ d̚ v æ ɾ̃ ɨ d̚ dʒ ɪ z ə f ɑ ɹ m p̚ p ɹ ə v aɪ d̚ z  ʔ ə h oʊ l s ə m ɨ n ɦ ɛ l θ f l̩ ə n v aɪ ɝ m n̩ t̚ f ɚ t̚ tʃ ɨ l d̚ d ɹ n̩ 
/home/isaac/Projects/Thesis/data/timit/data/TRAIN/DR7/MHBS0/SI1575.WAV,h# s ah dx en l iy sh ix w ix z v er iy m ix s tcl t er r iy ix s ix n dcl d axr m ae dx ix kcl k h#, s ʌ ɾ n̩ l i ʃ ɨ w ɨ z v ɝ i m ɨ s t̚ t ɝ ɹ i ɨ s ɨ n d̚ d ɚ m æ ɾ ɨ k̚ k 
/home/isaac/Projects/Thesis/data/timit/data/TRAIN/DR7/MHBS0/SX405.WAV,h# ax-h f kcl k ao r sh uh kcl k ix n hv ae v ix n ah dh axr tcl t ux n ix f ih sh s ae n w ix tcl ch h#, ə̥ f k̚ k ɔ ɹ ʃ ʊ k̚ k ɨ n ɦ æ v ɨ n ʌ ð ɚ t̚ t ʉ n ɨ f ɪ ʃ s æ n w ɨ t̚ tʃ 
/home/isaac/Projects/Thesis/data/timit/data/TRAIN/DR7/MHBS0/SX315.WAV,h# b aa bcl f aw n m ao r kcl k l ae m z ix tcl dh iy ow sh en z eh dcl jh h#, b ɑ b̚ f aʊ n m ɔ ɹ k̚ k l æ m z ɨ t̚ ð i oʊ ʃ n̩ z ɛ d̚ dʒ 
/home/isaac/Projects/Thesis/data/timit/data/TRAIN/DR7/MHBS0/SX135.WAV,h# t eh kcl n ix kcl k el r ay dx er z kcl k ix nx ix bcl b r iy v iy ey dx ih n bcl b ih bcl b l iy aa gcl g axr f iy s h#, t ɛ k̚ n ɨ k̚ k l̩ ɹ aɪ ɾ ɝ z k̚ k ɨ ɾ̃ ɨ b̚ b ɹ i v i eɪ ɾ ɪ n b̚ b ɪ b̚ b l i ɑ ɡ̚ ɡ ɚ f i s 
/home/isaac/Projects/Thesis/data/timit/data/TRAIN/DR7/MHBS0/SX225.WAV,h# k iy pcl th ih th axr m aa m ix dx er ah n dcl d axr y axr tcl t ah ng h#, k i p̚ θ ɪ θ ɚ m ɑ m ɨ ɾ ɝ ʌ n d̚ d ɚ j ɚ t̚ t ʌ ŋ 
/home/isaac/Projects/Thesis/data/timit/data/TRAIN/DR7/MHBS0/SI2205.WAV,h# sh iy s ao m iy en s ae tcl d aw n bcl b iy s ay dcl m iy pau th r iy f iy dx ax w ey h#, ʃ i s ɔ m i n̩ s æ t̚ d aʊ n b̚ b i s aɪ d̚ m i  θ ɹ i f i ɾ ə w eɪ 
/home/isaac/Projects/Thesis/data/timit/data/TRAIN/DR7/MHXL0/SI612.WAV,h# s pcl p l eh n axr bcl b ay s ao r s axr iy pau ih tcl s ax hh ao axr h#, s p̚ p l ɛ n ɚ b̚ b aɪ s ɔ ɹ s ɚ i  ɪ t̚ s ə h ɔ ɚ 
/home/isaac/Projects/Thesis/data/timit/data/TRAIN/DR7/MHXL0/SX242.WAV,h# m ey ay ao r dx axr ax s tcl t r aa bcl b er ih s ah n dcl ey ae f tcl t axr ay iy tcl d ih nx axr h#, m eɪ aɪ ɔ ɹ ɾ ɚ ə s t̚ t ɹ ɑ b̚ b ɝ ɪ s ʌ n d̚ eɪ æ f t̚ t ɚ aɪ i t̚ d ɪ ɾ̃ ɚ 
/home/isaac/Projects/Thesis/data/timit/data/TRAIN/DR7/MHXL0/SX152.WAV,h# m ax s kcl k iy dx ow z ix gcl g z ih s tcl t ih n ax w aa r m hv y uw m ih dcl k l ay m ix tcl t s h#, m ə s k̚ k i ɾ oʊ z ɨ ɡ̚ ɡ z ɪ s t̚ t ɪ n ə w ɑ ɹ m ɦ j u m ɪ d̚ k l aɪ m ɨ t̚ t s 
/home/isaac/Projects/Thesis/data/timit/data/TRAIN/DR7/MHXL0/SX422.WAV,h# w ah n s y ix f ih n ix sh gcl g r iy s ix ng y axr tcl ch ey n pau b iy sh er dx ax w aa sh th er ow l iy h#, w ʌ n s j ɨ f ɪ n ɨ ʃ ɡ̚ ɡ ɹ i s ɨ ŋ j ɚ t̚ tʃ eɪ n  b i ʃ ɝ ɾ ə w ɑ ʃ θ ɝ oʊ l i 
/home/isaac/Projects/Thesis/data/timit/data/TRAIN/DR7/MHXL0/SI512.WAV,h# ih tcl w aa z m ow s tcl t ax f eh kcl t ih v ax gcl g eh n s tcl t r ey dcl y ux n y ix n s h#, ɪ t̚ w ɑ z m oʊ s t̚ t ə f ɛ k̚ t ɪ v ə ɡ̚ ɡ ɛ n s t̚ t ɹ eɪ d̚ j ʉ n j ɨ n s 
/home/isaac/Projects/Thesis/data/timit/data/TRAIN/DR7/MHXL0/SX62.WAV,h# q eh n iy kcl k aa n tcl t r ih bcl b y ux sh en z w el bcl b iy gcl g r ey tcl l iy ax pcl p r iy sh ih ey dx ix dcl d h#, ʔ ɛ n i k̚ k ɑ n t̚ t ɹ ɪ b̚ b j ʉ ʃ n̩ z w l̩ b̚ b i ɡ̚ ɡ ɹ eɪ t̚ l i ə p̚ p ɹ i ʃ ɪ eɪ ɾ ɨ d̚ d 
/home/isaac/Projects/Thesis/data/timit/data/TRAIN/DR7/MHXL0/SI1772.WAV,h# hh ey s tcl t ix l iy dh ax bcl b oy s w ih tcl ch tcl t ao n ax s iy l ih ng l ay tcl t h#, h eɪ s t̚ t ɨ l i ð ə b̚ b ɔɪ s w ɪ t̚ tʃ t̚ t ɔ n ə s i l ɪ ŋ l aɪ t̚ t 
/home/isaac/Projects/Thesis/data/timit/data/TRAIN/DR7/MHXL0/SX332.WAV,h# t aa dcl p l ey s tcl t aa pcl p r ay ao axr dx iy ah n gcl g eh dx ih ng hv ix z bcl b ay kcl k f ih kcl s tcl h#, t ɑ d̚ p l eɪ s t̚ t ɑ p̚ p ɹ aɪ ɔ ɚ ɾ i ʌ n ɡ̚ ɡ ɛ ɾ ɪ ŋ ɦ ɨ z b̚ b aɪ k̚ k f ɪ k̚ s t̚ 
/home/isaac/Projects/Thesis/data/timit/data/TRAIN/DR7/FJEN0/SX237.WAV,h# dh iy kcl k er iy er q w ah z ih dcl d r ao r f h#, ð i k̚ k ɝ i ɝ ʔ w ʌ z ɪ d̚ d ɹ ɔ ɹ f 
/home/isaac/Projects/Thesis/data/timit/data/TRAIN/DR7/FJEN0/SI2307.WAV,h# q ay q aa w iy s ey epi y ux v gcl g aa dx ah w ah n dcl d axr f el hv ah z bcl b ix n m ix s epi m aa r gcl g r ih tcl h#, ʔ aɪ ʔ ɑ w i s eɪ  j ʉ v ɡ̚ ɡ ɑ ɾ ʌ w ʌ n d̚ d ɚ f l̩ ɦ ʌ z b̚ b ɨ n m ɨ s  m ɑ ɹ ɡ̚ ɡ ɹ ɪ t̚ 
/home/isaac/Projects/Thesis/data/timit/data/TRAIN/DR7/FJEN0/SX147.WAV,h# k er eh kcl t ix q eh kcl k s ax-h kcl k y ux sh ix n ix q ah v epi m ay ix n s tcl t r ah kcl sh ix n z q ix z kcl k r ux sh el h#, k ɝ ɛ k̚ t ɨ ʔ ɛ k̚ k s ə̥ k̚ k j ʉ ʃ ɨ n ɨ ʔ ʌ v  m aɪ ɨ n s t̚ t ɹ ʌ k̚ ʃ ɨ n z ʔ ɨ z k̚ k ɹ ʉ ʃ l̩ 
/home/isaac/Projects/Thesis/data/timit/data/TRAIN/DR7/FJEN0/SI1677.WAV,h# dh ih s aa f tcl t s epi n ow w ah z dcl d ix s iy tcl f ah l q ah n dcl d axr f uh tcl h#, ð ɪ s ɑ f t̚ t s  n oʊ w ʌ z d̚ d ɨ s i t̚ f ʌ l ʔ ʌ n d̚ d ɚ f ʊ t̚ 
/home/isaac/Projects/Thesis/data/timit/data/TRAIN/DR7/FJEN0/SX417.WAV,h# v ae l iy l aa dcl jh pau y ih r l ix s eh l ah bcl b r ey tcl s epi dh ax f er s tcl t kcl k ae f bcl b ao r n h#, v æ l i l ɑ d̚ dʒ  j ɪ ɹ l ɨ s ɛ l ʌ b̚ b ɹ eɪ t̚ s  ð ə f ɝ s t̚ t k̚ k æ f b̚ b ɔ ɹ n 
/home/isaac/Projects/Thesis/data/timit/data/TRAIN/DR7/FJEN0/SX57.WAV,h# dh ix pcl p r aw l er w ao r q ax s kcl k iy m ae s kcl k f axr dcl d ax s kcl k ay z h#, ð ɨ p̚ p ɹ aʊ l ɝ w ɔ ɹ ʔ ə s k̚ k i m æ s k̚ k f ɚ d̚ d ə s k̚ k aɪ z 
/home/isaac/Projects/Thesis/data/timit/data/TRAIN/DR7/FJEN0/SX327.WAV,h# q ae l r ix s iy v dcl d q ix dcl jh oy n tcl t ix pcl p oy n tcl m ih n tcl q ix n dh ah bcl b ay ae l ah dcl jh iy q ae n dh ix q ix n dcl jh ix n ih r ih ng dcl d ix pcl p aa r tcl m ix n tcl s h#, ʔ æ l ɹ ɨ s i v d̚ d ʔ ɨ d̚ dʒ ɔɪ n t̚ t ɨ p̚ p ɔɪ n t̚ m ɪ n t̚ ʔ ɨ n ð ʌ b̚ b aɪ æ l ʌ d̚ dʒ i ʔ æ n ð ɨ ʔ ɨ n d̚ dʒ ɨ n ɪ ɹ ɪ ŋ d̚ d ɨ p̚ p ɑ ɹ t̚ m ɨ n t̚ s 
/home/isaac/Projects/Thesis/data/timit/data/TRAIN/DR7/FJEN0/SI1047.WAV,h# t w eh n tcl t iy f ay v pau dh ix sh iy kcl k r ix pcl p l ay dcl d h#, t w ɛ n t̚ t i f aɪ v  ð ɨ ʃ i k̚ k ɹ ɨ p̚ p l aɪ d̚ d 
/home/isaac/Projects/Thesis/data/timit/data/TRAIN/DR7/MGAK0/SX226.WAV,h# s tcl t eh f kcl k uh dcl b eh r l iy hv ae n dcl el dh ax s ay kcl k el aa dcl jh ix kcl k el tcl t r ao m ah h#, s t̚ t ɛ f k̚ k ʊ d̚ b ɛ ɹ l i ɦ æ n d̚ l̩ ð ə s aɪ k̚ k l̩ ɑ d̚ dʒ ɨ k̚ k l̩ t̚ t ɹ ɔ m ʌ 
/home/isaac/Projects/Thesis/data/timit/data/TRAIN/DR7/MGAK0/SI1666.WAV,h# hh iy r ih m eh m bcl b er dx ih s tcl t ao r iy hv iy hv eh dcl d r eh dx ih z ix y ux th h#, h i ɹ ɪ m ɛ m b̚ b ɝ ɾ ɪ s t̚ t ɔ ɹ i ɦ i ɦ ɛ d̚ d ɹ ɛ ɾ ɪ z ɨ j ʉ θ 
/home/isaac/Projects/Thesis/data/timit/data/TRAIN/DR7/MGAK0/SI1036.WAV,h# dh iy eh n tcl t ih th ix s ih s ah v dh iy q eh kcl k y ux m eh nx ih kcl k ax l q eh n dh ax l ow kcl k el dh eh n ow l ao ng gcl g er ix gcl g z ih s tcl s h#, ð i ɛ n t̚ t ɪ θ ɨ s ɪ s ʌ v ð i ʔ ɛ k̚ k j ʉ m ɛ ɾ̃ ɪ k̚ k ə l ʔ ɛ n ð ə l oʊ k̚ k l̩ ð ɛ n oʊ l ɔ ŋ ɡ̚ ɡ ɝ ɨ ɡ̚ ɡ z ɪ s t̚ s 
/home/isaac/Projects/Thesis/data/timit/data/TRAIN/DR7/MGAK0/SX316.WAV,h# dh ae tcl d ao gcl ch ey s ix z kcl k ae tcl t s epi m er s el ax s epi l iy h#, ð æ t̚ d ɔ ɡ̚ tʃ eɪ s ɨ z k̚ k æ t̚ t s  m ɝ s l̩ ə s  l i 
/home/isaac/Projects/Thesis/data/timit/data/TRAIN/DR7/MGAK0/SX136.WAV,h# s epi ay eh n tcl t ih f ix kcl p r aa gcl g r eh s kcl k ah m s f em dh ix dcl d ix v eh l ax pcl m ix n ix v epi n ux tcl t eh kcl k epi n iy kcl k s h#, s  aɪ ɛ n t̚ t ɪ f ɨ k̚ p ɹ ɑ ɡ̚ ɡ ɹ ɛ s k̚ k ʌ m s f m̩ ð ɨ d̚ d ɨ v ɛ l ə p̚ m ɨ n ɨ v  n ʉ t̚ t ɛ k̚ k  n i k̚ k s 
/home/isaac/Projects/Thesis/data/timit/data/TRAIN/DR7/MGAK0/SX46.WAV,h# dh eh tcl p ih kcl p aa kcl k ix tcl w ax z kcl k aa tcl r eh dcl hh ae n dcl d ix dcl h#, ð ɛ t̚ p ɪ k̚ p ɑ k̚ k ɨ t̚ w ə z k̚ k ɑ t̚ ɹ ɛ d̚ h æ n d̚ d ɨ d̚ 
/home/isaac/Projects/Thesis/data/timit/data/TRAIN/DR7/MGAK0/SX406.WAV,h# dh axr w ax z ih dcl jh ay gcl g ae nx ih kcl k w aa s pcl p n eh kcl k s tcl t axr q er v ih ng gcl g z bcl b ih gcl t aa pcl p hh ae tcl h#, ð ɚ w ə z ɪ d̚ dʒ aɪ ɡ̚ ɡ æ ɾ̃ ɪ k̚ k w ɑ s p̚ p n ɛ k̚ k s t̚ t ɚ ʔ ɝ v ɪ ŋ ɡ̚ ɡ z b̚ b ɪ ɡ̚ t ɑ p̚ p h æ t̚ 
/home/isaac/Projects/Thesis/data/timit/data/TRAIN/DR7/MGAK0/SI2296.WAV,h# y eh s epi m ae m dh ix tcl ch ih l dcl d r ix n kcl k ao r ix s tcl t hh aa r dx ax l iy h#, j ɛ s  m æ m ð ɨ t̚ tʃ ɪ l d̚ d ɹ ɨ n k̚ k ɔ ɹ ɨ s t̚ t h ɑ ɹ ɾ ə l i 
/home/isaac/Projects/Thesis/data/timit/data/TRAIN/DR7/FJHK0/SI1022.WAV,h# k aw z gcl g ih v ix n ow m ih l kcl k w ix n ow dcl d eh z s tcl t r ix pcl p er z h#, k aʊ z ɡ̚ ɡ ɪ v ɨ n oʊ m ɪ l k̚ k w ɨ n oʊ d̚ d ɛ z s t̚ t ɹ ɨ p̚ p ɝ z 
/home/isaac/Projects/Thesis/data/timit/data/TRAIN/DR7/FJHK0/SX392.WAV,h# q ah y ah ng m aw s kcl k ae m pcl p axr dcl d ix kcl k r ao s dh ax f iy l dcl d ax n dcl d ix s ax-h pcl p ih er dcl d h#, ʔ ʌ j ʌ ŋ m aʊ s k̚ k æ m p̚ p ɚ d̚ d ɨ k̚ k ɹ ɔ s ð ə f i l d̚ d ə n d̚ d ɨ s ə̥ p̚ p ɪ ɝ d̚ d 
/home/isaac/Projects/Thesis/data/timit/data/TRAIN/DR7/FJHK0/SI1652.WAV,h# k ay n dcl d ah l ay kcl k ix z aa m bcl b iy h#, k aɪ n d̚ d ʌ l aɪ k̚ k ɨ z ɑ m b̚ b i 
/home/isaac/Projects/Thesis/data/timit/data/TRAIN/DR7/FJHK0/SX212.WAV,h# q ay gcl g ey v dh ih m s eh v el tcl ch oy s ix z en l ah tcl dh ax m epi s eh tcl dh ax pcl p r ay ao r ix dx iy z h#, ʔ aɪ ɡ̚ ɡ eɪ v ð ɪ m s ɛ v l̩ t̚ tʃ ɔɪ s ɨ z n̩ l ʌ t̚ ð ə m  s ɛ t̚ ð ə p̚ p ɹ aɪ ɔ ɹ ɨ ɾ i z 
/home/isaac/Projects/Thesis/data/timit/data/TRAIN/DR7/FJHK0/SX302.WAV,h# t ow f uw ih z epi m ey dcl f ax m pcl p r aa s eh s tcl s oy bcl b iy n z h#, t oʊ f u ɪ z  m eɪ d̚ f ə m p̚ p ɹ ɑ s ɛ s t̚ s ɔɪ b̚ b i n z 
/home/isaac/Projects/Thesis/data/timit/data/TRAIN/DR7/FJHK0/SX32.WAV,h# q ih tcl t s f ah n d ix v r ow s tcl m aa r sh epi m eh l ax z ah n ih gcl g ae s bcl b er n axr h#, ʔ ɪ t̚ t s f ʌ n d ɨ v ɹ oʊ s t̚ m ɑ ɹ ʃ  m ɛ l ə z ʌ n ɪ ɡ̚ ɡ æ s b̚ b ɝ n ɚ 
/home/isaac/Projects/Thesis/data/timit/data/TRAIN/DR7/FJHK0/SI2282.WAV,h# n aa q w ix th aw tcl g uh dcl d r iy z ix n hv eh z dh iy q ae n ax tcl t aa m ax kcl k el bcl b ih n kcl k aa l dcl jh aa kcl k ix l uh dcl jh er n el iy z h#, n ɑ ʔ w ɨ θ aʊ t̚ ɡ ʊ d̚ d ɹ i z ɨ n ɦ ɛ z ð i ʔ æ n ə t̚ t ɑ m ə k̚ k l̩ b̚ b ɪ n k̚ k ɑ l d̚ dʒ ɑ k̚ k ɨ l ʊ d̚ dʒ ɝ n l̩ i z 
/home/isaac/Projects/Thesis/data/timit/data/TRAIN/DR7/FJHK0/SX122.WAV,h# q eh n s ay kcl k l ax pcl p iy dx iy ix z s ah l dh ax m pcl p r ix z eh n tcl t q ae n ih kcl d ow dcl d uh l q eh v ix dx eh n tcl t s h#, ʔ ɛ n s aɪ k̚ k l ə p̚ p i ɾ i ɨ z s ʌ l ð ə m p̚ p ɹ ɨ z ɛ n t̚ t ʔ æ n ɪ k̚ d oʊ d̚ d ʊ l ʔ ɛ v ɨ ɾ ɛ n t̚ t s 
/home/isaac/Projects/Thesis/data/timit/data/TRAIN/DR7/MTWH1/SX72.WAV,h# s pcl p r ih ng s tcl t r iy tcl t ih s tcl t r ey dx eh hv eh dcl d h#, s p̚ p ɹ ɪ ŋ s t̚ t ɹ i t̚ t ɪ s t̚ t ɹ eɪ ɾ ɛ ɦ ɛ d̚ d 
/home/isaac/Projects/Thesis/data/timit/data/TRAIN/DR7/MTWH1/SX252.WAV,h# dh ax gcl g ao r dcl jh ix s bcl b ah dx axr f l ay q ey tcl t ax l aa tcl t q ax v n eh kcl t axr h#, ð ə ɡ̚ ɡ ɔ ɹ d̚ dʒ ɨ s b̚ b ʌ ɾ ɚ f l aɪ ʔ eɪ t̚ t ə l ɑ t̚ t ʔ ə v n ɛ k̚ t ɚ 
/home/isaac/Projects/Thesis/data/timit/data/TRAIN/DR7/MTWH1/SI1512.WAV,h# dh ey s tcl t ey dx ih tcl t hh ow tcl t eh l z ax n dcl b ao r dx iy ng hh aw s ix z pau ao axr tcl p r ay v ix tcl t hh ow m s h#, ð eɪ s t̚ t eɪ ɾ ɪ t̚ t h oʊ t̚ t ɛ l z ə n d̚ b ɔ ɹ ɾ i ŋ h aʊ s ɨ z  ɔ ɚ t̚ p ɹ aɪ v ɨ t̚ t h oʊ m s 
/home/isaac/Projects/Thesis/data/timit/data/TRAIN/DR7/MTWH1/SI882.WAV,h# dh ax w ey q ih z tcl t ux r eh n tcl t q ix sh ow f axr dcl d r ix v ix n kcl k aa r h#, ð ə w eɪ ʔ ɪ z t̚ t ʉ ɹ ɛ n t̚ t ʔ ɨ ʃ oʊ f ɚ d̚ d ɹ ɨ v ɨ n k̚ k ɑ ɹ 
/home/isaac/Projects/Thesis/data/timit/data/TRAIN/DR7/MTWH1/SI2142.WAV,h# sh iy ow v axr pcl p l ey dcl d hv axr hv ae n dcl d h#, ʃ i oʊ v ɚ p̚ p l eɪ d̚ d ɦ ɚ ɦ æ n d̚ d 
/home/isaac/Projects/Thesis/data/timit/data/TRAIN/DR7/MTWH1/SX342.WAV,h# t ey kcl ch aa r dcl jh ix v tcl ch ux z iy ng hv axr bcl b r ay dcl d z m ey dcl d z gcl g aw n z h#, t eɪ k̚ tʃ ɑ ɹ d̚ dʒ ɨ v t̚ tʃ ʉ z i ŋ ɦ ɚ b̚ b ɹ aɪ d̚ d z m eɪ d̚ d z ɡ̚ ɡ aʊ n z 
/home/isaac/Projects/Thesis/data/timit/data/TRAIN/DR7/MTWH1/SX432.WAV,h# k ao f iy ix z gcl g r ow n q ah n s tcl t iy pcl jh ah ng gcl g ax l ay kcl k s l ow pcl p s ix n tcl t ax m pcl p r ix tcl z ow n z h#, k ɔ f i ɨ z ɡ̚ ɡ ɹ oʊ n ʔ ʌ n s t̚ t i p̚ dʒ ʌ ŋ ɡ̚ ɡ ə l aɪ k̚ k s l oʊ p̚ p s ɨ n t̚ t ə m p̚ p ɹ ɨ t̚ z oʊ n z 
/home/isaac/Projects/Thesis/data/timit/data/TRAIN/DR7/MTWH1/SX162.WAV,h# hh axr ao bcl b axr n hh eh er r iy m ay n dcl d ix dcl d hh ih m q ax v q ao dx ax m l iy v s h#, h ɚ ɔ b̚ b ɚ n h ɛ ɝ ɹ i m aɪ n d̚ d ɨ d̚ d h ɪ m ʔ ə v ʔ ɔ ɾ ə m l i v s 
/home/isaac/Projects/Thesis/data/timit/data/TRAIN/DR7/MFXV0/SX105.WAV,h# y ux m ah s tcl t ix kcl k s pcl p l ih s ih tcl l iy dcl d ax l iy tcl t f ay l epi z h#, j ʉ m ʌ s t̚ t ɨ k̚ k s p̚ p l ɪ s ɪ t̚ l i d̚ d ə l i t̚ t f aɪ l  z 
/home/isaac/Projects/Thesis/data/timit/data/TRAIN/DR7/MFXV0/SX285.WAV,h# r ih tcl ch pcl p er tcl ch ih tcl s tcl s eh v r ax l s ay n dcl d l ih th ih gcl g r ae f s h#, ɹ ɪ t̚ tʃ p̚ p ɝ t̚ tʃ ɪ t̚ s t̚ s ɛ v ɹ ə l s aɪ n d̚ d l ɪ θ ɪ ɡ̚ ɡ ɹ æ f s 
/home/isaac/Projects/Thesis/data/timit/data/TRAIN/DR7/MFXV0/SI1342.WAV,h# b iy f ao r dx er r ay v ih ng n ih s f ao r m y ix l ah pau w iy ix kcl s pcl p l ey n hv w ah q w iy m iy n bcl b ay pcl p r aa bcl l em z ix v dh ix s kcl k ay n dcl d h#, b i f ɔ ɹ ɾ ɝ ɹ aɪ v ɪ ŋ n ɪ s f ɔ ɹ m j ɨ l ʌ  w i ɨ k̚ s p̚ p l eɪ n ɦ w ʌ ʔ w i m i n b̚ b aɪ p̚ p ɹ ɑ b̚ l m̩ z ɨ v ð ɨ s k̚ k aɪ n d̚ d 
/home/isaac/Projects/Thesis/data/timit/data/TRAIN/DR7/MFXV0/SX375.WAV,h# g r ow ih ng w eh l kcl k eh pcl t gcl g aa r dcl en z q ix z v eh r ix tcl t ay m kcl k ix n s ux m ix ng h#, ɡ ɹ oʊ ɪ ŋ w ɛ l k̚ k ɛ p̚ t ɡ̚ ɡ ɑ ɹ d̚ n̩ z ʔ ɨ z v ɛ ɹ ɨ t̚ t aɪ m k̚ k ɨ n s ʉ m ɨ ŋ 
/home/isaac/Projects/Thesis/data/timit/data/TRAIN/DR7/MFXV0/SX15.WAV,h# dh ih m y ux z iy ah m hv ay er z m y ux z ih sh ix n z eh v r iy q iy v n ix ng h#, ð ɪ m j ʉ z i ʌ m ɦ aɪ ɝ z m j ʉ z ɪ ʃ ɨ n z ɛ v ɹ i ʔ i v n ɨ ŋ 
/home/isaac/Projects/Thesis/data/timit/data/TRAIN/DR7/MFXV0/SI1005.WAV,h# k eh s tcl t axr oy l m ey dcl f r em kcl k ae s tcl t axr bcl b iy n z hh eh z gcl g ao nx aw dx ix v s tcl t ay l eh z ix m eh dx ix s epi en h#, k ɛ s t̚ t ɚ ɔɪ l m eɪ d̚ f ɹ m̩ k̚ k æ s t̚ t ɚ b̚ b i n z h ɛ z ɡ̚ ɡ ɔ ɾ̃ aʊ ɾ ɨ v s t̚ t aɪ l ɛ z ɨ m ɛ ɾ ɨ s  n̩ 
/home/isaac/Projects/Thesis/data/timit/data/TRAIN/DR7/MFXV0/SI1635.WAV,h# w iy v gcl g ah tcl p l eh n iy ix v tcl t ay m dcl d ix th ih ng kcl k ax bcl b aw tcl dh ae tcl h#, w i v ɡ̚ ɡ ʌ t̚ p l ɛ n i ɨ v t̚ t aɪ m d̚ d ɨ θ ɪ ŋ k̚ k ə b̚ b aʊ t̚ ð æ t̚ 
/home/isaac/Projects/Thesis/data/timit/data/TRAIN/DR7/MFXV0/SX195.WAV,h# w ix dcl d y uw ax l aw q ae kcl k s ax v ay l ax n tcl s h#, w ɨ d̚ d j u ə l aʊ ʔ æ k̚ k s ə v aɪ l ə n t̚ s 
/home/isaac/Projects/Thesis/data/timit/data/TRAIN/DR7/MCTH0/SX129.WAV,h# q ey ng gcl g ao r ax kcl k ae tcl s axr f er iy axr dh ix n s ay m iy epi s h#, ʔ eɪ ŋ ɡ̚ ɡ ɔ ɹ ə k̚ k æ t̚ s ɚ f ɝ i ɚ ð ɨ n s aɪ m i  s 
/home/isaac/Projects/Thesis/data/timit/data/TRAIN/DR7/MCTH0/SX399.WAV,h# dh ey ix s ux m n ow bcl b er gcl l axr w el q eh v axr q eh n tcl t axr hh ih axr h#, ð eɪ ɨ s ʉ m n oʊ b̚ b ɝ ɡ̚ l ɚ w l̩ ʔ ɛ v ɚ ʔ ɛ n t̚ t ɚ h ɪ ɚ 
/home/isaac/Projects/Thesis/data/timit/data/TRAIN/DR7/MCTH0/SX39.WAV,h# b aa r bcl z gcl g ow l dcl b r ey s l ix tcl w ax z ix gcl g r ae dcl jh uw w ey sh en pcl p r eh z en tcl h#, b ɑ ɹ b̚ z ɡ̚ ɡ oʊ l d̚ b ɹ eɪ s l ɨ t̚ w ə z ɨ ɡ̚ ɡ ɹ æ d̚ dʒ u w eɪ ʃ n̩ p̚ p ɹ ɛ z n̩ t̚ 
/home/isaac/Projects/Thesis/data/timit/data/TRAIN/DR7/MCTH0/SX309.WAV,h# dh ax pcl p r ux f dh ix q y ux aa r s iy kcl k iy n q ix z n aa q ax v eh l ax bcl b el ix n bcl b uh kcl k s h#, ð ə p̚ p ɹ ʉ f ð ɨ ʔ j ʉ ɑ ɹ s i k̚ k i n ʔ ɨ z n ɑ ʔ ə v ɛ l ə b̚ b l̩ ɨ n b̚ b ʊ k̚ k s 
/home/isaac/Projects/Thesis/data/timit/data/TRAIN/DR7/MCTH0/SI1209.WAV,h# ix f dcl d ih s ax bcl b ey dcl pau dh axr r ix z ah l q ix z tcl t er m oy l q ix n dcl d kcl k ey aa epi s h#, ɨ f d̚ d ɪ s ə b̚ b eɪ d̚  ð ɚ ɹ ɨ z ʌ l ʔ ɨ z t̚ t ɝ m ɔɪ l ʔ ɨ n d̚ d k̚ k eɪ ɑ  s 
/home/isaac/Projects/Thesis/data/timit/data/TRAIN/DR7/MCTH0/SX219.WAV,h# n aa n pcl p r aa f ix q ao r gcl ix n ih z ey sh en z hv ae f r iy kcl k w ix n tcl f ah n dcl r ey z axr z h#, n ɑ n p̚ p ɹ ɑ f ɨ ʔ ɔ ɹ ɡ̚ ɨ n ɪ z eɪ ʃ n̩ z ɦ æ f ɹ i k̚ k w ɨ n t̚ f ʌ n d̚ ɹ eɪ z ɚ z 
/home/isaac/Projects/Thesis/data/timit/data/TRAIN/DR7/MCTH0/SI1839.WAV,h# y ux pcl p iy pcl p el dcl d ow q hv ae v ax dcl jh ah s tcl t ax-h bcl b el v ih zh ix n h#, j ʉ p̚ p i p̚ p l̩ d̚ d oʊ ʔ ɦ æ v ə d̚ dʒ ʌ s t̚ t ə̥ b̚ b l̩ v ɪ ʒ ɨ n 
/home/isaac/Projects/Thesis/data/timit/data/TRAIN/DR7/MCTH0/SI579.WAV,h# y ux zh uw l iy pau dh ey tcl t ih dx axr l aw dcl d l iy q ae f tcl t axr dh ey ix v pcl p ae s tcl t bcl b ay h#, j ʉ ʒ u l i  ð eɪ t̚ t ɪ ɾ ɚ l aʊ d̚ d l i ʔ æ f t̚ t ɚ ð eɪ ɨ v p̚ p æ s t̚ t b̚ b aɪ 
/home/isaac/Projects/Thesis/data/timit/data/TRAIN/DR7/FJSK0/SX242.WAV,h# m ey ay q ao r dx er ah s tcl t r ao v axr iy s ah n dcl d ey q ae f tcl t er ay iy tcl d ih n axr h#, m eɪ aɪ ʔ ɔ ɹ ɾ ɝ ʌ s t̚ t ɹ ɔ v ɚ i s ʌ n d̚ d eɪ ʔ æ f t̚ t ɝ aɪ i t̚ d ɪ n ɚ 
/home/isaac/Projects/Thesis/data/timit/data/TRAIN/DR7/FJSK0/SX152.WAV,h# m ih s kcl k iy dx ow z ih gcl g z ih s tcl t ih n w ao r m hh y ux m ih dcl d kcl k l ay m ix tcl t s h#, m ɪ s k̚ k i ɾ oʊ z ɪ ɡ̚ ɡ z ɪ s t̚ t ɪ n w ɔ ɹ m h j ʉ m ɪ d̚ d k̚ k l aɪ m ɨ t̚ t s 
/home/isaac/Projects/Thesis/data/timit/data/TRAIN/DR7/FJSK0/SX422.WAV,h# w ah n sh ux f ih n ih sh gcl g r iy s ix ng y axr tcl ch ey n pau b iy sh er dx ix w aa sh epi th er ax l iy h#, w ʌ n ʃ ʉ f ɪ n ɪ ʃ ɡ̚ ɡ ɹ i s ɨ ŋ j ɚ t̚ tʃ eɪ n  b i ʃ ɝ ɾ ɨ w ɑ ʃ  θ ɝ ə l i 
/home/isaac/Projects/Thesis/data/timit/data/TRAIN/DR7/FJSK0/SI2312.WAV,h# n ao r ah q ay th ih ng kcl k y ux ix m ae dcl jh ix n eh tcl h#, n ɔ ɹ ʌ ʔ aɪ θ ɪ ŋ k̚ k j ʉ ɨ m æ d̚ dʒ ɨ n ɛ t̚ 
/home/isaac/Projects/Thesis/data/timit/data/TRAIN/DR7/FJSK0/SX62.WAV,h# q eh n iy kcl k aa n tcl t r ix bcl b y ux sh ix n z epi w ax bcl b iy gcl g r ey tcl l iy ix pcl p r iy sh iy ey dx ix dcl h#, ʔ ɛ n i k̚ k ɑ n t̚ t ɹ ɨ b̚ b j ʉ ʃ ɨ n z  w ə b̚ b i ɡ̚ ɡ ɹ eɪ t̚ l i ɨ p̚ p ɹ i ʃ i eɪ ɾ ɨ d̚ 
/home/isaac/Projects/Thesis/data/timit/data/TRAIN/DR7/FJSK0/SI1052.WAV,h# dh ax s ow sh ah l q eh n s ay kcl k ax l aa dcl jh ix kcl k el kcl k aa n epi s ix kcl k w eh n epi s ix z ah v dh ih s kcl k ax n tcl t ix n y ux tcl t uw ax f eh kcl k dh iy eh r iy ah h#, ð ə s oʊ ʃ ʌ l ʔ ɛ n s aɪ k̚ k ə l ɑ d̚ dʒ ɨ k̚ k l̩ k̚ k ɑ n  s ɨ k̚ k w ɛ n  s ɨ z ʌ v ð ɪ s k̚ k ə n t̚ t ɨ n j ʉ t̚ t u ə f ɛ k̚ k ð i ɛ ɹ i ʌ 
/home/isaac/Projects/Thesis/data/timit/data/TRAIN/DR7/FJSK0/SI1682.WAV,h# sh iy dcl d aa l s ow r ix m eh m bcl b er q ix f dh ix gcl g r ux m dcl d ay dcl d l ey dcl d axr h#, ʃ i d̚ d ɑ l s oʊ ɹ ɨ m ɛ m b̚ b ɝ ʔ ɨ f ð ɨ ɡ̚ ɡ ɹ ʉ m d̚ d aɪ d̚ d l eɪ d̚ d ɚ 
/home/isaac/Projects/Thesis/data/timit/data/TRAIN/DR7/FJSK0/SX332.WAV,h# t aa dcl p l ey s dcl t aa pcl p r ay ao r ix dx iy q aa n gcl g eh dx ih ng hv ix z bcl b ay kcl k f ih kcl k s tcl t h#, t ɑ d̚ p l eɪ s d̚ t ɑ p̚ p ɹ aɪ ɔ ɹ ɨ ɾ i ʔ ɑ n ɡ̚ ɡ ɛ ɾ ɪ ŋ ɦ ɨ z b̚ b aɪ k̚ k f ɪ k̚ k s t̚ t 
/home/isaac/Projects/Thesis/data/timit/data/TRAIN/DR7/MTKD0/SX197.WAV,h# d r ao q iy tcl ch gcl g r ae f ao nx ix n uw ae kcl k s ix s h#, d ɹ ɔ ʔ i t̚ tʃ ɡ̚ ɡ ɹ æ f ɔ ɾ̃ ɨ n u æ k̚ k s ɨ s 
/home/isaac/Projects/Thesis/data/timit/data/TRAIN/DR7/MTKD0/SI1817.WAV,h# m ay bcl b ax l ah v ix dcl w ao r m ay pcl p axr r eh n iy ix l gcl g ae dcl f l ay s eh dcl dh ax w ay n ix ng v oy s h#, m aɪ b̚ b ə l ʌ v ɨ d̚ w ɔ ɹ m aɪ p̚ p ɚ ɹ ɛ n i ɨ l ɡ̚ ɡ æ d̚ f l aɪ s ɛ d̚ ð ə w aɪ n ɨ ŋ v ɔɪ s 
/home/isaac/Projects/Thesis/data/timit/data/TRAIN/DR7/MTKD0/SI1187.WAV,h# hh iy ih dcl v ay z dcl d ix m iy dx iy ix tcl hh aa s pcl p ix dx ax l ax z ey sh en h#, h i ɪ d̚ v aɪ z d̚ d ɨ m i ɾ i ɨ t̚ h ɑ s p̚ p ɨ ɾ ə l ə z eɪ ʃ n̩ 
/home/isaac/Projects/Thesis/data/timit/data/TRAIN/DR7/MTKD0/SX107.WAV,h# b er th dcl d ey pcl p aa r dx iy z hh ae v kcl k ah pcl k ey kcl k s q ae n d ay s kcl k r iy m h#, b ɝ θ d̚ d eɪ p̚ p ɑ ɹ ɾ i z h æ v k̚ k ʌ p̚ k eɪ k̚ k s ʔ æ n d aɪ s k̚ k ɹ i m 
/home/isaac/Projects/Thesis/data/timit/data/TRAIN/DR7/MTKD0/SX287.WAV,h# ix n dh ax l ao ng r ah n pau ih tcl p ey z tcl t ix bcl b ay kcl k w aa l ax dx iy kcl k l ow dh ix ng h#, ɨ n ð ə l ɔ ŋ ɹ ʌ n  ɪ t̚ p eɪ z t̚ t ɨ b̚ b aɪ k̚ k w ɑ l ə ɾ i k̚ k l oʊ ð ɨ ŋ 
/home/isaac/Projects/Thesis/data/timit/data/TRAIN/DR7/MTKD0/SI630.WAV,h# w ah dx ih dcl d ih s kcl k ah sh ix n kcl k eh nx ix n s ux w ix n dh ix tcl t ay dx ax l ah v dh ih s tcl t ay pcl p ax v s ao ng q ih z ix n kcl k w eh s ch ix n h#, w ʌ ɾ ɪ d̚ d ɪ s k̚ k ʌ ʃ ɨ n k̚ k ɛ ɾ̃ ɨ n s ʉ w ɨ n ð ɨ t̚ t aɪ ɾ ə l ʌ v ð ɪ s t̚ t aɪ p̚ p ə v s ɔ ŋ ʔ ɪ z ɨ n k̚ k w ɛ s tʃ ɨ n 
/home/isaac/Projects/Thesis/data/timit/data/TRAIN/DR7/MTKD0/SX377.WAV,h# sh iy ao l w ih z dcl jh ow kcl s ix bcl b aa tcl t uw m ah tcl ch gcl g aa r l ih kcl k ih n ix z f uw dcl h#, ʃ i ɔ l w ɪ z d̚ dʒ oʊ k̚ s ɨ b̚ b ɑ t̚ t u m ʌ t̚ tʃ ɡ̚ ɡ ɑ ɹ l ɪ k̚ k ɪ n ɨ z f u d̚ 
/home/isaac/Projects/Thesis/data/timit/data/TRAIN/DR7/MTKD0/SX17.WAV,h# k aa r l ih v z ix n ax l ay v l iy hh ow m h#, k ɑ ɹ l ɪ v z ɨ n ə l aɪ v l i h oʊ m 
/home/isaac/Projects/Thesis/data/timit/data/TRAIN/DR7/MTLC0/SI1477.WAV,h# q ih tcl t r iy kcl k w ay er dcl d eh nx q ix nx er dcl jh iy hv iy n ow l ao ng gcl g er pcl p ax z eh s pau t ix bcl b iy s ix tcl t ih r ix kcl k el q ax bcl b aa dx ix z f aa dh axr h#, ʔ ɪ t̚ t ɹ i k̚ k w aɪ ɝ d̚ d ɛ ɾ̃ ʔ ɨ ɾ̃ ɝ d̚ dʒ i ɦ i n oʊ l ɔ ŋ ɡ̚ ɡ ɝ p̚ p ə z ɛ s  t ɨ b̚ b i s ɨ t̚ t ɪ ɹ ɨ k̚ k l̩ ʔ ə b̚ b ɑ ɾ ɨ z f ɑ ð ɚ 
/home/isaac/Projects/Thesis/data/timit/data/TRAIN/DR7/MTLC0/SX397.WAV,h# t ih m tcl t ey kcl sh iy l ah tcl t ix s iy m uw v iy z tcl t w ay s ax w iy kcl k h#, t ɪ m t̚ t eɪ k̚ ʃ i l ʌ t̚ t ɨ s i m u v i z t̚ t w aɪ s ə w i k̚ k 
/home/isaac/Projects/Thesis/data/timit/data/TRAIN/DR7/MTLC0/SX307.WAV,h# dh ix m iy dcl d iy ng q ih z epi n aw ax dcl jh er n dcl d h#, ð ɨ m i d̚ d i ŋ ʔ ɪ z  n aʊ ə d̚ dʒ ɝ n d̚ d 
/home/isaac/Projects/Thesis/data/timit/data/TRAIN/DR7/MTLC0/SX37.WAV,h# k r ih dx ih kcl k el ax kcl k w ih pcl m ih n tcl pau n iy dcl z pcl p r aa pcl p axr m ey tcl n ix n tcl t s h#, k ɹ ɪ ɾ ɪ k̚ k l̩ ə k̚ k w ɪ p̚ m ɪ n t̚  n i d̚ z p̚ p ɹ ɑ p̚ p ɚ m eɪ t̚ n ɨ n t̚ t s 
/home/isaac/Projects/Thesis/data/timit/data/TRAIN/DR7/MTLC0/SI847.WAV,h# q ih z ih tcl l aa r dcl jh er axr f ae n s iy axr pau dh eh n y uw r ih l iy n iy dcl d h#, ʔ ɪ z ɪ t̚ l ɑ ɹ d̚ dʒ ɝ ɚ f æ n s i ɚ  ð ɛ n j u ɹ ɪ l i n i d̚ d 
/home/isaac/Projects/Thesis/data/timit/data/TRAIN/DR7/MTLC0/SX127.WAV,h# dh iy q ix m pcl p er axr hv eh dx ix m iy n tcl t eh m pcl p axr h#, ð i ʔ ɨ m p̚ p ɝ ɚ ɦ ɛ ɾ ɨ m i n t̚ t ɛ m p̚ p ɚ 
/home/isaac/Projects/Thesis/data/timit/data/TRAIN/DR7/MTLC0/SX217.WAV,h# hh aw pcl p er m ax nx ix n tcl t pau q aa dh eh r eh kcl k axr dcl d z h#, h aʊ p̚ p ɝ m ə ɾ̃ ɨ n t̚ t  ʔ ɑ ð ɛ ɹ ɛ k̚ k ɚ d̚ d z 
/home/isaac/Projects/Thesis/data/timit/data/TRAIN/DR7/MTLC0/SI1313.WAV,h# k l iy n d kcl k l ao th pau m ax s bcl b iy pcl p axr tcl t eh kcl t ix dx ix gcl g ih n s tcl dh axr r iy dcl d eh pcl p ax z ih sh en ax v dcl d ix s pcl p er s tcl t s oy l h#, k l i n d k̚ k l ɔ θ  m ə s b̚ b i p̚ p ɚ t̚ t ɛ k̚ t ɨ ɾ ɨ ɡ̚ ɡ ɪ n s t̚ ð ɚ ɹ i d̚ d ɛ p̚ p ə z ɪ ʃ n̩ ə v d̚ d ɨ s p̚ p ɝ s t̚ t s ɔɪ l 
/home/isaac/Projects/Thesis/data/timit/data/TRAIN/DR7/MWRE0/SX67.WAV,h# l ae sh tcl t iy er z gcl g ae sh ao r dx ix dcl jh pau k ao z dcl d pau s tcl t iy pcl p r ay s q ix n kcl k r iy s ix s h#, l æ ʃ t̚ t i ɝ z ɡ̚ ɡ æ ʃ ɔ ɹ ɾ ɨ d̚ dʒ  k ɔ z d̚ d  s t̚ t i p̚ p ɹ aɪ s ʔ ɨ n k̚ k ɹ i s ɨ s 
/home/isaac/Projects/Thesis/data/timit/data/TRAIN/DR7/MWRE0/SI2317.WAV,h# w ax l ay gcl g eh s aa ao tcl t ux dcl d ah s tcl t aw tcl dh eh tcl d eh s kcl eh nx iy hh aw h#, w ə l aɪ ɡ̚ ɡ ɛ s ɑ ɔ t̚ t ʉ d̚ d ʌ s t̚ t aʊ t̚ ð ɛ t̚ d ɛ s k̚ ɛ ɾ̃ i h aʊ 
/home/isaac/Projects/Thesis/data/timit/data/TRAIN/DR7/MWRE0/SX157.WAV,h# r ih m uw v dh ih s pcl p l eh n tcl t er w ih th ey pcl p eh r axr v tcl t epi w iy z axr z h#, ɹ ɪ m u v ð ɪ s p̚ p l ɛ n t̚ t ɝ w ɪ θ eɪ p̚ p ɛ ɹ ɚ v t̚ t  w i z ɚ z 
/home/isaac/Projects/Thesis/data/timit/data/TRAIN/DR7/MWRE0/SX427.WAV,h# q eh v r iy kcl k ae bcl n iy dcl z r ix pcl p ey n tcl t ix ng q aa f en h#, ʔ ɛ v ɹ i k̚ k æ b̚ n i d̚ z ɹ ɨ p̚ p eɪ n t̚ t ɨ ŋ ʔ ɑ f n̩ 
/home/isaac/Projects/Thesis/data/timit/data/TRAIN/DR7/MWRE0/SI1687.WAV,h# n aw dcl d ow n tcl t sh ah tcl dh ih s dcl d ao r h#, n aʊ d̚ d oʊ n t̚ t ʃ ʌ t̚ ð ɪ s d̚ d ɔ ɹ 
/home/isaac/Projects/Thesis/data/timit/data/TRAIN/DR7/MWRE0/SI1057.WAV,h# q aa r w iy ih s ey f ih z epi w iy sh uh dcl b iy f r ah m epi s ah tcl ch ix dcl d ix z ae s tcl t axr h#, ʔ ɑ ɹ w i ɪ s eɪ f ɪ z  w i ʃ ʊ d̚ b i f ɹ ʌ m  s ʌ t̚ tʃ ɨ d̚ d ɨ z æ s t̚ t ɚ 
/home/isaac/Projects/Thesis/data/timit/data/TRAIN/DR7/MWRE0/SX247.WAV,h# dh ix s ih gcl g er ix tcl s ax n dh ix kcl k l ey q ae sh tcl t epi r ey ow v axr f l ow dx ao n tcl t ux dh iy ow kcl t ey bcl b el h#, ð ɨ s ɪ ɡ̚ ɡ ɝ ɨ t̚ s ə n ð ɨ k̚ k l eɪ ʔ æ ʃ t̚ t  ɹ eɪ oʊ v ɚ f l oʊ ɾ ɔ n t̚ t ʉ ð i oʊ k̚ t eɪ b̚ b l̩ 
/home/isaac/Projects/Thesis/data/timit/data/TRAIN/DR7/MWRE0/SX337.WAV,h# b aa bcl b ae n dcl d ih dcl jh dcl b ow th epi w uw n dcl d z epi w ax th dh ax-h s kcl k ih l ah v ah dcl d aa kcl t axr h#, b ɑ b̚ b æ n d̚ d ɪ d̚ dʒ d̚ b oʊ θ  w u n d̚ d z  w ə θ ð ə̥ s k̚ k ɪ l ʌ v ʌ d̚ d ɑ k̚ t ɚ 
/home/isaac/Projects/Thesis/data/timit/data/TRAIN/DR7/FKSR0/SX397.WAV,h# t ih m tcl t ey kcl k sh iy l ah tcl t ix s iy m uw v iy z tcl t w ay s ax w iy kcl k h#, t ɪ m t̚ t eɪ k̚ k ʃ i l ʌ t̚ t ɨ s i m u v i z t̚ t w aɪ s ə w i k̚ k 
/home/isaac/Projects/Thesis/data/timit/data/TRAIN/DR7/FKSR0/SI1117.WAV,h# hh iy f ay n dcl z ih tcl q ih n q ah dx er m ih z axr iy q ih n dcl d eh s el ey sh ix n h#, h i f aɪ n d̚ z ɪ t̚ ʔ ɪ n ʔ ʌ ɾ ɝ m ɪ z ɚ i ʔ ɪ n d̚ d ɛ s l̩ eɪ ʃ ɨ n 
/home/isaac/Projects/Thesis/data/timit/data/TRAIN/DR7/FKSR0/SX37.WAV,h# k r ih dx ix kcl k el iy kcl k w ih pcl m ih n q n iy dcl z pcl p r aa pcl p er m ey q n ih n tcl s h#, k ɹ ɪ ɾ ɨ k̚ k l̩ i k̚ k w ɪ p̚ m ɪ n ʔ n i d̚ z p̚ p ɹ ɑ p̚ p ɝ m eɪ ʔ n ɪ n t̚ s 
/home/isaac/Projects/Thesis/data/timit/data/TRAIN/DR7/FKSR0/SI487.WAV,h# k ey bcl b el kcl k aa n f axr m ey sh ih n q ih tcl s eh dcl t r ae n s l ey dx ih dcl d h#, k eɪ b̚ b l̩ k̚ k ɑ n f ɚ m eɪ ʃ ɪ n ʔ ɪ t̚ s ɛ d̚ t ɹ æ n s l eɪ ɾ ɪ d̚ d 
/home/isaac/Projects/Thesis/data/timit/data/TRAIN/DR7/FKSR0/SX366.WAV,h# w ix y ux pcl p l iy z kcl k ax n f er m gcl g ah v axr m eh n tcl p aa l s iy r iy gcl g aa r dx iy ng w ey s tcl t r ix m uw v el h#, w ɨ j ʉ p̚ p l i z k̚ k ə n f ɝ m ɡ̚ ɡ ʌ v ɚ m ɛ n t̚ p ɑ l s i ɹ i ɡ̚ ɡ ɑ ɹ ɾ i ŋ w eɪ s t̚ t ɹ ɨ m u v l̩ 
/home/isaac/Projects/Thesis/data/timit/data/TRAIN/DR7/FKSR0/SX217.WAV,h# hh aw pcl p er m n ih n tcl t q aa r dh eh r eh kcl k er dcl z h#, h aʊ p̚ p ɝ m n ɪ n t̚ t ʔ ɑ ɹ ð ɛ ɹ ɛ k̚ k ɝ d̚ z 
/home/isaac/Projects/Thesis/data/timit/data/TRAIN/DR7/FKSR0/SI1747.WAV,h# hh iy w uh dcl q ao f er n ow th ih r iy tcl t uw ax kcl k aw n tcl f axr hv axr m er dcl d er h#, h i w ʊ d̚ ʔ ɔ f ɝ n oʊ θ ɪ ɹ i t̚ t u ə k̚ k aʊ n t̚ f ɚ ɦ ɚ m ɝ d̚ d ɝ 
/home/isaac/Projects/Thesis/data/timit/data/TRAIN/DR7/FKSR0/SX161.WAV,h# ae z ix pcl p r ix kcl k ao sh ih n ax q aw q l ao z bcl b ao tcl g ah n pcl p aw dx er f ih dh ix r s tcl t r ao ng hv ow l dcl d h#, æ z ɨ p̚ p ɹ ɨ k̚ k ɔ ʃ ɪ n ə ʔ aʊ ʔ l ɔ z b̚ b ɔ t̚ ɡ ʌ n p̚ p aʊ ɾ ɝ f ɪ ð ɨ ɹ s t̚ t ɹ ɔ ŋ ɦ oʊ l d̚ d 
/home/isaac/Projects/Thesis/data/timit/data/TRAIN/DR7/MTAB0/SX312.WAV,h# dh ow z ih ae n tcl s er z w uh bcl b iy s tcl t r ey tcl f ao w er dcl d pau q ih f y ux th ih ng kcl k dh ix m epi th r ux kcl k eh r f el iy f er s tcl t h#, ð oʊ z ɪ æ n t̚ s ɝ z w ʊ b̚ b i s t̚ t ɹ eɪ t̚ f ɔ w ɝ d̚ d  ʔ ɪ f j ʉ θ ɪ ŋ k̚ k ð ɨ m  θ ɹ ʉ k̚ k ɛ ɹ f l̩ i f ɝ s t̚ t 
/home/isaac/Projects/Thesis/data/timit/data/TRAIN/DR7/MTAB0/SX402.WAV,h# w ih l s er v r uw bcl b aa r bcl p ay q ae f tcl t axr r ey tcl ch ix l z tcl t ao kcl k h#, w ɪ l s ɝ v ɹ u b̚ b ɑ ɹ b̚ p aɪ ʔ æ f t̚ t ɚ ɹ eɪ t̚ tʃ ɨ l z t̚ t ɔ k̚ k 
/home/isaac/Projects/Thesis/data/timit/data/TRAIN/DR7/MTAB0/SI2202.WAV,h# q ey l ao ng pau l ao ng w ey dcl d aw n h#, ʔ eɪ l ɔ ŋ  l ɔ ŋ w eɪ d̚ d aʊ n 
/home/isaac/Projects/Thesis/data/timit/data/TRAIN/DR7/MTAB0/SI942.WAV,h# l ay v s tcl t aa kcl k m ah s tcl b ix tcl t eh n d ix dcl d q eh v r iy dcl d ey pau r ux tcl t iy n l iy h#, l aɪ v s t̚ t ɑ k̚ k m ʌ s t̚ b ɨ t̚ t ɛ n d ɨ d̚ d ʔ ɛ v ɹ i d̚ d eɪ  ɹ ʉ t̚ t i n l i 
/home/isaac/Projects/Thesis/data/timit/data/TRAIN/DR7/MTAB0/SI1572.WAV,h# hh iy f aw n dx eh n ae m pcl t iy bcl b eh n tcl ch pau q ow pcl p ix n dx ix n ux s pcl p ey pcl p er pau q ae n s tcl t r eh tcl ch ih z gcl g l eh gcl g z bcl b iy f ao r hh ae m h#, h i f aʊ n ɾ ɛ n æ m p̚ t i b̚ b ɛ n t̚ tʃ  ʔ oʊ p̚ p ɨ n ɾ ɨ n ʉ s p̚ p eɪ p̚ p ɝ  ʔ æ n s t̚ t ɹ ɛ t̚ tʃ ɪ z ɡ̚ ɡ l ɛ ɡ̚ ɡ z b̚ b i f ɔ ɹ h æ m 
/home/isaac/Projects/Thesis/data/timit/data/TRAIN/DR7/MTAB0/SX132.WAV,h# p ah bcl b l ih s tcl t iy ae n ow dcl d er ay dcl d iy gcl g ow hv ae n dcl d ix n hv ae n hh h#, p ʌ b̚ b l ɪ s t̚ t i æ n oʊ d̚ d ɝ aɪ d̚ d i ɡ̚ ɡ oʊ ɦ æ n d̚ d ɨ n ɦ æ n h 
/home/isaac/Projects/Thesis/data/timit/data/TRAIN/DR7/MTAB0/SX222.WAV,h# y ao ix z kcl k ah m ah pcl p w ih th pcl p ae th ax l aa dcl jh ix kcl k el pau eh gcl g z ae m pcl p el z h#, j ɔ ɨ z k̚ k ʌ m ʌ p̚ p w ɪ θ p̚ p æ θ ə l ɑ d̚ dʒ ɨ k̚ k l̩  ɛ ɡ̚ ɡ z æ m p̚ p l̩ z 
/home/isaac/Projects/Thesis/data/timit/data/TRAIN/DR7/MTAB0/SX42.WAV,h# b ih bcl b l ix kcl k el s kcl k aa l er z q aa r gcl g y ux hv ix s tcl t r iy h#, b ɪ b̚ b l ɨ k̚ k l̩ s k̚ k ɑ l ɝ z ʔ ɑ ɹ ɡ̚ ɡ j ʉ ɦ ɨ s t̚ t ɹ i 
/home/isaac/Projects/Thesis/data/timit/data/TRAIN/DR7/MJRA0/SX156.WAV,h# q aa r axr kcl k s pcl p ih axr m ix n tcl t s pcl p aa z dcl d ih v aw tcl k ah m w ax z ah nx ix kcl k s pcl p eh kcl t ix dcl h#, ʔ ɑ ɹ ɚ k̚ k s p̚ p ɪ ɚ m ɨ n t̚ t s p̚ p ɑ z d̚ d ɪ v aʊ t̚ k ʌ m w ə z ʌ ɾ̃ ɨ k̚ k s p̚ p ɛ k̚ t ɨ d̚ 
/home/isaac/Projects/Thesis/data/timit/data/TRAIN/DR7/MJRA0/SI606.WAV,h# w ix th ih s pau n ow l oy ih l s ih dx ix s ax n kcl k en kcl k w ao r el h#, w ɨ θ ɪ s  n oʊ l ɔɪ ɪ l s ɪ ɾ ɨ s ə n k̚ k n̩ k̚ k w ɔ ɹ l̩ 
/home/isaac/Projects/Thesis/data/timit/data/TRAIN/DR7/MJRA0/SI1236.WAV,h# b oy y uw ey n tcl f uw l ax n ow bcl b ah dx iy bcl b ah tcl jh axr s eh l f h#, b ɔɪ j u eɪ n t̚ f u l ə n oʊ b̚ b ʌ ɾ i b̚ b ʌ t̚ dʒ ɚ s ɛ l f 
/home/isaac/Projects/Thesis/data/timit/data/TRAIN/DR7/MJRA0/SI1866.WAV,h# th er dx iy f ay v dh ey r ow dcl d ae dx ix m eh zh er dcl p ey s th ux dh ax v ae l ix h#, θ ɝ ɾ i f aɪ v ð eɪ ɹ oʊ d̚ d æ ɾ ɨ m ɛ ʒ ɝ d̚ p eɪ s θ ʉ ð ə v æ l ɨ 
/home/isaac/Projects/Thesis/data/timit/data/TRAIN/DR7/MJRA0/SX336.WAV,h# r aa bcl m ey dcl hh ah ng gcl g eh r iy ih ng gcl g uw l aa sh f axr dcl d ih nx er q ae n dcl g ux s bcl b eh r iy pcl p ay f ao r dcl d ix z er tcl h#, ɹ ɑ b̚ m eɪ d̚ h ʌ ŋ ɡ̚ ɡ ɛ ɹ i ɪ ŋ ɡ̚ ɡ u l ɑ ʃ f ɚ d̚ d ɪ ɾ̃ ɝ ʔ æ n d̚ ɡ ʉ s b̚ b ɛ ɹ i p̚ p aɪ f ɔ ɹ d̚ d ɨ z ɝ t̚ 
/home/isaac/Projects/Thesis/data/timit/data/TRAIN/DR7/MJRA0/SX66.WAV,h# w iy gcl g aa tcl d r eh n tcl ch tcl f r ah m dh iy q ah n ix n tcl t axr r ah pcl t ix dcl r ey n h#, w i ɡ̚ ɡ ɑ t̚ d ɹ ɛ n t̚ tʃ t̚ f ɹ ʌ m ð i ʔ ʌ n ɨ n t̚ t ɚ ɹ ʌ p̚ t ɨ d̚ ɹ eɪ n 
/home/isaac/Projects/Thesis/data/timit/data/TRAIN/DR7/MJRA0/SX426.WAV,h# q ah m ao th pau z ih gcl g z ae gcl d ax l ao ng dh ix pcl p ae th r uw q ao dx ow z gcl g aa r dcl en h#, ʔ ʌ m ɔ θ  z ɪ ɡ̚ ɡ z æ ɡ̚ d ə l ɔ ŋ ð ɨ p̚ p æ θ ɹ u ʔ ɔ ɾ oʊ z ɡ̚ ɡ ɑ ɹ d̚ n̩ 
/home/isaac/Projects/Thesis/data/timit/data/TRAIN/DR7/MJRA0/SX246.WAV,h# hh aw ey n sh ih n t q ix z ix s ah bcl b w ey q eh s kcl k ix l ey dx axr h#, h aʊ eɪ n ʃ ɪ n t ʔ ɨ z ɨ s ʌ b̚ b w eɪ ʔ ɛ s k̚ k ɨ l eɪ ɾ ɚ 
/home/isaac/Projects/Thesis/data/timit/data/TRAIN/DR7/FLET0/SX237.WAV,h# dh ix kcl k uh r iy er w ax z ix dcl d w ao r f h#, ð ɨ k̚ k ʊ ɹ i ɝ w ə z ɨ d̚ d w ɔ ɹ f 
/home/isaac/Projects/Thesis/data/timit/data/TRAIN/DR7/FLET0/SX147.WAV,h# k axr eh kcl t eh kcl k s ix kcl k y ux sh en ax v m ay ix n s tcl t r ah kcl k sh en z ix z kcl k r uw sh el h#, k ɚ ɛ k̚ t ɛ k̚ k s ɨ k̚ k j ʉ ʃ n̩ ə v m aɪ ɨ n s t̚ t ɹ ʌ k̚ k ʃ n̩ z ɨ z k̚ k ɹ u ʃ l̩ 
/home/isaac/Projects/Thesis/data/timit/data/TRAIN/DR7/FLET0/SI507.WAV,h# ay dcl d iy l iy hh iy n uw q ix tcl sh uh dcl b iy pcl p axr s iy dx ih dcl b ay kcl k aa n kcl k r iy tcl p r aa gcl r eh s ix q l ow axr l eh v el z h#, aɪ d̚ d i l i h i n u ʔ ɨ t̚ ʃ ʊ d̚ b i p̚ p ɚ s i ɾ ɪ d̚ b aɪ k̚ k ɑ n k̚ k ɹ i t̚ p ɹ ɑ ɡ̚ ɹ ɛ s ɨ ʔ l oʊ ɚ l ɛ v l̩ z 
/home/isaac/Projects/Thesis/data/timit/data/TRAIN/DR7/FLET0/SI1767.WAV,h# t uw w uh m ix n hv uw eh dcl b eh n ch ae dx axr ix ng l ay kcl p eh r ix tcl s pau w axr s tcl t r ah kcl d ah m h#, t u w ʊ m ɨ n ɦ u ɛ d̚ b ɛ n tʃ æ ɾ ɚ ɨ ŋ l aɪ k̚ p ɛ ɹ ɨ t̚ s  w ɚ s t̚ t ɹ ʌ k̚ d ʌ m 
/home/isaac/Projects/Thesis/data/timit/data/TRAIN/DR7/FLET0/SI1137.WAV,h# hh ih z n ey m bcl b iy kcl k ey m s en aa n ax m ah s epi w ix th kcl k ow l dcl b l ah dx ih dcl d kcl k r uw el tcl t iy h#, h ɪ z n eɪ m b̚ b i k̚ k eɪ m s n̩ ɑ n ə m ʌ s  w ɨ θ k̚ k oʊ l d̚ b l ʌ ɾ ɪ d̚ d k̚ k ɹ u l̩ t̚ t i 
/home/isaac/Projects/Thesis/data/timit/data/TRAIN/DR7/FLET0/SX417.WAV,h# v ae l iy l aa dcl jh y ih r l ix s eh l ax bcl b r ey tcl s dh ax f er s tcl k ae f bcl b ao r n h#, v æ l i l ɑ d̚ dʒ j ɪ ɹ l ɨ s ɛ l ə b̚ b ɹ eɪ t̚ s ð ə f ɝ s t̚ k æ f b̚ b ɔ ɹ n 
/home/isaac/Projects/Thesis/data/timit/data/TRAIN/DR7/FLET0/SX277.WAV,h# dh ax r ow z kcl k axr s aa zh s epi m eh l dcl d s epi w iy tcl t h#, ð ə ɹ oʊ z k̚ k ɚ s ɑ ʒ s  m ɛ l d̚ d s  w i t̚ t 
/home/isaac/Projects/Thesis/data/timit/data/TRAIN/DR7/FLET0/SX57.WAV,h# dh ax pcl p r aw l er w ao axr s kcl k iy m ae s kcl k f ao r dcl d ix s gcl g ay z h#, ð ə p̚ p ɹ aʊ l ɝ w ɔ ɚ s k̚ k i m æ s k̚ k f ɔ ɹ d̚ d ɨ s ɡ̚ ɡ aɪ z 
/home/isaac/Projects/Thesis/data/timit/data/TRAIN/DR7/MSDB0/SX197.WAV,h# dcl d r ao iy tcl ch gcl g r ae f ah nx ix n uw ae kcl k s ax-h s h#, d̚ d ɹ ɔ i t̚ tʃ ɡ̚ ɡ ɹ æ f ʌ ɾ̃ ɨ n u æ k̚ k s ə̥ s 
/home/isaac/Projects/Thesis/data/timit/data/TRAIN/DR7/MSDB0/SI1637.WAV,h# ix n ix w iy kcl dh ax hh ay ix s ix n tcl s epi w ax dcl d s pcl p ay kcl k aw tcl h#, ɨ n ɨ w i k̚ ð ə h aɪ ɨ s ɨ n t̚ s  w ə d̚ d s p̚ p aɪ k̚ k aʊ t̚ 
/home/isaac/Projects/Thesis/data/timit/data/TRAIN/DR7/MSDB0/SI2267.WAV,h# ch ow kcl k ix ng s tcl t aa pcl t ix n eh v r ix w ax n gcl g ae dh ix dx axr r aw n h#, tʃ oʊ k̚ k ɨ ŋ s t̚ t ɑ p̚ t ɨ n ɛ v ɹ ɨ w ə n ɡ̚ ɡ æ ð ɨ ɾ ɚ ɹ aʊ n 
/home/isaac/Projects/Thesis/data/timit/data/TRAIN/DR7/MSDB0/SX107.WAV,h# b er th dcl dh ey pcl p aa r dx iy z hh eh v kcl k ah pcl k ey kcl k s ix n ay s kcl k r iy m h#, b ɝ θ d̚ ð eɪ p̚ p ɑ ɹ ɾ i z h ɛ v k̚ k ʌ p̚ k eɪ k̚ k s ɨ n aɪ s k̚ k ɹ i m 
/home/isaac/Projects/Thesis/data/timit/data/TRAIN/DR7/MSDB0/SX287.WAV,h# en dh ax l ao ng r ah nx ah q p ey z ax-h bcl b ay kcl k w aa l ax dx iy kcl k l ow dh ix ng h#, n̩ ð ə l ɔ ŋ ɹ ʌ ɾ̃ ʌ ʔ p eɪ z ə̥ b̚ b aɪ k̚ k w ɑ l ə ɾ i k̚ k l oʊ ð ɨ ŋ 
/home/isaac/Projects/Thesis/data/timit/data/TRAIN/DR7/MSDB0/SX377.WAV,h# sh ix aa w ey z dcl jh ow kcl s ax-h bcl b ah tcl t ax m ah tcl ch gcl g aa r l ix kcl k ix n ix z f ux dcl h#, ʃ ɨ ɑ w eɪ z d̚ dʒ oʊ k̚ s ə̥ b̚ b ʌ t̚ t ə m ʌ t̚ tʃ ɡ̚ ɡ ɑ ɹ l ɨ k̚ k ɨ n ɨ z f ʉ d̚ 
/home/isaac/Projects/Thesis/data/timit/data/TRAIN/DR7/MSDB0/SI1007.WAV,h# q aa m ax n dcl d z ix m pcl p ix s tcl t ae sh ow n ah tcl t s epi aa r n aa tcl t s ow hv ay ix n q oy l bcl b uh dx aa r ix tcl ch en pcl p r ow tcl t iy n h#, ʔ ɑ m ə n d̚ d z ɨ m p̚ p ɨ s t̚ t æ ʃ oʊ n ʌ t̚ t s  ɑ ɹ n ɑ t̚ t s oʊ ɦ aɪ ɨ n ʔ ɔɪ l b̚ b ʊ ɾ ɑ ɹ ɨ t̚ tʃ n̩ p̚ p ɹ oʊ t̚ t i n 
/home/isaac/Projects/Thesis/data/timit/data/TRAIN/DR7/MSDB0/SX17.WAV,h# k aa r l ih v z ix n ah l ay v l iy hv ow m h#, k ɑ ɹ l ɪ v z ɨ n ʌ l aɪ v l i ɦ oʊ m 
/home/isaac/Projects/Thesis/data/timit/data/TRAIN/DR7/FLEH0/SX421.WAV,h# dh ow z hh ux tcl t iy tcl ch epi v ae l y ux s f er s tcl t ix bcl b ao l ix sh tcl ch iy dx ih ng h#, ð oʊ z h ʉ t̚ t i t̚ tʃ  v æ l j ʉ s f ɝ s t̚ t ɨ b̚ b ɔ l ɨ ʃ t̚ tʃ i ɾ ɪ ŋ 
/home/isaac/Projects/Thesis/data/timit/data/TRAIN/DR7/FLEH0/SX331.WAV,h# dh ix bcl b ih gcl d ao gcl g l ah v dcl t ix tcl ch uw ao n dh ix q ow l dcl r ae gcl d ao l h#, ð ɨ b̚ b ɪ ɡ̚ d ɔ ɡ̚ ɡ l ʌ v d̚ t ɨ t̚ tʃ u ɔ n ð ɨ ʔ oʊ l d̚ ɹ æ ɡ̚ d ɔ l 
/home/isaac/Projects/Thesis/data/timit/data/TRAIN/DR7/FLEH0/SI1051.WAV,h# n ao r dh er n l ih v r el z ah epi dh ix tcl ch iy f s ix pcl p ao r dx axr z ax v s ih v el r ay tcl s q eh n ah v eh n ix gcl g r ey sh epi ix n h#, n ɔ ɹ ð ɝ n l ɪ v ɹ l̩ z ʌ  ð ɨ t̚ tʃ i f s ɨ p̚ p ɔ ɹ ɾ ɚ z ə v s ɪ v l̩ ɹ aɪ t̚ s ʔ ɛ n ʌ v ɛ n ɨ ɡ̚ ɡ ɹ eɪ ʃ  ɨ n 
/home/isaac/Projects/Thesis/data/timit/data/TRAIN/DR7/FLEH0/SI1681.WAV,h# dh ix sh eh r ix f s epi w ih v el tcl ch eh r tcl t ih l tcl t ix dcl b ae kcl k h#, ð ɨ ʃ ɛ ɹ ɨ f s  w ɪ v l̩ t̚ tʃ ɛ ɹ t̚ t ɪ l t̚ t ɨ d̚ b æ k̚ k 
/home/isaac/Projects/Thesis/data/timit/data/TRAIN/DR7/FLEH0/SX61.WAV,h# ch aa kcl k l ih dx ih n r ow z ix z epi n eh v axr f ey l ah z ax r ow m ae n tcl t ix kcl g ih f tcl t h#, tʃ ɑ k̚ k l ɪ ɾ ɪ n ɹ oʊ z ɨ z  n ɛ v ɚ f eɪ l ʌ z ə ɹ oʊ m æ n t̚ t ɨ k̚ ɡ ɪ f t̚ t 
/home/isaac/Projects/Thesis/data/timit/data/TRAIN/DR7/FLEH0/SI2311.WAV,h# w ay n ao r ah pau dh ah v eh r ix ay dcl d iy ah h#, w aɪ n ɔ ɹ ʌ  ð ʌ v ɛ ɹ ɨ aɪ d̚ d i ʌ 
/home/isaac/Projects/Thesis/data/timit/data/TRAIN/DR7/FLEH0/SX241.WAV,h# dh aa hv aa l w ey q ow pcl p ix n z ix n tcl t ux ey hh y ux dcl jh tcl ch ey m bcl b axr h#, ð ɑ ɦ ɑ l w eɪ ʔ oʊ p̚ p ɨ n z ɨ n t̚ t ʉ eɪ h j ʉ d̚ dʒ t̚ tʃ eɪ m b̚ b ɚ 
/home/isaac/Projects/Thesis/data/timit/data/TRAIN/DR7/FLEH0/SX151.WAV,h# dh ax pcl p r iy v iy ix s pcl p iy kcl k axr pcl p r ix z eh nx eh dcl d ae m bcl b ih gcl y ux ih s epi r ix z ah l tcl s h#, ð ə p̚ p ɹ i v i ɨ s p̚ p i k̚ k ɚ p̚ p ɹ ɨ z ɛ ɾ̃ ɛ d̚ d æ m b̚ b ɪ ɡ̚ j ʉ ɪ s  ɹ ɨ z ʌ l t̚ s 
/home/isaac/Projects/Thesis/data/timit/data/TRAIN/DR7/MGAW0/SX355.WAV,h# d ao l f ix n z aa r ix n tcl t eh l ax dcl jh ix n q m axr r iy n m ae m el z h#, d ɔ l f ɨ n z ɑ ɹ ɨ n t̚ t ɛ l ə d̚ dʒ ɨ n ʔ m ɚ ɹ i n m æ m l̩ z 
/home/isaac/Projects/Thesis/data/timit/data/TRAIN/DR7/MGAW0/SI535.WAV,h# t ux m eh nx iy hv eh v bcl b ao gcl d aw n ix n bcl b ih kcl k axr ix ng h#, t ʉ m ɛ ɾ̃ i ɦ ɛ v b̚ b ɔ ɡ̚ d aʊ n ɨ n b̚ b ɪ k̚ k ɚ ɨ ŋ 
/home/isaac/Projects/Thesis/data/timit/data/TRAIN/DR7/MGAW0/SX445.WAV,h# w ah dx ih z ih s l aa r dcl jh th ih ng bcl b ay dh iy ay er nx ix ng bcl b ao r dcl h#, w ʌ ɾ ɪ z ɪ s l ɑ ɹ d̚ dʒ θ ɪ ŋ b̚ b aɪ ð i aɪ ɝ ɾ̃ ɨ ŋ b̚ b ɔ ɹ d̚ 
/home/isaac/Projects/Thesis/data/timit/data/TRAIN/DR7/MGAW0/SX85.WAV,h# s ix m eh n tcl t ix z m eh zh er dx ix n kcl k y ux bcl ih kcl k y aa er dcl d z h#, s ɨ m ɛ n t̚ t ɨ z m ɛ ʒ ɝ ɾ ɨ n k̚ k j ʉ b̚ ɪ k̚ k j ɑ ɝ d̚ d z 
/home/isaac/Projects/Thesis/data/timit/data/TRAIN/DR7/MGAW0/SI1165.WAV,h# dh iy kcl k en tcl t ih n y uw iy ng m aa dx er n ih z ey sh ix n q ax v dh iy z f ao r s eh z ix z ey kcl k ao s l iy bcl b ix q n eh s ax-h s eh r iy pcl p r aa s eh s h#, ð i k̚ k n̩ t̚ t ɪ n j u i ŋ m ɑ ɾ ɝ n ɪ z eɪ ʃ ɨ n ʔ ə v ð i z f ɔ ɹ s ɛ z ɨ z eɪ k̚ k ɔ s l i b̚ b ɨ ʔ n ɛ s ə̥ s ɛ ɹ i p̚ p ɹ ɑ s ɛ s 
/home/isaac/Projects/Thesis/data/timit/data/TRAIN/DR7/MGAW0/SX175.WAV,h# s ix v ih r m ay ow pcl p iy ax kcl k en tcl t r ih ux tcl t ix dcl t ux r aa n z q ih n f ih r ih ao axr dx iy kcl k aa m pcl p l eh kcl s h#, s ɨ v ɪ ɹ m aɪ oʊ p̚ p i ə k̚ k n̩ t̚ t ɹ ɪ ʉ t̚ t ɨ d̚ t ʉ ɹ ɑ n z ʔ ɪ n f ɪ ɹ ɪ ɔ ɚ ɾ i k̚ k ɑ m p̚ p l ɛ k̚ s 
/home/isaac/Projects/Thesis/data/timit/data/TRAIN/DR7/MGAW0/SI1802.WAV,h# aa r hv ay pcl p ax th eh dx ih kcl k el q ah dh er bcl b ah m hv uw kcl k ih l dcl hv ih m w uh dcl d hv eh v tcl t er n d aw tcl hv ix z pcl p aa kcl k ix tcl s h#, ɑ ɹ ɦ aɪ p̚ p ə θ ɛ ɾ ɪ k̚ k l̩ ʔ ʌ ð ɝ b̚ b ʌ m ɦ u k̚ k ɪ l d̚ ɦ ɪ m w ʊ d̚ d ɦ ɛ v t̚ t ɝ n d aʊ t̚ ɦ ɨ z p̚ p ɑ k̚ k ɨ t̚ s 
/home/isaac/Projects/Thesis/data/timit/data/TRAIN/DR7/MGAW0/SX265.WAV,h# dh ix s ao ix z bcl b r ow kcl k ih n pau s ow tcl ch aa pcl dh ax w uh dx ix n s tcl t eh dcl d h#, ð ɨ s ɔ ɨ z b̚ b ɹ oʊ k̚ k ɪ n  s oʊ t̚ tʃ ɑ p̚ ð ə w ʊ ɾ ɨ n s t̚ t ɛ d̚ d 
/home/isaac/Projects/Thesis/data/timit/data/TRAIN/DR7/MDLR0/SX333.WAV,h# ih n ih dcl d ah l tcl m ey l bcl b ah bcl b uw n z tcl t iy th pau q axr n aa tcl s ux dx ax bcl b uh l f axr q iy dx ix ng sh eh l f ix sh h#, ɪ n ɪ d̚ d ʌ l t̚ m eɪ l b̚ b ʌ b̚ b u n z t̚ t i θ  ʔ ɚ n ɑ t̚ s ʉ ɾ ə b̚ b ʊ l f ɚ ʔ i ɾ ɨ ŋ ʃ ɛ l f ɨ ʃ 
/home/isaac/Projects/Thesis/data/timit/data/TRAIN/DR7/MDLR0/SX63.WAV,h# k aa nx en eh nx el dcl d r ih f tcl t q ih z ix dcl jh iy ax l aa dcl jh ax-h kcl k el th ih r iy h#, k ɑ ɾ̃ n̩ ɛ ɾ̃ l̩ d̚ d ɹ ɪ f t̚ t ʔ ɪ z ɨ d̚ dʒ i ə l ɑ d̚ dʒ ə̥ k̚ k l̩ θ ɪ ɹ i 
/home/isaac/Projects/Thesis/data/timit/data/TRAIN/DR7/MDLR0/SI1233.WAV,h# q ih tcl m ey dcl n ow dcl d ih f r ih n s dh ix tcl m ow s tcl t q eh v ax dcl d ih n s epi p oy n tcl t s tcl t uw ax n aa pcl p ix s ih tcl k ix n kcl k l uw zh ix n h#, ʔ ɪ t̚ m eɪ d̚ n oʊ d̚ d ɪ f ɹ ɪ n s ð ɨ t̚ m oʊ s t̚ t ʔ ɛ v ə d̚ d ɪ n s  p ɔɪ n t̚ t s t̚ t u ə n ɑ p̚ p ɨ s ɪ t̚ k ɨ n k̚ k l u ʒ ɨ n 
/home/isaac/Projects/Thesis/data/timit/data/TRAIN/DR7/MDLR0/SX243.WAV,h# dh ey q ao l ax gcl g r iy dh ix tcl dh q eh s ey q ih z bcl b eh r l iy q ix n tcl t eh l ax dcl jh ix bcl b el h#, ð eɪ ʔ ɔ l ə ɡ̚ ɡ ɹ i ð ɨ t̚ ð ʔ ɛ s eɪ ʔ ɪ z b̚ b ɛ ɹ l i ʔ ɨ n t̚ t ɛ l ə d̚ dʒ ɨ b̚ b l̩ 
/home/isaac/Projects/Thesis/data/timit/data/TRAIN/DR7/MDLR0/SX153.WAV,h# s kcl k el ae s tcl t ix kcl k q ae pcl t ix tcl t ux dcl d q ih z dcl jh ah jh bcl b ay s tcl t ae nx axr dcl d ay z dcl t eh s tcl s h#, s k̚ k l̩ æ s t̚ t ɨ k̚ k ʔ æ p̚ t ɨ t̚ t ʉ d̚ d ʔ ɪ z d̚ dʒ ʌ dʒ b̚ b aɪ s t̚ t æ ɾ̃ ɚ d̚ d aɪ z d̚ t ɛ s t̚ s 
/home/isaac/Projects/Thesis/data/timit/data/TRAIN/DR7/MDLR0/SI603.WAV,h# m eh l ax n kcl k aa l iy q ax bcl b s eh sh en h#, m ɛ l ə n k̚ k ɑ l i ʔ ə b̚ b s ɛ ʃ n̩ 
/home/isaac/Projects/Thesis/data/timit/data/TRAIN/DR7/MDLR0/SX423.WAV,h# s epi m ae sh epi l ay tcl b ah l bcl b z pau q en dh axr kcl k ae sh v aa y ux w el dcl d ax m ih n ih sh tcl t ix n ah th eng h#, s  m æ ʃ  l aɪ t̚ b ʌ l b̚ b z  ʔ n̩ ð ɚ k̚ k æ ʃ v ɑ j ʉ w l̩ d̚ d ə m ɪ n ɪ ʃ t̚ t ɨ n ʌ θ ŋ̍ 
/home/isaac/Projects/Thesis/data/timit/data/TRAIN/DR7/MDLR0/SI1863.WAV,h# w iy hv ae v ax n tcl s l eh pcl t ix gcl g eh dh axr s ix n s epi w iy s tcl t aa r dx ix dcl h#, w i ɦ æ v ə n t̚ s l ɛ p̚ t ɨ ɡ̚ ɡ ɛ ð ɚ s ɨ n s  w i s t̚ t ɑ ɹ ɾ ɨ d̚ 
/home/isaac/Projects/Thesis/data/timit/data/TRAIN/DR7/FVKB0/SX259.WAV,h# t ao r n ey dx ow z q aa f ix n d ih s tcl t r oy q ey kcl k axr z ax v f aa r m l ae n dcl d h#, t ɔ ɹ n eɪ ɾ oʊ z ʔ ɑ f ɨ n d ɪ s t̚ t ɹ ɔɪ ʔ eɪ k̚ k ɚ z ə v f ɑ ɹ m l æ n d̚ d 
/home/isaac/Projects/Thesis/data/timit/data/TRAIN/DR7/FVKB0/SX79.WAV,h# w ih y ux pcl p l iy z dcl d ix s kcl k r ay bcl dh ix q ih dx iy aa dx ix kcl p axr dcl d ih kcl k ax m ix n q h#, w ɪ j ʉ p̚ p l i z d̚ d ɨ s k̚ k ɹ aɪ b̚ ð ɨ ʔ ɪ ɾ i ɑ ɾ ɨ k̚ p ɚ d̚ d ɪ k̚ k ə m ɨ n ʔ 
/home/isaac/Projects/Thesis/data/timit/data/TRAIN/DR7/FVKB0/SX349.WAV,h# dh ax pcl p r iy s kcl k uw l axr kcl k uh dx en q v er bcl b ax l ay z er f iy l iy ng z ax bcl b aw tcl dh iy ix m er dcl jh en s iy kcl k ix n dcl d ix sh en z h#, ð ə p̚ p ɹ i s k̚ k u l ɚ k̚ k ʊ ɾ n̩ ʔ v ɝ b̚ b ə l aɪ z ɝ f i l i ŋ z ə b̚ b aʊ t̚ ð i ɨ m ɝ d̚ dʒ n̩ s i k̚ k ɨ n d̚ d ɨ ʃ n̩ z 
/home/isaac/Projects/Thesis/data/timit/data/TRAIN/DR7/FVKB0/SI1159.WAV,h# k ah dx ao f eh v r iy bcl b ih l dcl ih ng q ae tcl dh ax s eh v ix n th f l ao axr h#, k ʌ ɾ ɔ f ɛ v ɹ i b̚ b ɪ l d̚ ɪ ŋ ʔ æ t̚ ð ə s ɛ v ɨ n θ f l ɔ ɚ 
/home/isaac/Projects/Thesis/data/timit/data/TRAIN/DR7/FVKB0/SX439.WAV,h# dh ae q s tcl t iy ng iy ng v ey pcl p er w ah z kcl k ao z bcl b ay kcl k l ao r ay dcl v ey pcl p er ix z ey sh ix n h#, ð æ ʔ s t̚ t i ŋ i ŋ v eɪ p̚ p ɝ w ʌ z k̚ k ɔ z b̚ b aɪ k̚ k l ɔ ɹ aɪ d̚ v eɪ p̚ p ɝ ɨ z eɪ ʃ ɨ n 
/home/isaac/Projects/Thesis/data/timit/data/TRAIN/DR7/FVKB0/SI529.WAV,h# w uh dx ix dcl s tcl t r iy m v ae l iy z q ih n dh ax f ow l dcl z ax v q er th w uh dcl b iy s ey v dcl d h#, w ʊ ɾ ɨ d̚ s t̚ t ɹ i m v æ l i z ʔ ɪ n ð ə f oʊ l d̚ z ə v ʔ ɝ θ w ʊ d̚ b i s eɪ v d̚ d 
/home/isaac/Projects/Thesis/data/timit/data/TRAIN/DR7/FVKB0/SI1789.WAV,h# l ay kcl k hh ih z gcl g l ao s iy bcl b l ae kcl k hh eh er h#, l aɪ k̚ k h ɪ z ɡ̚ ɡ l ɔ s i b̚ b l æ k̚ k h ɛ ɝ 
/home/isaac/Projects/Thesis/data/timit/data/TRAIN/DR7/FVKB0/SX169.WAV,h# hh aw w uh dcl jh uw ax v ae y uw ey tcl dh ix s ae l dcl jh ix bcl b r ey ix kcl k ix kcl k s pcl p r eh sh en h#, h aʊ w ʊ d̚ dʒ u ə v æ j u eɪ t̚ ð ɨ s æ l d̚ dʒ ɨ b̚ b ɹ eɪ ɨ k̚ k ɨ k̚ k s p̚ p ɹ ɛ ʃ n̩ 
/home/isaac/Projects/Thesis/data/timit/data/TRAIN/DR7/MFXS0/SX234.WAV,h# dh ax pcl p ey pcl p axr bcl b oy bcl b ao tcl t ux q ae pcl p el z q eh n epi th r iy q ay s ix s h#, ð ə p̚ p eɪ p̚ p ɚ b̚ b ɔɪ b̚ b ɔ t̚ t ʉ ʔ æ p̚ p l̩ z ʔ ɛ n  θ ɹ i ʔ aɪ s ɨ s 
/home/isaac/Projects/Thesis/data/timit/data/TRAIN/DR7/MFXS0/SX54.WAV,h# dh iy q iy s tcl t axr n kcl k ow s ax-h z ey pcl p l ey s epi f axr pcl p y er pcl p l eh zh axr q ae nx ix kcl k s ay q m ix tcl h#, ð i ʔ i s t̚ t ɚ n k̚ k oʊ s ə̥ z eɪ p̚ p l eɪ s  f ɚ p̚ p j ɝ p̚ p l ɛ ʒ ɚ ʔ æ ɾ̃ ɨ k̚ k s aɪ ʔ m ɨ t̚ 
/home/isaac/Projects/Thesis/data/timit/data/TRAIN/DR7/MFXS0/SX144.WAV,h# dh ax w ih l w ix w uh m ax n w ao r pau q ey m ah s kcl k r ae tcl t kcl k ow tcl t h#, ð ə w ɪ l w ɨ w ʊ m ə n w ɔ ɹ  ʔ eɪ m ʌ s k̚ k ɹ æ t̚ t k̚ k oʊ t̚ t 
/home/isaac/Projects/Thesis/data/timit/data/TRAIN/DR7/MFXS0/SX324.WAV,h# dh ax l ow kcl k el dcl d r ah gcl g s tcl t ao r w ix sh tcl ch aa r dcl jh epi w ax th q ih l iy gcl ax l iy dcl d ix s pcl p eh n tcl t s ix ng tcl t r ae ng kcl k w ax l ay z axr z h#, ð ə l oʊ k̚ k l̩ d̚ d ɹ ʌ ɡ̚ ɡ s t̚ t ɔ ɹ w ɨ ʃ t̚ tʃ ɑ ɹ d̚ dʒ  w ə θ ʔ ɪ l i ɡ̚ ə l i d̚ d ɨ s p̚ p ɛ n t̚ t s ɨ ŋ t̚ t ɹ æ ŋ k̚ k w ə l aɪ z ɚ z 
/home/isaac/Projects/Thesis/data/timit/data/TRAIN/DR7/MFXS0/SI2304.WAV,h# n aw hv iy z bcl b ao dx ix tcl t s eh dcl m ay w ay f kcl k ix n tcl t eh n dcl d ix dcl d l iy h#, n aʊ ɦ i z b̚ b ɔ ɾ ɨ t̚ t s ɛ d̚ m aɪ w aɪ f k̚ k ɨ n t̚ t ɛ n d̚ d ɨ d̚ d l i 
/home/isaac/Projects/Thesis/data/timit/data/TRAIN/DR7/MFXS0/SI1674.WAV,h# hh iy pcl p uh dx ih tcl q ix n ih z ow n pcl p aa kcl k ix tcl t f axr s ey f kcl k iy pcl p ix ng h#, h i p̚ p ʊ ɾ ɪ t̚ ʔ ɨ n ɪ z oʊ n p̚ p ɑ k̚ k ɨ t̚ t f ɚ s eɪ f k̚ k i p̚ p ɨ ŋ 
/home/isaac/Projects/Thesis/data/timit/data/TRAIN/DR7/MFXS0/SX414.WAV,h# q ae r ih sh epi y ah ng k s tcl t er z q iy tcl f r eh sh kcl k ih pcl p axr z epi f axr bcl b r eh kcl k f ix s tcl t h#, ʔ æ ɹ ɪ ʃ  j ʌ ŋ k s t̚ t ɝ z ʔ i t̚ f ɹ ɛ ʃ k̚ k ɪ p̚ p ɚ z  f ɚ b̚ b ɹ ɛ k̚ k f ɨ s t̚ t 
/home/isaac/Projects/Thesis/data/timit/data/TRAIN/DR7/MFXS0/SI2225.WAV,h# r ah n dcl d aw n q ay er n pcl p ao r h#, ɹ ʌ n d̚ d aʊ n ʔ aɪ ɝ n p̚ p ɔ ɹ 
/home/isaac/Projects/Thesis/data/timit/data/TRAIN/DR7/MKDB0/SX242.WAV,h# m ey ay q ao r dx axr ix s tcl t r ao bcl b axr iy s ah n dcl d ey q ae f tcl t axr ay q iy tcl d ih nx axr h#, m eɪ aɪ ʔ ɔ ɹ ɾ ɚ ɨ s t̚ t ɹ ɔ b̚ b ɚ i s ʌ n d̚ d eɪ ʔ æ f t̚ t ɚ aɪ ʔ i t̚ d ɪ ɾ̃ ɚ 
/home/isaac/Projects/Thesis/data/timit/data/TRAIN/DR7/MKDB0/SX152.WAV,h# m ix s kcl k iy dx ow z ix gcl g z ih s tcl t ih n w ao r m hh y ux m ix dcl d kcl k l ay m ix tcl t s h#, m ɨ s k̚ k i ɾ oʊ z ɨ ɡ̚ ɡ z ɪ s t̚ t ɪ n w ɔ ɹ m h j ʉ m ɨ d̚ d k̚ k l aɪ m ɨ t̚ t s 
/home/isaac/Projects/Thesis/data/timit/data/TRAIN/DR7/MKDB0/SX422.WAV,h# w ah n tcl ch ux f ih n ih sh gcl g r iy s ix ng y axr tcl ch ey n pau b iy sh er dx ax w aa sh th er ix l iy h#, w ʌ n t̚ tʃ ʉ f ɪ n ɪ ʃ ɡ̚ ɡ ɹ i s ɨ ŋ j ɚ t̚ tʃ eɪ n  b i ʃ ɝ ɾ ə w ɑ ʃ θ ɝ ɨ l i 
/home/isaac/Projects/Thesis/data/timit/data/TRAIN/DR7/MKDB0/SI588.WAV,h# w ay dcl d uw w iy n iy dcl b ih gcl g axr eh n bcl b eh dx axr bcl b aa m z h#, w aɪ d̚ d u w i n i d̚ b ɪ ɡ̚ ɡ ɚ ɛ n b̚ b ɛ ɾ ɚ b̚ b ɑ m z 
/home/isaac/Projects/Thesis/data/timit/data/TRAIN/DR7/MKDB0/SI872.WAV,h# dh eh n f ih l dh ax s ih s tcl t ah m pau hh eh n ae dx axr r ah s tcl t ix n hv ih bcl b ix dx axr h#, ð ɛ n f ɪ l ð ə s ɪ s t̚ t ʌ m  h ɛ n æ ɾ ɚ ɹ ʌ s t̚ t ɨ n ɦ ɪ b̚ b ɨ ɾ ɚ 
/home/isaac/Projects/Thesis/data/timit/data/TRAIN/DR7/MKDB0/SI2132.WAV,h# sh ix tcl t uh kcl k ix q w ih th hh axr w eh axr eh v axr sh ix w eh n tcl t pau sh iy tcl ch ow z ix tcl t h#, ʃ ɨ t̚ t ʊ k̚ k ɨ ʔ w ɪ θ h ɚ w ɛ ɚ ɛ v ɚ ʃ ɨ w ɛ n t̚ t  ʃ i t̚ tʃ oʊ z ɨ t̚ t 
/home/isaac/Projects/Thesis/data/timit/data/TRAIN/DR7/MKDB0/SX62.WAV,h# eh n iy kcl k aa n tcl t r ix bcl b y ux sh ix n z epi w el bcl b iy gcl g r ey q l iy ix pcl p r iy sh iy ey dcl d ix dcl h#, ɛ n i k̚ k ɑ n t̚ t ɹ ɨ b̚ b j ʉ ʃ ɨ n z  w l̩ b̚ b i ɡ̚ ɡ ɹ eɪ ʔ l i ɨ p̚ p ɹ i ʃ i eɪ d̚ d ɨ d̚ 
/home/isaac/Projects/Thesis/data/timit/data/TRAIN/DR7/MKDB0/SX332.WAV,h# t aa dcl p l ey s tcl t aa pcl p r ay ao axr dx iy ao ng gcl g eh dx ix ng hv ix z bcl b ay kcl k f ih kcl k s tcl t h#, t ɑ d̚ p l eɪ s t̚ t ɑ p̚ p ɹ aɪ ɔ ɚ ɾ i ɔ ŋ ɡ̚ ɡ ɛ ɾ ɨ ŋ ɦ ɨ z b̚ b aɪ k̚ k f ɪ k̚ k s t̚ t 
/home/isaac/Projects/Thesis/data/timit/data/TRAIN/DR7/MDLC1/SX355.WAV,h# d ao l f ax n z aa r axr n tcl t eh l ax dcl jh ih n q m axr iy n m ae m el z h#, d ɔ l f ə n z ɑ ɹ ɚ n t̚ t ɛ l ə d̚ dʒ ɪ n ʔ m ɚ i n m æ m l̩ z 
/home/isaac/Projects/Thesis/data/timit/data/TRAIN/DR7/MDLC1/SI2144.WAV,h# hh w ay er y ux tcl t r ay n dcl d ax w er ix m ix h#, h w aɪ ɝ j ʉ t̚ t ɹ aɪ n d̚ d ə w ɝ ɨ m ɨ 
/home/isaac/Projects/Thesis/data/timit/data/TRAIN/DR7/MDLC1/SX445.WAV,h# hh w ah dx ih z ih s l aa r dcl jh epi th ih ng bcl b ay dh iy aa r nx ix ng bcl b ao r dcl d h#, h w ʌ ɾ ɪ z ɪ s l ɑ ɹ d̚ dʒ  θ ɪ ŋ b̚ b aɪ ð i ɑ ɹ ɾ̃ ɨ ŋ b̚ b ɔ ɹ d̚ d 
/home/isaac/Projects/Thesis/data/timit/data/TRAIN/DR7/MDLC1/SX85.WAV,h# s ix m eh n tcl t q ix z epi m eh zh axr dcl d ix n kcl k y ux bcl ix kcl k y aa r dcl d z h#, s ɨ m ɛ n t̚ t ʔ ɨ z  m ɛ ʒ ɚ d̚ d ɨ n k̚ k j ʉ b̚ ɨ k̚ k j ɑ ɹ d̚ d z 
/home/isaac/Projects/Thesis/data/timit/data/TRAIN/DR7/MDLC1/SX175.WAV,h# s ix v ih r m ay ow pcl p iy ah pau k ix n tcl t r ih bcl b ux dcl d ix dcl t axr r aa n z q ix n f er ix ao r axr dx iy kcl k aa m pcl p l eh kcl k s h#, s ɨ v ɪ ɹ m aɪ oʊ p̚ p i ʌ  k ɨ n t̚ t ɹ ɪ b̚ b ʉ d̚ d ɨ d̚ t ɚ ɹ ɑ n z ʔ ɨ n f ɝ ɨ ɔ ɹ ɚ ɾ i k̚ k ɑ m p̚ p l ɛ k̚ k s 
/home/isaac/Projects/Thesis/data/timit/data/TRAIN/DR7/MDLC1/SI2065.WAV,h# l ih f tcl t ix ng hv er s kcl k er tcl sh ix kcl k l ay m dcl d ih n pau n eh v axr r ix l ih ng kcl k w ix sh ix ng hv axr gcl g r ih pcl p ao n hv ix z aa r m h#, l ɪ f t̚ t ɨ ŋ ɦ ɝ s k̚ k ɝ t̚ ʃ ɨ k̚ k l aɪ m d̚ d ɪ n  n ɛ v ɚ ɹ ɨ l ɪ ŋ k̚ k w ɨ ʃ ɨ ŋ ɦ ɚ ɡ̚ ɡ ɹ ɪ p̚ p ɔ n ɦ ɨ z ɑ ɹ m 
/home/isaac/Projects/Thesis/data/timit/data/TRAIN/DR7/MDLC1/SX265.WAV,h# dh ax s ao ix z bcl b r ow kcl k ix n pau s ow tcl ch aa pcl p dh ax w uh dcl d ix n s tcl t eh dcl d h#, ð ə s ɔ ɨ z b̚ b ɹ oʊ k̚ k ɨ n  s oʊ t̚ tʃ ɑ p̚ p ð ə w ʊ d̚ d ɨ n s t̚ t ɛ d̚ d 
/home/isaac/Projects/Thesis/data/timit/data/TRAIN/DR7/MDLC1/SI1435.WAV,h# dh ix w er l dcl ix z kcl k aa n s ax n q l iy tcl ch ey n dcl jh ix ng pau hh w ah q w ax z epi n ux y eh s tcl t axr dcl d iy pau q ix z aa bcl s el eh s en tcl t ax dcl d ey h#, ð ɨ w ɝ l d̚ ɨ z k̚ k ɑ n s ə n ʔ l i t̚ tʃ eɪ n d̚ dʒ ɨ ŋ  h w ʌ ʔ w ə z  n ʉ j ɛ s t̚ t ɚ d̚ d i  ʔ ɨ z ɑ b̚ s l̩ ɛ s n̩ t̚ t ə d̚ d eɪ 
/home/isaac/Projects/Thesis/data/timit/data/TRAIN/DR7/MAEO0/SX156.WAV,h# q aa r kcl k s pcl p er m ih n tcl s pcl p aa z ix v aw tcl t kcl k ah m w ax z ah n ix kcl k s pcl p eh kcl t ix dcl h#, ʔ ɑ ɹ k̚ k s p̚ p ɝ m ɪ n t̚ s p̚ p ɑ z ɨ v aʊ t̚ t k̚ k ʌ m w ə z ʌ n ɨ k̚ k s p̚ p ɛ k̚ t ɨ d̚ 
/home/isaac/Projects/Thesis/data/timit/data/TRAIN/DR7/MAEO0/SI1956.WAV,h# q ax s ih ng g el kcl k ih kcl m ey dx ix tcl s pcl p r ih ng ow pcl p ax n pau sh ah dx axr ix n h#, ʔ ə s ɪ ŋ ɡ l̩ k̚ k ɪ k̚ m eɪ ɾ ɨ t̚ s p̚ p ɹ ɪ ŋ oʊ p̚ p ə n  ʃ ʌ ɾ ɚ ɨ n 
/home/isaac/Projects/Thesis/data/timit/data/TRAIN/DR7/MAEO0/SX336.WAV,h# r aa bcl m ey dcl d hh ah ng gcl g eh r iy ng gcl g ux l aa sh f dcl d ih nx axr pau q ix ng gcl g ux s bcl b er ix pcl p ay f axr dcl d ix z er tcl h#, ɹ ɑ b̚ m eɪ d̚ d h ʌ ŋ ɡ̚ ɡ ɛ ɹ i ŋ ɡ̚ ɡ ʉ l ɑ ʃ f d̚ d ɪ ɾ̃ ɚ  ʔ ɨ ŋ ɡ̚ ɡ ʉ s b̚ b ɝ ɨ p̚ p aɪ f ɚ d̚ d ɨ z ɝ t̚ 
/home/isaac/Projects/Thesis/data/timit/data/TRAIN/DR7/MAEO0/SI1655.WAV,h# s ow pau hh iy ix n ix s tcl t er dcl d hv axr pcl p ae n ih kcl k h#, s oʊ  h i ɨ n ɨ s t̚ t ɝ d̚ d ɦ ɚ p̚ p æ n ɪ k̚ k 
/home/isaac/Projects/Thesis/data/timit/data/TRAIN/DR7/MAEO0/SX66.WAV,h# w iy gcl g aa tcl d r eh n tcl ch f r ax m dh iy ah nx ax nx axr ah pcl t ix dcl d r ey n h#, w i ɡ̚ ɡ ɑ t̚ d ɹ ɛ n t̚ tʃ f ɹ ə m ð i ʌ ɾ̃ ə ɾ̃ ɚ ʌ p̚ t ɨ d̚ d ɹ eɪ n 
/home/isaac/Projects/Thesis/data/timit/data/TRAIN/DR7/MAEO0/SX426.WAV,h# q ax m ao th pau z ih gcl g z ae gcl d ax l ao ng dh ax pcl p ae th pau th r uw ao dx ow z gcl g aa r dx en h#, ʔ ə m ɔ θ  z ɪ ɡ̚ ɡ z æ ɡ̚ d ə l ɔ ŋ ð ə p̚ p æ θ  θ ɹ u ɔ ɾ oʊ z ɡ̚ ɡ ɑ ɹ ɾ n̩ 
/home/isaac/Projects/Thesis/data/timit/data/TRAIN/DR7/MAEO0/SX246.WAV,h# hh aw ey n sh ix n ih z ix s ah w ey eh s kcl k ax l ey dx axr h#, h aʊ eɪ n ʃ ɨ n ɪ z ɨ s ʌ w eɪ ɛ s k̚ k ə l eɪ ɾ ɚ 
/home/isaac/Projects/Thesis/data/timit/data/TRAIN/DR7/MAEO0/SI1326.WAV,h# dh ax l aa r v ah pau k eh pcl p w ao r m bcl b ay dh ix kcl k w iy n q aa r f el gcl g r ow n ax nx axr bcl b aw tcl t eh n dcl d ey z h#, ð ə l ɑ ɹ v ʌ  k ɛ p̚ p w ɔ ɹ m b̚ b aɪ ð ɨ k̚ k w i n ʔ ɑ ɹ f l̩ ɡ̚ ɡ ɹ oʊ n ə ɾ̃ ɚ b̚ b aʊ t̚ t ɛ n d̚ d eɪ z 
/home/isaac/Projects/Thesis/data/timit/data/TRAIN/DR7/MTML0/SI1695.WAV,h# q eh n ih th ih n ih dcl d ux w ax dh ax n ey s ax-h s pcl p ey dcl z bcl b ae dcl d l ah kcl k h#, ʔ ɛ n ɪ θ ɪ n ɪ d̚ d ʉ w ə ð ə n eɪ s ə̥ s p̚ p eɪ d̚ z b̚ b æ d̚ d l ʌ k̚ k 
/home/isaac/Projects/Thesis/data/timit/data/TRAIN/DR7/MTML0/SX435.WAV,h# dh ix r ih tcl ch uh dx ih n v eh s tcl t ix n bcl b l ae kcl k z er kcl k aa n z epi en s tcl t eh dx ah v s tcl t ay l ix sh ux z h#, ð ɨ ɹ ɪ t̚ tʃ ʊ ɾ ɪ n v ɛ s t̚ t ɨ n b̚ b l æ k̚ k z ɝ k̚ k ɑ n z  n̩ s t̚ t ɛ ɾ ʌ v s t̚ t aɪ l ɨ ʃ ʉ z 
/home/isaac/Projects/Thesis/data/timit/data/TRAIN/DR7/MTML0/SX255.WAV,h# m ay q ay dcl d iy l m ao r nx ix ng bcl b ix gcl g ih n z w ax th hh aa tcl k aa f iy h#, m aɪ ʔ aɪ d̚ d i l m ɔ ɹ ɾ̃ ɨ ŋ b̚ b ɨ ɡ̚ ɡ ɪ n z w ə θ h ɑ t̚ k ɑ f i 
/home/isaac/Projects/Thesis/data/timit/data/TRAIN/DR7/MTML0/SI2325.WAV,h# dh eh n m ey ay ae s kcl k w eh dh iy z m ah dx iy f uh tcl p r ix n tcl s kcl k ey m epi f r ah m h#, ð ɛ n m eɪ aɪ æ s k̚ k w ɛ ð i z m ʌ ɾ i f ʊ t̚ p ɹ ɨ n t̚ s k̚ k eɪ m  f ɹ ʌ m 
/home/isaac/Projects/Thesis/data/timit/data/TRAIN/DR7/MTML0/SX345.WAV,h# t r ih sh pau s epi ao aw er z ix nx aw er z ax v m uw v ix s ae dx axr dx ey h#, t ɹ ɪ ʃ  s  ɔ aʊ ɝ z ɨ ɾ̃ aʊ ɝ z ə v m u v ɨ s æ ɾ ɚ ɾ eɪ 
/home/isaac/Projects/Thesis/data/timit/data/TRAIN/DR7/MTML0/SX165.WAV,h# dh ih q iy z iy gcl g ow eh ng z uw aa l ix dcl jh ix s tcl t r ix l ae kcl k s th r ux aw tcl dh ax v oy ix dcl jh h#, ð ɪ ʔ i z i ɡ̚ ɡ oʊ ɛ ŋ z u ɑ l ɨ d̚ dʒ ɨ s t̚ t ɹ ɨ l æ k̚ k s θ ɹ ʉ aʊ t̚ ð ə v ɔɪ ɨ d̚ dʒ 
/home/isaac/Projects/Thesis/data/timit/data/TRAIN/DR7/MTML0/SI1065.WAV,h# q aa l th r ih m ah s kcl k ax m pcl p er n ow tcl s q eh nx ix gcl g r iy dx ix gcl g ow h#, ʔ ɑ l θ ɹ ɪ m ʌ s k̚ k ə m p̚ p ɝ n oʊ t̚ s ʔ ɛ ɾ̃ ɨ ɡ̚ ɡ ɹ i ɾ ɨ ɡ̚ ɡ oʊ 
/home/isaac/Projects/Thesis/data/timit/data/TRAIN/DR7/MTML0/SX75.WAV,h# f ih l dh ae tcl k ae n tcl t iy n w ix dh f r eh sh pcl p r ix ng w ao dx axr h#, f ɪ l ð æ t̚ k æ n t̚ t i n w ɨ ð f ɹ ɛ ʃ p̚ p ɹ ɨ ŋ w ɔ ɾ ɚ 
/home/isaac/Projects/Thesis/data/timit/data/TRAIN/DR7/MJJM0/SX197.WAV,h# d r aa iy tcl ch gcl g r ae f ah nx ax n ux ae kcl k s ix s h#, d ɹ ɑ i t̚ tʃ ɡ̚ ɡ ɹ æ f ʌ ɾ̃ ə n ʉ æ k̚ k s ɨ s 
/home/isaac/Projects/Thesis/data/timit/data/TRAIN/DR7/MJJM0/SI1457.WAV,h# dh ax m ih kcl k s iy ng hv eh dcl m uw v z bcl b ae kcl k ix n f ao r th s l ow l iy ix kcl k r ao s dh ax w ih dcl th ax dh ax r axr s eh pcl t ix kcl k el h#, ð ə m ɪ k̚ k s i ŋ ɦ ɛ d̚ m u v z b̚ b æ k̚ k ɨ n f ɔ ɹ θ s l oʊ l i ɨ k̚ k ɹ ɔ s ð ə w ɪ d̚ θ ə ð ə ɹ ɚ s ɛ p̚ t ɨ k̚ k l̩ 
/home/isaac/Projects/Thesis/data/timit/data/TRAIN/DR7/MJJM0/SI1251.WAV,h# q ow n l iy r eh r l iy ix z ix tcl t eh n sh en gcl g ih v ax n tcl t ax q ae kcl k y axr pcl p r aa gcl r ix s axr pcl p ao r tcl s ae n ax v ae l y ux ey sh en h#, ʔ oʊ n l i ɹ ɛ ɹ l i ɨ z ɨ t̚ t ɛ n ʃ n̩ ɡ̚ ɡ ɪ v ə n t̚ t ə ʔ æ k̚ k j ɚ p̚ p ɹ ɑ ɡ̚ ɹ ɨ s ɚ p̚ p ɔ ɹ t̚ s æ n ə v æ l j ʉ eɪ ʃ n̩ 
/home/isaac/Projects/Thesis/data/timit/data/TRAIN/DR7/MJJM0/SX107.WAV,h# b er th dcl d ey pcl p aa r dx iy z hh ae v kcl k ah pcl k ey kcl k s ix nx ay s kcl k r iy m h#, b ɝ θ d̚ d eɪ p̚ p ɑ ɹ ɾ i z h æ v k̚ k ʌ p̚ k eɪ k̚ k s ɨ ɾ̃ aɪ s k̚ k ɹ i m 
/home/isaac/Projects/Thesis/data/timit/data/TRAIN/DR7/MJJM0/SI827.WAV,h# d r ah gcl g z kcl k ih m ix kcl k el n ey m pau p r ow kcl k ey n pcl p eh nx ix s ih l ix n h#, d ɹ ʌ ɡ̚ ɡ z k̚ k ɪ m ɨ k̚ k l̩ n eɪ m  p ɹ oʊ k̚ k eɪ n p̚ p ɛ ɾ̃ ɨ s ɪ l ɨ n 
/home/isaac/Projects/Thesis/data/timit/data/TRAIN/DR7/MJJM0/SX287.WAV,h# ix n dh ax l ao ng r ah nx ix tcl p ey z tcl t ax-h bcl b ay kcl k w ao l ix dx iy kcl k l ow dh ix ng h#, ɨ n ð ə l ɔ ŋ ɹ ʌ ɾ̃ ɨ t̚ p eɪ z t̚ t ə̥ b̚ b aɪ k̚ k w ɔ l ɨ ɾ i k̚ k l oʊ ð ɨ ŋ 
/home/isaac/Projects/Thesis/data/timit/data/TRAIN/DR7/MJJM0/SX377.WAV,h# sh iy ao l w ix z dcl jh ow kcl k s ax-h bcl b ah tcl t ux m ah tcl ch gcl g aa r l ix kcl k ix nx ix z f ux dcl h#, ʃ i ɔ l w ɨ z d̚ dʒ oʊ k̚ k s ə̥ b̚ b ʌ t̚ t ʉ m ʌ t̚ tʃ ɡ̚ ɡ ɑ ɹ l ɨ k̚ k ɨ ɾ̃ ɨ z f ʉ d̚ 
/home/isaac/Projects/Thesis/data/timit/data/TRAIN/DR7/MJJM0/SX17.WAV,h# k aa r el ih v z ix nx ax l ay v l iy hv ow m h#, k ɑ ɹ l̩ ɪ v z ɨ ɾ̃ ə l aɪ v l i ɦ oʊ m 
/home/isaac/Projects/Thesis/data/timit/data/TRAIN/DR7/FBLV0/SI1688.WAV,h# s ah m epi th ix ng eh l s dcl z ax-h s tcl t r ae kcl t ih dcl d hv ih m pau hh y eh tcl dh ix w ix z epi n ow s aw n dcl d q ow n l iy tcl t ux m l ay kcl k s ay l en tcl t s h#, s ʌ m  θ ɨ ŋ ɛ l s d̚ z ə̥ s t̚ t ɹ æ k̚ t ɪ d̚ d ɦ ɪ m  h j ɛ t̚ ð ɨ w ɨ z  n oʊ s aʊ n d̚ d ʔ oʊ n l i t̚ t ʉ m l aɪ k̚ k s aɪ l n̩ t̚ t s 
/home/isaac/Projects/Thesis/data/timit/data/TRAIN/DR7/FBLV0/SX248.WAV,h# r iy dx iy ng ih n pcl p ao r l ay tcl t gcl g ih v zh ux q ay s tcl t r ey n h#, ɹ i ɾ i ŋ ɪ n p̚ p ɔ ɹ l aɪ t̚ t ɡ̚ ɡ ɪ v ʒ ʉ ʔ aɪ s t̚ t ɹ eɪ n 
/home/isaac/Projects/Thesis/data/timit/data/TRAIN/DR7/FBLV0/SI1058.WAV,h# r eh dcl d iy n ih s eh kcl s axr s ay z ix z q aa r aa l m uh s tcl t kcl k ix n tcl t ix n y ux ix s h#, ɹ ɛ d̚ d i n ɪ s ɛ k̚ s ɚ s aɪ z ɨ z ʔ ɑ ɹ ɑ l m ʊ s t̚ t k̚ k ɨ n t̚ t ɨ n j ʉ ɨ s 
/home/isaac/Projects/Thesis/data/timit/data/TRAIN/DR7/FBLV0/SX158.WAV,h# dh ih dcl d r ah ng kcl k axr dcl d ih z ah s ow sh ix l q aw tcl k ae s tcl t h#, ð ɪ d̚ d ɹ ʌ ŋ k̚ k ɚ d̚ d ɪ z ʌ s oʊ ʃ ɨ l ʔ aʊ t̚ k æ s t̚ t 
/home/isaac/Projects/Thesis/data/timit/data/TRAIN/DR7/FBLV0/SI2318.WAV,h# d ow n tcl dh ey s tcl t ih l kcl k aa l y ux dcl jh ux n y er q eh z epi dh ow y er bcl b ah tcl t ih n y ih r z ow l dcl d h#, d oʊ n t̚ ð eɪ s t̚ t ɪ l k̚ k ɑ l j ʉ d̚ dʒ ʉ n j ɝ ʔ ɛ z  ð oʊ j ɝ b̚ b ʌ t̚ t ɪ n j ɪ ɹ z oʊ l d̚ d 
/home/isaac/Projects/Thesis/data/timit/data/TRAIN/DR7/FBLV0/SX428.WAV,h# q ey kcl k r ae bcl ch ae l ax n dcl jh dcl d epi m iy pau b eh dx ix kcl k w ih kcl k s tcl t ae bcl b v ae ng kcl k w ix sh tcl t hh ih m h#, ʔ eɪ k̚ k ɹ æ b̚ tʃ æ l ə n d̚ dʒ d̚ d  m i  b ɛ ɾ ɨ k̚ k w ɪ k̚ k s t̚ t æ b̚ b v æ ŋ k̚ k w ɨ ʃ t̚ t h ɪ m 
/home/isaac/Projects/Thesis/data/timit/data/TRAIN/DR7/FBLV0/SX68.WAV,h# q ah pcl g r ey dcl jh axr s tcl t ey dcl d ix s tcl t ux r ix f l eh kcl ch ih r w eh l th h#, ʔ ʌ p̚ ɡ ɹ eɪ d̚ dʒ ɚ s t̚ t eɪ d̚ d ɨ s t̚ t ʉ ɹ ɨ f l ɛ k̚ tʃ ɪ ɹ w ɛ l θ 
/home/isaac/Projects/Thesis/data/timit/data/TRAIN/DR7/FBLV0/SX338.WAV,h# dh ax dcl d aa r kcl k pau m er kcl k iy l ix gcl g ux n w aw n dcl d ah r aw n dcl d f ao r m ay l epi s h#, ð ə d̚ d ɑ ɹ k̚ k  m ɝ k̚ k i l ɨ ɡ̚ ɡ ʉ n w aʊ n d̚ d ʌ ɹ aʊ n d̚ d f ɔ ɹ m aɪ l  s 
/home/isaac/Projects/Thesis/data/timit/data/TRAIN/DR7/MDPB0/SI2126.WAV,h# w ah n w ay tcl t hh ae n dcl p oy z dcl d ix s tcl t ih kcl k ax bcl b ah v hh ih z dcl d eh s kcl k h#, w ʌ n w aɪ t̚ t h æ n d̚ p ɔɪ z d̚ d ɨ s t̚ t ɪ k̚ k ə b̚ b ʌ v h ɪ z d̚ d ɛ s k̚ k 
/home/isaac/Projects/Thesis/data/timit/data/TRAIN/DR7/MDPB0/SX56.WAV,h# q ae kcl k ix dcl d eh m ix kcl k ae pcl t ix tcl t ux dcl d gcl g eh axr n tcl t iy zh axr dcl d ix pcl p l ow m ax h#, ʔ æ k̚ k ɨ d̚ d ɛ m ɨ k̚ k æ p̚ t ɨ t̚ t ʉ d̚ d ɡ̚ ɡ ɛ ɚ n t̚ t i ʒ ɚ d̚ d ɨ p̚ p l oʊ m ə 
/home/isaac/Projects/Thesis/data/timit/data/TRAIN/DR7/MDPB0/SX326.WAV,h# s tcl t iy v kcl k el eh kcl k s r eh axr eh n aa v el kcl k oy n z h#, s t̚ t i v k̚ k l̩ ɛ k̚ k s ɹ ɛ ɚ ɛ n ɑ v l̩ k̚ k ɔɪ n z 
/home/isaac/Projects/Thesis/data/timit/data/TRAIN/DR7/MDPB0/SX416.WAV,h# q ey hh y ux dcl jh pcl p ow axr aw dx ix dcl jh pau r eh axr l iy ix kcl k er z h#, ʔ eɪ h j ʉ d̚ dʒ p̚ p oʊ ɚ aʊ ɾ ɨ d̚ dʒ  ɹ ɛ ɚ l i ɨ k̚ k ɝ z 
/home/isaac/Projects/Thesis/data/timit/data/TRAIN/DR7/MDPB0/SX236.WAV,h# k l ih r pcl p axr n ah n s iy ey sh ix n ix q ih z ix pcl p r iy sh ih ey dx ix dcl d h#, k l ɪ ɹ p̚ p ɚ n ʌ n s i eɪ ʃ ɨ n ɨ ʔ ɪ z ɨ p̚ p ɹ i ʃ ɪ eɪ ɾ ɨ d̚ d 
/home/isaac/Projects/Thesis/data/timit/data/TRAIN/DR7/MDPB0/SI866.WAV,h# dh iy y ow l dcl d sh aa pcl p ae dx ih dcl jh s tcl t ih l hh ao l dcl d z pau q ah gcl g uh dcl m ix kcl k ae nx ih kcl k ix zh ux z l iy ax bcl b ae dcl b ao s h#, ð i j oʊ l d̚ d ʃ ɑ p̚ p æ ɾ ɪ d̚ dʒ s t̚ t ɪ l h ɔ l d̚ d z  ʔ ʌ ɡ̚ ɡ ʊ d̚ m ɨ k̚ k æ ɾ̃ ɪ k̚ k ɨ ʒ ʉ z l i ə b̚ b æ d̚ b ɔ s 
/home/isaac/Projects/Thesis/data/timit/data/TRAIN/DR7/MDPB0/SX146.WAV,h# s ih kcl k l ix kcl k ax l pcl p r ow gcl g r ae m z epi w el n eh v axr kcl k ax m pcl p ay l h#, s ɪ k̚ k l ɨ k̚ k ə l p̚ p ɹ oʊ ɡ̚ ɡ ɹ æ m z  w l̩ n ɛ v ɚ k̚ k ə m p̚ p aɪ l 
/home/isaac/Projects/Thesis/data/timit/data/TRAIN/DR7/MDPB0/SI1760.WAV,h# dh ax r ih ng kcl k ax l dcl m aw th l ae f tcl t pau r ix v iy l ih ng ah s tcl t aa nx ih sh ix ng l iy s tcl t r ao ng hh w ay tcl t iy th h#, ð ə ɹ ɪ ŋ k̚ k ə l d̚ m aʊ θ l æ f t̚ t  ɹ ɨ v i l ɪ ŋ ʌ s t̚ t ɑ ɾ̃ ɪ ʃ ɨ ŋ l i s t̚ t ɹ ɔ ŋ h w aɪ t̚ t i θ 
/home/isaac/Projects/Thesis/data/timit/data/TRAIN/DR7/MBBR0/SX335.WAV,h# g ah s epi ao pcl p ay n tcl t r iy z q eh n r eh dcl d w uh dcl z aa n hv ix z epi w aa kcl th r ux s ix kcl k oy ix n ae sh epi n el f ao r ix s tcl t h#, ɡ ʌ s  ɔ p̚ p aɪ n t̚ t ɹ i z ʔ ɛ n ɹ ɛ d̚ d w ʊ d̚ z ɑ n ɦ ɨ z  w ɑ k̚ θ ɹ ʉ s ɨ k̚ k ɔɪ ɨ n æ ʃ  n l̩ f ɔ ɹ ɨ s t̚ t 
/home/isaac/Projects/Thesis/data/timit/data/TRAIN/DR7/MBBR0/SX65.WAV,h# ch ae l ah n jh iy tcl ch dcl jh eh n r el z ix n tcl t eh l ax dcl jh ix n tcl t s h#, tʃ æ l ʌ n dʒ i t̚ tʃ d̚ dʒ ɛ n ɹ l̩ z ɨ n t̚ t ɛ l ə d̚ dʒ ɨ n t̚ t s 
/home/isaac/Projects/Thesis/data/timit/data/TRAIN/DR7/MBBR0/SI2315.WAV,h# jh ux n y er w ah dcl d aa n er s dh ax m ae dx axr w ix th y ux h#, dʒ ʉ n j ɝ w ʌ d̚ d ɑ n ɝ s ð ə m æ ɾ ɚ w ɨ θ j ʉ 
/home/isaac/Projects/Thesis/data/timit/data/TRAIN/DR7/MBBR0/SI1055.WAV,h# q ix n tcl t er nx ax l n ae sh epi n el r iy s pcl p aa n tcl s ax bcl b ih l ax dcl d iy pau n aw ix tcl t r ux ix z ax m pau n iy dcl n aa tcl b iy dcl d aa kcl k y ax m eh n dcl ix dcl d h#, ʔ ɨ n t̚ t ɝ ɾ̃ ə l n æ ʃ  n l̩ ɹ i s p̚ p ɑ n t̚ s ə b̚ b ɪ l ə d̚ d i  n aʊ ɨ t̚ t ɹ ʉ ɨ z ə m  n i d̚ n ɑ t̚ b i d̚ d ɑ k̚ k j ə m ɛ n d̚ ɨ d̚ d 
/home/isaac/Projects/Thesis/data/timit/data/TRAIN/DR7/MBBR0/SX425.WAV,h# m uw v iy z epi n eh v axr hv ae v iy n ah f v ih l ax n epi z h#, m u v i z  n ɛ v ɚ ɦ æ v i n ʌ f v ɪ l ə n  z 
/home/isaac/Projects/Thesis/data/timit/data/TRAIN/DR7/MBBR0/SX155.WAV,h# dh ax w aa dx axr kcl k ix n tcl t ey n dcl t ux m ah tcl ch kcl k l ao r iy n ix n epi s tcl t ah ng hv ix z ay z h#, ð ə w ɑ ɾ ɚ k̚ k ɨ n t̚ t eɪ n d̚ t ʉ m ʌ t̚ tʃ k̚ k l ɔ ɹ i n ɨ n  s t̚ t ʌ ŋ ɦ ɨ z aɪ z 
/home/isaac/Projects/Thesis/data/timit/data/TRAIN/DR7/MBBR0/SX245.WAV,h# d ah z hv ih n dcl d ux q ay dx iy aa l ix dcl jh iy q aa n axr kcl k aw z h#, d ʌ z ɦ ɪ n d̚ d ʉ ʔ aɪ ɾ i ɑ l ɨ d̚ dʒ i ʔ ɑ n ɚ k̚ k aʊ z 
/home/isaac/Projects/Thesis/data/timit/data/TRAIN/DR7/MBBR0/SI1685.WAV,h# k ax m aa n l eh tcl s hh er iy dcl d aw n bcl b ax f ao r dh eh l aa kcl k ah pcl f ao r dh ix dcl d ey h#, k ə m ɑ n l ɛ t̚ s h ɝ i d̚ d aʊ n b̚ b ə f ɔ ɹ ð ɛ l ɑ k̚ k ʌ p̚ f ɔ ɹ ð ɨ d̚ d eɪ 
/home/isaac/Projects/Thesis/data/timit/data/TRAIN/DR7/MRMG0/SI2340.WAV,h# y ux dcl th ih ng kcl k axr s tcl t ah m ix kcl k w ax dx ax v gcl g aa tcl y ux s tcl t ux ix tcl t hh ix n th r iy w iy kcl s h#, j ʉ d̚ θ ɪ ŋ k̚ k ɚ s t̚ t ʌ m ɨ k̚ k w ə ɾ ə v ɡ̚ ɡ ɑ t̚ j ʉ s t̚ t ʉ ɨ t̚ t h ɨ n θ ɹ i w i k̚ s 
/home/isaac/Projects/Thesis/data/timit/data/TRAIN/DR7/MRMG0/SI1080.WAV,h# w ix n hv iy w ih z q ey tcl t hh iy bcl b ix gcl g ae n v ay el ih n l eh s ix n epi s h#, w ɨ n ɦ i w ɪ z ʔ eɪ t̚ t h i b̚ b ɨ ɡ̚ ɡ æ n v aɪ l̩ ɪ n l ɛ s ɨ n  s 
/home/isaac/Projects/Thesis/data/timit/data/TRAIN/DR7/MRMG0/SX450.WAV,h# r oy q ih gcl n ao r dcl dh ix s pcl p ih r iy ix s dcl d ey tcl t ah pcl p oy n tcl t s ix n dcl d r ao ix ng dh ix gcl g r ae f h#, ɹ ɔɪ ʔ ɪ ɡ̚ n ɔ ɹ d̚ ð ɨ s p̚ p ɪ ɹ i ɨ s d̚ d eɪ t̚ t ʌ p̚ p ɔɪ n t̚ t s ɨ n d̚ d ɹ ɔ ɨ ŋ ð ɨ ɡ̚ ɡ ɹ æ f 
/home/isaac/Projects/Thesis/data/timit/data/TRAIN/DR7/MRMG0/SX270.WAV,h# q aa r hh aa l ah dcl d ey q ey pcl p r ix n z ax v ey l ax bcl b el tcl t ax w ah s h#, ʔ ɑ ɹ h ɑ l ʌ d̚ d eɪ ʔ eɪ p̚ p ɹ ɨ n z ə v eɪ l ə b̚ b l̩ t̚ t ə w ʌ s 
/home/isaac/Projects/Thesis/data/timit/data/TRAIN/DR7/MRMG0/SX90.WAV,h# dh ah th ih ng kcl k er q ix z ah f ey m ax s kcl k ah l pcl ch axr h#, ð ʌ θ ɪ ŋ k̚ k ɝ ʔ ɨ z ʌ f eɪ m ə s k̚ k ʌ l p̚ tʃ ɚ 
/home/isaac/Projects/Thesis/data/timit/data/TRAIN/DR7/MRMG0/SX180.WAV,h# q ao l m ow s tcl t q ao l kcl k aa l ih dcl jh ix z axr n aw kcl k ow eh dcl jh ix kcl k ey sh en el h#, ʔ ɔ l m oʊ s t̚ t ʔ ɔ l k̚ k ɑ l ɪ d̚ dʒ ɨ z ɚ n aʊ k̚ k oʊ ɛ d̚ dʒ ɨ k̚ k eɪ ʃ n̩ l̩ 
/home/isaac/Projects/Thesis/data/timit/data/TRAIN/DR7/MRMG0/SI1710.WAV,h# dh ey eh dcl k ah m n aa tcl t ux ix dcl m ay axr bcl b ax tcl t ux ix bcl b z er v h#, ð eɪ ɛ d̚ k ʌ m n ɑ t̚ t ʉ ɨ d̚ m aɪ ɚ b̚ b ə t̚ t ʉ ɨ b̚ b z ɝ v 
/home/isaac/Projects/Thesis/data/timit/data/TRAIN/DR7/MRMG0/SX360.WAV,h# q ay ix s ux m oy s tcl ch axr w el dcl d ae m ix dcl jh dh ih s sh ih pcl p s hh ah l h#, ʔ aɪ ɨ s ʉ m ɔɪ s t̚ tʃ ɚ w l̩ d̚ d æ m ɨ d̚ dʒ ð ɪ s ʃ ɪ p̚ p s h ʌ l 
/home/isaac/Projects/Thesis/data/timit/data/TRAIN/DR7/FMKC0/SI1702.WAV,h# q ae n s ow hv ix w ao kcl k tcl t ey m l ih s epi ix gcl g eh n h#, ʔ æ n s oʊ ɦ ɨ w ɔ k̚ k t̚ t eɪ m l ɪ s  ɨ ɡ̚ ɡ ɛ n 
/home/isaac/Projects/Thesis/data/timit/data/TRAIN/DR7/FMKC0/SI1072.WAV,h# en dh eh r w ix z aa l s ow ix dcl d ao gcl g uh dcl d ih ng gcl g ow dcl d ah gcl g h#, n̩ ð ɛ ɹ w ɨ z ɑ l s oʊ ɨ d̚ d ɔ ɡ̚ ɡ ʊ d̚ d ɪ ŋ ɡ̚ ɡ oʊ d̚ d ʌ ɡ̚ ɡ 
/home/isaac/Projects/Thesis/data/timit/data/TRAIN/DR7/FMKC0/SX442.WAV,h# s ah v er bcl b ix n hv aw s epi w ay v z ao f epi en s ah f axr f r em n ix gcl g ae bcl b hh ae bcl b ix tcl t h#, s ʌ v ɝ b̚ b ɨ n ɦ aʊ s  w aɪ v z ɔ f  n̩ s ʌ f ɚ f ɹ m̩ n ɨ ɡ̚ ɡ æ b̚ b h æ b̚ b ɨ t̚ t 
/home/isaac/Projects/Thesis/data/timit/data/TRAIN/DR7/FMKC0/SI1041.WAV,h# b r iy f s epi n ih pcl p s ix v ae kcl k sh ax l ih v eh n tcl s epi w ix sh ow n pau p axr ey dcl s dcl d ae n tcl s epi ix z s tcl t r iy tcl s iy n z h#, b ɹ i f s  n ɪ p̚ p s ɨ v æ k̚ k ʃ ə l ɪ v ɛ n t̚ s  w ɨ ʃ oʊ n  p ɚ eɪ d̚ s d̚ d æ n t̚ s  ɨ z s t̚ t ɹ i t̚ s i n z 
/home/isaac/Projects/Thesis/data/timit/data/TRAIN/DR7/FMKC0/SX352.WAV,h# ax-h kcl k ao r dx ix ng tcl t ix m ay ix n tcl t er pcl p ix tcl t eh sh epi dh ax pcl p r aa v l em tcl t ux l ay n z epi m ah s bcl b iy pcl p axr pcl p en dcl d ix kcl k ix l axr h#, ə̥ k̚ k ɔ ɹ ɾ ɨ ŋ t̚ t ɨ m aɪ ɨ n t̚ t ɝ p̚ p ɨ t̚ t ɛ ʃ  ð ə p̚ p ɹ ɑ v l m̩ t̚ t ʉ l aɪ n z  m ʌ s b̚ b i p̚ p ɚ p̚ p n̩ d̚ d ɨ k̚ k ɨ l ɚ 
/home/isaac/Projects/Thesis/data/timit/data/TRAIN/DR7/FMKC0/SX172.WAV,h# dh ax tcl t r ay eh m f ax n tcl w oy y er ix gcl g z ix bcl b ix dcl d ih dcl d n ay iy v hh eh r ow ix z ax m h#, ð ə t̚ t ɹ aɪ ɛ m f ə n t̚ w ɔɪ j ɝ ɨ ɡ̚ ɡ z ɨ b̚ b ɨ d̚ d ɪ d̚ d n aɪ i v h ɛ ɹ oʊ ɨ z ə m 
/home/isaac/Projects/Thesis/data/timit/data/TRAIN/DR7/FMKC0/SX82.WAV,h# g uh dcl d s er v ix sh uh dcl b iy r ix w ah r dcl d ih dcl b ay bcl b ih gcl g tcl t ih pcl p s h#, ɡ ʊ d̚ d s ɝ v ɨ ʃ ʊ d̚ b i ɹ ɨ w ʌ ɹ d̚ d ɪ d̚ b aɪ b̚ b ɪ ɡ̚ ɡ t̚ t ɪ p̚ p s 
/home/isaac/Projects/Thesis/data/timit/data/TRAIN/DR7/FMKC0/SX262.WAV,h# k eh n iy q ey dcl jh ix n s epi iy ow v ax th r ow ey l iy ix m f ao r s ix s h#, k ɛ n i ʔ eɪ d̚ dʒ ɨ n s  i oʊ v ə θ ɹ oʊ eɪ l i ɨ m f ɔ ɹ s ɨ s 
/home/isaac/Projects/Thesis/data/timit/data/TRAIN/DR7/FMAH1/SX69.WAV,h# q iy tcl ch axr r ey z ix n z q aw tcl d ao r z ao n ix pcl p ao r tcl ch s tcl t eh pcl p s h#, ʔ i t̚ tʃ ɚ ɹ eɪ z ɨ n z ʔ aʊ t̚ d ɔ ɹ z ɔ n ɨ p̚ p ɔ ɹ t̚ tʃ s t̚ t ɛ p̚ p s 
/home/isaac/Projects/Thesis/data/timit/data/TRAIN/DR7/FMAH1/SX249.WAV,h# q ay ey tcl t epi q eh v r iy q oy s tcl t axr q ao n ao r ah s pcl p l ey h#, ʔ aɪ eɪ t̚ t  ʔ ɛ v ɹ i ʔ ɔɪ s t̚ t ɚ ʔ ɔ n ɔ ɹ ʌ s p̚ p l eɪ 
/home/isaac/Projects/Thesis/data/timit/data/TRAIN/DR7/FMAH1/SI2139.WAV,h# dh eh n ih tcl t ah l ax f ow n iy ng bcl b iy gcl g ae n h#, ð ɛ n ɪ t̚ t ʌ l ə f oʊ n i ŋ b̚ b i ɡ̚ ɡ æ n 
/home/isaac/Projects/Thesis/data/timit/data/TRAIN/DR7/FMAH1/SX429.WAV,h# q ey tcl t ux th pcl p ey s tcl t ux bcl sh uh dcl b iy s kcl k w iy z f axr m dh ax bcl b aa tcl t ax m h#, ʔ eɪ t̚ t ʉ θ p̚ p eɪ s t̚ t ʉ b̚ ʃ ʊ d̚ b i s k̚ k w i z f ɚ m ð ə b̚ b ɑ t̚ t ə m 
/home/isaac/Projects/Thesis/data/timit/data/TRAIN/DR7/FMAH1/SI1509.WAV,h# hh aw q eh v er q ah bcl b oy z l ay v l iy q ay z m ay q r ow v h#, h aʊ ʔ ɛ v ɝ ʔ ʌ b̚ b ɔɪ z l aɪ v l i ʔ aɪ z m aɪ ʔ ɹ oʊ v 
/home/isaac/Projects/Thesis/data/timit/data/TRAIN/DR7/FMAH1/SX339.WAV,h# d ih dcl sh ao n kcl k ae tcl ch dh ae tcl b ih gcl g ux s w ix dh aw tcl hh eh l pcl p h#, d ɪ d̚ ʃ ɔ n k̚ k æ t̚ tʃ ð æ t̚ b ɪ ɡ̚ ɡ ʉ s w ɨ ð aʊ t̚ h ɛ l p̚ p 
/home/isaac/Projects/Thesis/data/timit/data/TRAIN/DR7/FMAH1/SI879.WAV,h# l aa r dcl jh ix n dcl jh eh kcl k sh ix n m ow l dcl d ih dcl d l eh dx axr z aa r q aa l s ow v ey l ax bcl b el f axr s ay n ix n s tcl t ax l ey sh en epi z h#, l ɑ ɹ d̚ dʒ ɨ n d̚ dʒ ɛ k̚ k ʃ ɨ n m oʊ l d̚ d ɪ d̚ d l ɛ ɾ ɚ z ɑ ɹ ʔ ɑ l s oʊ v eɪ l ə b̚ b l̩ f ɚ s aɪ n ɨ n s t̚ t ə l eɪ ʃ n̩  z 
/home/isaac/Projects/Thesis/data/timit/data/TRAIN/DR7/FMAH1/SX159.WAV,h# dh ih gcl g ah v axr m ih tcl s ao q ao th axr ix z ey sh en q ax v hh ix s ix dx ix s ax n sh ix pcl p h#, ð ɪ ɡ̚ ɡ ʌ v ɚ m ɪ t̚ s ɔ ʔ ɔ θ ɚ ɨ z eɪ ʃ n̩ ʔ ə v h ɨ s ɨ ɾ ɨ s ə n ʃ ɨ p̚ p 
/home/isaac/Projects/Thesis/data/timit/data/TRAIN/DR7/MJAI0/SX344.WAV,h# q ay n ow ay dcl d ih dcl en m iy tcl t hh axr q er l iy ih n ah f h#, ʔ aɪ n oʊ aɪ d̚ d ɪ d̚ n̩ m i t̚ t h ɚ ʔ ɝ l i ɪ n ʌ f 
/home/isaac/Projects/Thesis/data/timit/data/TRAIN/DR7/MJAI0/SI682.WAV,h# q ao f tcl t ax n dh eh r q ey bcl b el tcl t ix gcl g ih tcl t q ih n q ow n l ix bcl b iy kcl k ah z dh ix q eh r ih ix z dcl d ix kcl k l ay n iy ng q eh kcl k ix n aa m ix kcl k l iy h#, ʔ ɔ f t̚ t ə n ð ɛ ɹ ʔ eɪ b̚ b l̩ t̚ t ɨ ɡ̚ ɡ ɪ t̚ t ʔ ɪ n ʔ oʊ n l ɨ b̚ b i k̚ k ʌ z ð ɨ ʔ ɛ ɹ ɪ ɨ z d̚ d ɨ k̚ k l aɪ n i ŋ ʔ ɛ k̚ k ɨ n ɑ m ɨ k̚ k l i 
/home/isaac/Projects/Thesis/data/timit/data/TRAIN/DR7/MJAI0/SX74.WAV,h# en ix f ih sh el dcl d eh dcl d l ay n kcl k ix n aa tcl b iy pcl p ow s tcl p ow n dcl d h#, n̩ ɨ f ɪ ʃ l̩ d̚ d ɛ d̚ d l aɪ n k̚ k ɨ n ɑ t̚ b i p̚ p oʊ s t̚ p oʊ n d̚ d 
/home/isaac/Projects/Thesis/data/timit/data/TRAIN/DR7/MJAI0/SI710.WAV,h# hh aw eh v er pau dh iy ih r kcl k r eh f w ix tcl ch w iy hv ae v tcl t ix dcl d ey aa r tcl t ay dcl t ax l aa r dcl jh s aa f tcl t ax-h q eh r f iy l dcl d z h#, h aʊ ɛ v ɝ  ð i ɪ ɹ k̚ k ɹ ɛ f w ɨ t̚ tʃ w i ɦ æ v t̚ t ɨ d̚ d eɪ ɑ ɹ t̚ t aɪ d̚ t ə l ɑ ɹ d̚ dʒ s ɑ f t̚ t ə̥ ʔ ɛ ɹ f i l d̚ d z 
/home/isaac/Projects/Thesis/data/timit/data/TRAIN/DR7/MJAI0/SI1604.WAV,h# hh iy bcl b ax l iy v dh eh tcl b r ey v bcl b oy z dcl d ih dcl en tcl k r ay h#, h i b̚ b ə l i v ð ɛ t̚ b ɹ eɪ v b̚ b ɔɪ z d̚ d ɪ d̚ n̩ t̚ k ɹ aɪ 
/home/isaac/Projects/Thesis/data/timit/data/TRAIN/DR7/MJAI0/SX254.WAV,h# t ix dh ey ix l aw q ey th iy ix s ix n tcl ch er tcl ch h#, t ɨ ð eɪ ɨ l aʊ ʔ eɪ θ i ɨ s ɨ n t̚ tʃ ɝ t̚ tʃ 
/home/isaac/Projects/Thesis/data/timit/data/TRAIN/DR7/MJAI0/SX164.WAV,h# k y er iy ah s ix tcl t iy ix n m iy dcl d iy aa kcl k r ix tcl t iy s eh l dcl d ax m kcl k ow ax gcl z ih s tcl t h#, k j ɝ i ʌ s ɨ t̚ t i ɨ n m i d̚ d i ɑ k̚ k ɹ ɨ t̚ t i s ɛ l d̚ d ə m k̚ k oʊ ə ɡ̚ z ɪ s t̚ t 
/home/isaac/Projects/Thesis/data/timit/data/TRAIN/DR7/MJAI0/SX434.WAV,h# q iy tcl ch s tcl t ae gcl sh er l iy f ay n dcl z ax-h bcl b ih gcl g f ao n h#, ʔ i t̚ tʃ s t̚ t æ ɡ̚ ʃ ɝ l i f aɪ n d̚ z ə̥ b̚ b ɪ ɡ̚ ɡ f ɔ n 
/home/isaac/Projects/Thesis/data/timit/data/TRAIN/DR7/MGAR0/SX312.WAV,h# dh ow z ae n s ix z epi w el bcl b iy s tcl t r ey tcl t f ao er dcl d q ih f ux th ih ng kcl th r ux dh eh m kcl k ae r f el iy f er s tcl t h#, ð oʊ z æ n s ɨ z  w l̩ b̚ b i s t̚ t ɹ eɪ t̚ t f ɔ ɝ d̚ d ʔ ɪ f ʉ θ ɪ ŋ k̚ θ ɹ ʉ ð ɛ m k̚ k æ ɹ f l̩ i f ɝ s t̚ t 
/home/isaac/Projects/Thesis/data/timit/data/TRAIN/DR7/MGAR0/SX402.WAV,h# w el s er v r uw bcl b aa r bcl p ay q ae f tcl t axr r ey tcl ch el z tcl t ao kcl k h#, w l̩ s ɝ v ɹ u b̚ b ɑ ɹ b̚ p aɪ ʔ æ f t̚ t ɚ ɹ eɪ t̚ tʃ l̩ z t̚ t ɔ k̚ k 
/home/isaac/Projects/Thesis/data/timit/data/TRAIN/DR7/MGAR0/SI1212.WAV,h# dh ey er n aa tcl t r ux bcl b iy kcl k ah s ay n tcl t ih s axr pcl p r aa f ix tcl t s ey dh ey axr tcl t r ux h#, ð eɪ ɝ n ɑ t̚ t ɹ ʉ b̚ b i k̚ k ʌ s aɪ n t̚ t ɪ s ɚ p̚ p ɹ ɑ f ɨ t̚ t s eɪ ð eɪ ɚ t̚ t ɹ ʉ 
/home/isaac/Projects/Thesis/data/timit/data/TRAIN/DR7/MGAR0/SX132.WAV,h# p ax bcl b l ih s ix dx iy hv eh n ow dx axr ay ix dx iy gcl g ow hh ae n dcl d ix n hv ae n dcl d h#, p ə b̚ b l ɪ s ɨ ɾ i ɦ ɛ n oʊ ɾ ɚ aɪ ɨ ɾ i ɡ̚ ɡ oʊ h æ n d̚ d ɨ n ɦ æ n d̚ d 
/home/isaac/Projects/Thesis/data/timit/data/TRAIN/DR7/MGAR0/SI1694.WAV,h# s ah m w ah n r iy z ax nx ax bcl b l iy tcl t r ah s epi w er th iy h#, s ʌ m w ʌ n ɹ i z ə ɾ̃ ə b̚ b l i t̚ t ɹ ʌ s  w ɝ θ i 
/home/isaac/Projects/Thesis/data/timit/data/TRAIN/DR7/MGAR0/SX222.WAV,h# y uw ao l w ey z kcl k ah m ax pcl p w ih dh pcl p ae th ax l aa dcl jh ax-h kcl k el ax gcl g z ae m pcl p el z h#, j u ɔ l w eɪ z k̚ k ʌ m ə p̚ p w ɪ ð p̚ p æ θ ə l ɑ d̚ dʒ ə̥ k̚ k l̩ ə ɡ̚ ɡ z æ m p̚ p l̩ z 
/home/isaac/Projects/Thesis/data/timit/data/TRAIN/DR7/MGAR0/SI1842.WAV,h# w eh n sh iy ax w ow kcl k pau sh iy w aa z dh ix sh ih pcl p h#, w ɛ n ʃ i ə w oʊ k̚ k  ʃ i w ɑ z ð ɨ ʃ ɪ p̚ p 
/home/isaac/Projects/Thesis/data/timit/data/TRAIN/DR7/MGAR0/SX42.WAV,h# b ih bcl b l ix kcl k el s kcl k aa l er z q aa r gcl y ux hv ih s tcl t r iy h#, b ɪ b̚ b l ɨ k̚ k l̩ s k̚ k ɑ l ɝ z ʔ ɑ ɹ ɡ̚ j ʉ ɦ ɪ s t̚ t ɹ i 
/home/isaac/Projects/Thesis/data/timit/data/TRAIN/DR7/MDLM0/SI1864.WAV,h# d ow n tcl ch hv hh ey tcl m iy eh n iy m ao r h#, d oʊ n t̚ tʃ ɦ h eɪ t̚ m i ɛ n i m ɔ ɹ 
/home/isaac/Projects/Thesis/data/timit/data/TRAIN/DR7/MDLM0/SI1234.WAV,h# b ax tcl n ah n ah dh ih s kcl k ax-h dcl s ux dh iy gcl z ae s axr bcl b ey dx ix dcl n er v s h#, b ə t̚ n ʌ n ʌ ð ɪ s k̚ k ə̥ d̚ s ʉ ð i ɡ̚ z æ s ɚ b̚ b eɪ ɾ ɨ d̚ n ɝ v s 
/home/isaac/Projects/Thesis/data/timit/data/TRAIN/DR7/MDLM0/SX424.WAV,h# t aa pcl z ih n iy ix z epi r eh r l iy hv ae v kcl k r uh kcl k ax dcl d s tcl t eh m z h#, t ɑ p̚ z ɪ n i ɨ z  ɹ ɛ ɹ l i ɦ æ v k̚ k ɹ ʊ k̚ k ə d̚ d s t̚ t ɛ m z 
/home/isaac/Projects/Thesis/data/timit/data/TRAIN/DR7/MDLM0/SX64.WAV,h# r eh gcl y ix l ix axr ix tcl t eh n ax n tcl s ix s eh l dcl d em r ix kcl k w ay axr dcl d h#, ɹ ɛ ɡ̚ j ɨ l ɨ ɚ ɨ t̚ t ɛ n ə n t̚ s ɨ s ɛ l d̚ d m̩ ɹ ɨ k̚ k w aɪ ɚ d̚ d 
/home/isaac/Projects/Thesis/data/timit/data/TRAIN/DR7/MDLM0/SX244.WAV,h# hh er bcl b z bcl b er th dcl d ey ih kcl k er z f r iy kcl k w n q l iy ao n th ae ng k s gcl g ih v ix ng h#, h ɝ b̚ b z b̚ b ɝ θ d̚ d eɪ ɪ k̚ k ɝ z f ɹ i k̚ k w n ʔ l i ɔ n θ æ ŋ k s ɡ̚ ɡ ɪ v ɨ ŋ 
/home/isaac/Projects/Thesis/data/timit/data/TRAIN/DR7/MDLM0/SI604.WAV,h# dh ey w er sh ow n hv aw dx uw ix dcl v ae n s ix gcl g eh n s tcl en eh n ix m iy aw q p ow s tcl t ax-h tcl t aa pcl p ax-h kcl k l ih r dcl d r ih dcl jh h#, ð eɪ w ɝ ʃ oʊ n ɦ aʊ ɾ u ɨ d̚ v æ n s ɨ ɡ̚ ɡ ɛ n s t̚ n̩ ɛ n ɨ m i aʊ ʔ p oʊ s t̚ t ə̥ t̚ t ɑ p̚ p ə̥ k̚ k l ɪ ɹ d̚ d ɹ ɪ d̚ dʒ 
/home/isaac/Projects/Thesis/data/timit/data/TRAIN/DR7/MDLM0/SX154.WAV,h# q ao r ih n zh ux s tcl t ey s f ah nx iy ae f tcl t axr tcl t ux th pcl p ey s tcl t h#, ʔ ɔ ɹ ɪ n ʒ ʉ s t̚ t eɪ s f ʌ ɾ̃ i æ f t̚ t ɚ t̚ t ʉ θ p̚ p eɪ s t̚ t 
/home/isaac/Projects/Thesis/data/timit/data/TRAIN/DR7/MDLM0/SX334.WAV,h# q aa f en y ix l gcl g ih pcl b ae kcl m ao r dh en y ax-h pcl p uh dx ih n h#, ʔ ɑ f n̩ j ɨ l ɡ̚ ɡ ɪ p̚ b æ k̚ m ɔ ɹ ð n̩ j ə̥ p̚ p ʊ ɾ ɪ n 
/home/isaac/Projects/Thesis/data/timit/data/TRAIN/DR7/MBAR0/SX59.WAV,h# dh ax-h s ih ng er z f ih ng er hv ae dx ah s pcl p l ih n tcl t axr h#, ð ə̥ s ɪ ŋ ɝ z f ɪ ŋ ɝ ɦ æ ɾ ʌ s p̚ p l ɪ n t̚ t ɚ 
/home/isaac/Projects/Thesis/data/timit/data/TRAIN/DR7/MBAR0/SX239.WAV,h# p y er ey s ax m f r ux tcl b iy f ao r pcl p axr pcl p er ix ng dh ax s kcl k ux axr z h#, p j ɝ eɪ s ə m f ɹ ʉ t̚ b i f ɔ ɹ p̚ p ɚ p̚ p ɝ ɨ ŋ ð ə s k̚ k ʉ ɚ z 
/home/isaac/Projects/Thesis/data/timit/data/TRAIN/DR7/MBAR0/SI689.WAV,h# m eh n bcl b ax l iy v dh ey kcl k ix kcl k en tcl t r ow l n ey tcl ch axr bcl b ay ow bcl b ey ix ng ax m ao r el kcl k ow dcl d h#, m ɛ n b̚ b ə l i v ð eɪ k̚ k ɨ k̚ k n̩ t̚ t ɹ oʊ l n eɪ t̚ tʃ ɚ b̚ b aɪ oʊ b̚ b eɪ ɨ ŋ ə m ɔ ɹ l̩ k̚ k oʊ d̚ d 
/home/isaac/Projects/Thesis/data/timit/data/TRAIN/DR7/MBAR0/SI1949.WAV,h# hv uw tcl t ow dcl jh ux dx ix dcl d ux ih tcl h#, ɦ u t̚ t oʊ d̚ dʒ ʉ ɾ ɨ d̚ d ʉ ɪ t̚ 
/home/isaac/Projects/Thesis/data/timit/data/TRAIN/DR7/MBAR0/SI1319.WAV,h# b ay ax l aa dcl jh ax-h kcl k el w ao r f eh axr z kcl k en s ih dx axr dcl t ax-h bcl b iy pcl p r ay m eh r ix l iy ix s tcl t r ix tcl t iy dcl jh ix kcl k w eh pcl p ax n h#, b aɪ ə l ɑ d̚ dʒ ə̥ k̚ k l̩ w ɔ ɹ f ɛ ɚ z k̚ k n̩ s ɪ ɾ ɚ d̚ t ə̥ b̚ b i p̚ p ɹ aɪ m ɛ ɹ ɨ l i ɨ s t̚ t ɹ ɨ t̚ t i d̚ dʒ ɨ k̚ k w ɛ p̚ p ə n 
/home/isaac/Projects/Thesis/data/timit/data/TRAIN/DR7/MBAR0/SX149.WAV,h# w ay l w ey dx ix ng f axr tcl ch ih pcl p axr pau sh iy kcl k r ih s kcl k r ao s tcl dh ax s kcl k w eh axr m eh nx iy tcl t ay m s h#, w aɪ l w eɪ ɾ ɨ ŋ f ɚ t̚ tʃ ɪ p̚ p ɚ  ʃ i k̚ k ɹ ɪ s k̚ k ɹ ɔ s t̚ ð ə s k̚ k w ɛ ɚ m ɛ ɾ̃ i t̚ t aɪ m s 
/home/isaac/Projects/Thesis/data/timit/data/TRAIN/DR7/MBAR0/SX419.WAV,h# dh ax f uh tcl b ao l tcl t iy m kcl k ow tcl ch hh ae z ax w aa tcl ch th ih n ih z ix dcl d ay m h#, ð ə f ʊ t̚ b ɔ l t̚ t i m k̚ k oʊ t̚ tʃ h æ z ə w ɑ t̚ tʃ θ ɪ n ɪ z ɨ d̚ d aɪ m 
/home/isaac/Projects/Thesis/data/timit/data/TRAIN/DR7/MBAR0/SX329.WAV,h# ch ih pcl p ow s pcl p ow n d ae l ax m ow n iy pcl p ey m ax n tcl s ax n tcl t ax l dh ax l ey dx ix s pcl p aa s ax bcl b el dcl d ey tcl h#, tʃ ɪ p̚ p oʊ s p̚ p oʊ n d æ l ə m oʊ n i p̚ p eɪ m ə n t̚ s ə n t̚ t ə l ð ə l eɪ ɾ ɨ s p̚ p ɑ s ə b̚ b l̩ d̚ d eɪ t̚ 
/home/isaac/Projects/Thesis/data/timit/data/TRAIN/DR7/MMDG0/SX340.WAV,h# d ah kcl k s hh eh v w eh bcl d ax-h f iy tcl t q ae n kcl k ah l axr f el f eh dh axr z h#, d ʌ k̚ k s h ɛ v w ɛ b̚ d ə̥ f i t̚ t ʔ æ n k̚ k ʌ l ɚ f l̩ f ɛ ð ɚ z 
/home/isaac/Projects/Thesis/data/timit/data/TRAIN/DR7/MMDG0/SI1780.WAV,h# q ax m aa n s tcl t r ix sh ae dx ow f eh l ax kcl k r ao s dh iy ix l uw m ax n ey dx ix dx ax w ao l dcl d ix s tcl t ao r dx ih dx ih n ih n dcl d ix f ay n ax m bcl b el h#, ʔ ə m ɑ n s t̚ t ɹ ɨ ʃ æ ɾ oʊ f ɛ l ə k̚ k ɹ ɔ s ð i ɨ l u m ə n eɪ ɾ ɨ ɾ ə w ɔ l d̚ d ɨ s t̚ t ɔ ɹ ɾ ɪ ɾ ɪ n ɪ n d̚ d ɨ f aɪ n ə m b̚ b l̩ 
/home/isaac/Projects/Thesis/data/timit/data/TRAIN/DR7/MMDG0/SI520.WAV,h# s ix kcl k s eh s f axr m eh nx iy tcl t er n pcl p ay kcl k s hh eh z kcl k ah m hv aa axr dcl d h#, s ɨ k̚ k s ɛ s f ɚ m ɛ ɾ̃ i t̚ t ɝ n p̚ p aɪ k̚ k s h ɛ z k̚ k ʌ m ɦ ɑ ɚ d̚ d 
/home/isaac/Projects/Thesis/data/timit/data/TRAIN/DR7/MMDG0/SX70.WAV,h# d ih dcl jh ux q iy q y eh tcl h#, d ɪ d̚ dʒ ʉ ʔ i ʔ j ɛ t̚ 
/home/isaac/Projects/Thesis/data/timit/data/TRAIN/DR7/MMDG0/SX430.WAV,h# dh ow z hh uw axr n aa tcl p y er ih s tcl s y ux z dcl d kcl k ae n d v eh dcl jh tcl t bcl b el z epi w eh n m ey kcl k iy ng g s tcl t ux h#, ð oʊ z h u ɚ n ɑ t̚ p j ɝ ɪ s t̚ s j ʉ z d̚ d k̚ k æ n d v ɛ d̚ dʒ t̚ t b̚ b l̩ z  w ɛ n m eɪ k̚ k i ŋ ɡ s t̚ t ʉ 
/home/isaac/Projects/Thesis/data/timit/data/TRAIN/DR7/MMDG0/SI2035.WAV,h# hh iy f eh l tcl t ix gcl g uh dcl d iy l eh sh ey kcl k iy h#, h i f ɛ l t̚ t ɨ ɡ̚ ɡ ʊ d̚ d i l ɛ ʃ eɪ k̚ k i 
/home/isaac/Projects/Thesis/data/timit/data/TRAIN/DR7/MMDG0/SX160.WAV,h# q ae z kcl k ow ao th axr z epi w iy pcl p axr z eh nx ix dcl d aa r n ux bcl b uh kcl t ax-h dh ax hh ao dx iy q ao dx iy ix n tcl s h#, ʔ æ z k̚ k oʊ ɔ θ ɚ z  w i p̚ p ɚ z ɛ ɾ̃ ɨ d̚ d ɑ ɹ n ʉ b̚ b ʊ k̚ t ə̥ ð ə h ɔ ɾ i ʔ ɔ ɾ i ɨ n t̚ s 
/home/isaac/Projects/Thesis/data/timit/data/TRAIN/DR7/MMDG0/SX250.WAV,h# dh ax bcl b ao s tcl t ix n bcl b aa l ey q ow v axr kcl k ey m dh eh r f ah n dcl d ih ng sh ao r dx ix dcl jh h#, ð ə b̚ b ɔ s t̚ t ɨ n b̚ b ɑ l eɪ ʔ oʊ v ɚ k̚ k eɪ m ð ɛ ɹ f ʌ n d̚ d ɪ ŋ ʃ ɔ ɹ ɾ ɨ d̚ dʒ 
/home/isaac/Projects/Thesis/data/timit/data/TRAIN/DR7/MBOM0/SI2274.WAV,h# n ow hv iy dcl d ih dcl en ow ax v q ih n iy hv ae n dcl d ix m ae n kcl k aa r pcl p ix n dcl d axr h#, n oʊ ɦ i d̚ d ɪ d̚ n̩ oʊ ə v ʔ ɪ n i ɦ æ n d̚ d ɨ m æ n k̚ k ɑ ɹ p̚ p ɨ n d̚ d ɚ 
/home/isaac/Projects/Thesis/data/timit/data/TRAIN/DR7/MBOM0/SX384.WAV,h# p l iy sh ao r tcl en ix s kcl k er tcl t f axr dcl jh oy s h#, p l i ʃ ɔ ɹ t̚ n̩ ɨ s k̚ k ɝ t̚ t f ɚ d̚ dʒ ɔɪ s 
/home/isaac/Projects/Thesis/data/timit/data/TRAIN/DR7/MBOM0/SX204.WAV,h# q iy v ih nx ay kcl k ey zh en l iy gcl g ih tcl dh ax m ah n dcl d ey bcl b l ux z h#, ʔ i v ɪ ɾ̃ aɪ k̚ k eɪ ʒ n̩ l i ɡ̚ ɡ ɪ t̚ ð ə m ʌ n d̚ d eɪ b̚ b l ʉ z 
/home/isaac/Projects/Thesis/data/timit/data/TRAIN/DR7/MBOM0/SX114.WAV,h# dh ix kcl k aa r tcl t ux n f iy tcl ch ix z ix m ah s kcl k r ae tcl ix n ax tcl t ae dcl p ow l h#, ð ɨ k̚ k ɑ ɹ t̚ t ʉ n f i t̚ tʃ ɨ z ɨ m ʌ s k̚ k ɹ æ t̚ ɨ n ə t̚ t æ d̚ p oʊ l 
/home/isaac/Projects/Thesis/data/timit/data/TRAIN/DR7/MBOM0/SX311.WAV,h# m ay dcl d ih z ay axr z axr s ih m pcl p el pau g ih v m iy w ah n epi en f ao r m ix dx ix v pcl p eh r gcl g r ae f ax n dh ax s ah bcl jh ix kcl h#, m aɪ d̚ d ɪ z aɪ ɚ z ɚ s ɪ m p̚ p l̩  ɡ ɪ v m i w ʌ n  n̩ f ɔ ɹ m ɨ ɾ ɨ v p̚ p ɛ ɹ ɡ̚ ɡ ɹ æ f ə n ð ə s ʌ b̚ dʒ ɨ k̚ 
/home/isaac/Projects/Thesis/data/timit/data/TRAIN/DR7/MBOM0/SI1014.WAV,h# b ih r dcl jh eh nx axr l ih f axr m eh nx ih dcl f r ax m bcl b aa r l ix pau ix z ix n q ow l dcl q ae l kcl k hv ao l ix kcl b eh v r ix dcl jh h#, b ɪ ɹ d̚ dʒ ɛ ɾ̃ ɚ l ɪ f ɚ m ɛ ɾ̃ ɪ d̚ f ɹ ə m b̚ b ɑ ɹ l ɨ  ɨ z ɨ n ʔ oʊ l d̚ ʔ æ l k̚ k ɦ ɔ l ɨ k̚ b ɛ v ɹ ɨ d̚ dʒ 
/home/isaac/Projects/Thesis/data/timit/data/TRAIN/DR7/MBOM0/SX294.WAV,h# sh uh dcl jh axr ae f s bcl b iy kcl k eh pcl t epi en epi s epi m ao l z ux z h#, ʃ ʊ d̚ dʒ ɚ æ f s b̚ b i k̚ k ɛ p̚ t  n̩  s  m ɔ l z ʉ z 
/home/isaac/Projects/Thesis/data/timit/data/TRAIN/DR7/MBOM0/SI1644.WAV,h# dh ey q iy v ih n pcl p ey m ih s ih kcl k s dcl d aa l axr z ax m ah n th h#, ð eɪ ʔ i v ɪ n p̚ p eɪ m ɪ s ɪ k̚ k s d̚ d ɑ l ɚ z ə m ʌ n θ 
/home/isaac/Projects/Thesis/data/timit/data/TRAIN/DR7/MDED0/SI1170.WAV,h# hh iy hv ae z ao l s ow ax n ix kcl k s tcl t r ao dx en eh r iy kcl k aa n sh en s h#, h i ɦ æ z ɔ l s oʊ ə n ɨ k̚ k s t̚ t ɹ ɔ ɾ n̩ ɛ ɹ i k̚ k ɑ n ʃ n̩ s 
/home/isaac/Projects/Thesis/data/timit/data/TRAIN/DR7/MDED0/SX450.WAV,h# r oy ih gcl n ao r dcl dh s pcl p er iy ix s dcl d ey dx ax pcl p oy n tcl s pau ih n dcl d r ao ih ng dh ix gcl g r ae f h#, ɹ ɔɪ ɪ ɡ̚ n ɔ ɹ d̚ ð s p̚ p ɝ i ɨ s d̚ d eɪ ɾ ə p̚ p ɔɪ n t̚ s  ɪ n d̚ d ɹ ɔ ɪ ŋ ð ɨ ɡ̚ ɡ ɹ æ f 
/home/isaac/Projects/Thesis/data/timit/data/TRAIN/DR7/MDED0/SI540.WAV,h# dh ah s dh eh r ih z ih kcl k l ih er dcl d ih v ih zh ix n q ax v ax th ao axr dx iy pau ix dcl m ih nx ix s tcl t r ey dx ih v pau ih n l eh dcl jh ix s l ey dx ix v h#, ð ʌ s ð ɛ ɹ ɪ z ɪ k̚ k l ɪ ɝ d̚ d ɪ v ɪ ʒ ɨ n ʔ ə v ə θ ɔ ɚ ɾ i  ɨ d̚ m ɪ ɾ̃ ɨ s t̚ t ɹ eɪ ɾ ɪ v  ɪ n l ɛ d̚ dʒ ɨ s l eɪ ɾ ɨ v 
/home/isaac/Projects/Thesis/data/timit/data/TRAIN/DR7/MDED0/SX270.WAV,h# q aa r hv aa l ax dx ey q ey pcl p r ix n z q ax v eh l ax bcl b el tcl t uw ah s h#, ʔ ɑ ɹ ɦ ɑ l ə ɾ eɪ ʔ eɪ p̚ p ɹ ɨ n z ʔ ə v ɛ l ə b̚ b l̩ t̚ t u ʌ s 
/home/isaac/Projects/Thesis/data/timit/data/TRAIN/DR7/MDED0/SX90.WAV,h# dh ax th ih ng kcl k er ih z ih f ey m ax s kcl k el pcl p sh axr h#, ð ə θ ɪ ŋ k̚ k ɝ ɪ z ɪ f eɪ m ə s k̚ k l̩ p̚ p ʃ ɚ 
/home/isaac/Projects/Thesis/data/timit/data/TRAIN/DR7/MDED0/SX180.WAV,h# ao l m ow s tcl t ao l kcl k aa l ih dcl jh ih z q aa r n aw kcl k ow eh dcl jh ax-h kcl k ey sh en el h#, ɔ l m oʊ s t̚ t ɔ l k̚ k ɑ l ɪ d̚ dʒ ɪ z ʔ ɑ ɹ n aʊ k̚ k oʊ ɛ d̚ dʒ ə̥ k̚ k eɪ ʃ n̩ l̩ 
/home/isaac/Projects/Thesis/data/timit/data/TRAIN/DR7/MDED0/SI1800.WAV,h# t ux kcl k ey ow hv ih m q pau ih n m ey bcl iy ao r m ey bcl b iy n aa tcl k ih l h#, t ʉ k̚ k eɪ oʊ ɦ ɪ m ʔ  ɪ n m eɪ b̚ i ɔ ɹ m eɪ b̚ b i n ɑ t̚ k ɪ l 
/home/isaac/Projects/Thesis/data/timit/data/TRAIN/DR7/MDED0/SX360.WAV,h# q ay ix s ux m oy s tcl ch er w el dcl d ae m ix dcl jh dh ih sh ih pcl p s hh ah l h#, ʔ aɪ ɨ s ʉ m ɔɪ s t̚ tʃ ɝ w l̩ d̚ d æ m ɨ d̚ dʒ ð ɪ ʃ ɪ p̚ p s h ʌ l 
/home/isaac/Projects/Thesis/data/timit/data/TRAIN/DR7/FJRP1/SI2062.WAV,h# q ow sh ah kcl k s dh ix gcl g axr l s eh dcl h#, ʔ oʊ ʃ ʌ k̚ k s ð ɨ ɡ̚ ɡ ɚ l s ɛ d̚ 
/home/isaac/Projects/Thesis/data/timit/data/TRAIN/DR7/FJRP1/SX442.WAV,h# s ah bcl b er bcl ix n hv aw s w ay z ao f ax n s ah f axr f axr m n ix gcl g ae bcl b hv ae bcl b ih tcl t h#, s ʌ b̚ b ɝ b̚ ɨ n ɦ aʊ s w aɪ z ɔ f ə n s ʌ f ɚ f ɚ m n ɨ ɡ̚ ɡ æ b̚ b ɦ æ b̚ b ɪ t̚ t 
/home/isaac/Projects/Thesis/data/timit/data/TRAIN/DR7/FJRP1/SX352.WAV,h# hh ax kcl k ao r dx iy ng tcl t ix m ay ix n tcl t axr pcl p ix tcl t ey sh ix n q ah v dh ix pcl p r aa bcl l ax m pau t ux l ay n z epi m ax s tcl b iy pcl p axr pcl p ix n dcl d ix kcl k y ix l axr h#, h ə k̚ k ɔ ɹ ɾ i ŋ t̚ t ɨ m aɪ ɨ n t̚ t ɚ p̚ p ɨ t̚ t eɪ ʃ ɨ n ʔ ʌ v ð ɨ p̚ p ɹ ɑ b̚ l ə m  t ʉ l aɪ n z  m ə s t̚ b i p̚ p ɚ p̚ p ɨ n d̚ d ɨ k̚ k j ɨ l ɚ 
/home/isaac/Projects/Thesis/data/timit/data/TRAIN/DR7/FJRP1/SX172.WAV,h# dh ix tcl t r ay ah m f ih n q w ao iy axr ih gcl g z ih bcl b ax dx ih dcl n ay q iy v hv eh r ow ix z ax m h#, ð ɨ t̚ t ɹ aɪ ʌ m f ɪ n ʔ w ɔ i ɚ ɪ ɡ̚ ɡ z ɪ b̚ b ə ɾ ɪ d̚ n aɪ ʔ i v ɦ ɛ ɹ oʊ ɨ z ə m 
/home/isaac/Projects/Thesis/data/timit/data/TRAIN/DR7/FJRP1/SI1432.WAV,h# n aw dh ax pcl p r aa v ax m ih z pcl p r ix z eh nx ix dcl p iy s epi m ix l ax q eh n s ah m tcl t aa m z kcl k aa n tcl t axr dcl d ih kcl t axr dx ix l iy h#, n aʊ ð ə p̚ p ɹ ɑ v ə m ɪ z p̚ p ɹ ɨ z ɛ ɾ̃ ɨ d̚ p i s  m ɨ l ə ʔ ɛ n s ʌ m t̚ t ɑ m z k̚ k ɑ n t̚ t ɚ d̚ d ɪ k̚ t ɚ ɾ ɨ l i 
/home/isaac/Projects/Thesis/data/timit/data/TRAIN/DR7/FJRP1/SX82.WAV,h# g uh dcl d s er v ih sh ih dcl b iy r ix w ao r dx ix dcl b ay bcl b ih gcl t ih pcl p s h#, ɡ ʊ d̚ d s ɝ v ɪ ʃ ɪ d̚ b i ɹ ɨ w ɔ ɹ ɾ ɨ d̚ b aɪ b̚ b ɪ ɡ̚ t ɪ p̚ p s 
/home/isaac/Projects/Thesis/data/timit/data/TRAIN/DR7/FJRP1/SI802.WAV,h# dh eh r q iy z iy axr tcl t ix sh ey dcl dh eh r h#, ð ɛ ɹ ʔ i z i ɚ t̚ t ɨ ʃ eɪ d̚ ð ɛ ɹ 
/home/isaac/Projects/Thesis/data/timit/data/TRAIN/DR7/FJRP1/SX262.WAV,h# k eh n iy q ey dcl jh ix n s iy q ow v axr th r ow q ey l iy ix n f ao r s ix z h#, k ɛ n i ʔ eɪ d̚ dʒ ɨ n s i ʔ oʊ v ɚ θ ɹ oʊ ʔ eɪ l i ɨ n f ɔ ɹ s ɨ z 
/home/isaac/Projects/Thesis/data/timit/data/TRAIN/DR7/MMWS1/SX351.WAV,h# dh ix n ux s ax-h bcl b er bcl eh nx ay tcl s epi w axr kcl t hh aa r dcl ax n r ix f axr v ix sh iy ng dh eh r ow l dx axr hh ow m h#, ð ɨ n ʉ s ə̥ b̚ b ɝ b̚ ɛ ɾ̃ aɪ t̚ s  w ɚ k̚ t h ɑ ɹ d̚ ə n ɹ ɨ f ɚ v ɨ ʃ i ŋ ð ɛ ɹ oʊ l ɾ ɚ h oʊ m 
/home/isaac/Projects/Thesis/data/timit/data/TRAIN/DR7/MMWS1/SI1071.WAV,h# t ux m aa l z epi n ao r th iy s tcl t pau dh eh n epi f ay m aa l s aw th epi w eh s tcl t pau dh ae tcl s axr dx ix th ix ng h#, t ʉ m ɑ l z  n ɔ ɹ θ i s t̚ t  ð ɛ n  f aɪ m ɑ l s aʊ θ  w ɛ s t̚ t  ð æ t̚ s ɚ ɾ ɨ θ ɨ ŋ 
/home/isaac/Projects/Thesis/data/timit/data/TRAIN/DR7/MMWS1/SI2331.WAV,h# n aw f y el pcl p aa r dcl en m iy pau ay w ow n tcl k iy pcl p ix m w ey dx ix ng h#, n aʊ f j l̩ p̚ p ɑ ɹ d̚ n̩ m i  aɪ w oʊ n t̚ k i p̚ p ɨ m w eɪ ɾ ɨ ŋ 
/home/isaac/Projects/Thesis/data/timit/data/TRAIN/DR7/MMWS1/SX441.WAV,h# d ow n l uh kcl f axr gcl g r ux pcl v ae l y ix v el z ix nx ix bcl b ae ng kcl k v ao l tcl h#, d oʊ n l ʊ k̚ f ɚ ɡ̚ ɡ ɹ ʉ p̚ v æ l j ɨ v l̩ z ɨ ɾ̃ ɨ b̚ b æ ŋ k̚ k v ɔ l t̚ 
/home/isaac/Projects/Thesis/data/timit/data/TRAIN/DR7/MMWS1/SX261.WAV,h# d ix y ux hv ae v dh ix y eh l ow q oy q m ix n tcl r eh dx iy h#, d ɨ j ʉ ɦ æ v ð ɨ j ɛ l oʊ ʔ ɔɪ ʔ m ɨ n t̚ ɹ ɛ ɾ i 
/home/isaac/Projects/Thesis/data/timit/data/TRAIN/DR7/MMWS1/SI1701.WAV,h# em ow sh ix nx ax l iy pau dh ey pcl p eh nx ih tcl t r ey dx ix dcl hh ix m n aa dx ix dx ao l h#, m̩ oʊ ʃ ɨ ɾ̃ ə l i  ð eɪ p̚ p ɛ ɾ̃ ɪ t̚ t ɹ eɪ ɾ ɨ d̚ h ɨ m n ɑ ɾ ɨ ɾ ɔ l 
/home/isaac/Projects/Thesis/data/timit/data/TRAIN/DR7/MMWS1/SX27.WAV,h# d ix dcl d ae dcl d ux ae kcl k ix dcl d eh m ix kcl b ih dx ix ng h#, d ɨ d̚ d æ d̚ d ʉ æ k̚ k ɨ d̚ d ɛ m ɨ k̚ b ɪ ɾ ɨ ŋ 
/home/isaac/Projects/Thesis/data/timit/data/TRAIN/DR7/MMWS1/SX81.WAV,h# q ix tcl s ix m pcl p aa s bcl b el tcl t ax-h dcl d iy l w ax bcl b y er aa kcl k axr s iy h#, ʔ ɨ t̚ s ɨ m p̚ p ɑ s b̚ b l̩ t̚ t ə̥ d̚ d i l w ə b̚ b j ɝ ɑ k̚ k ɚ s i 
/home/isaac/Projects/Thesis/data/timit/data/TRAIN/DR7/MREM0/SX421.WAV,h# dh ow z hh ux tcl t iy tcl ch v ae y ux z epi f er s tcl t ix bcl b aa l ix sh tcl ch iy dx ix ng h#, ð oʊ z h ʉ t̚ t i t̚ tʃ v æ j ʉ z  f ɝ s t̚ t ɨ b̚ b ɑ l ɨ ʃ t̚ tʃ i ɾ ɨ ŋ 
/home/isaac/Projects/Thesis/data/timit/data/TRAIN/DR7/MREM0/SX331.WAV,h# dh ix bcl b ih gcl d ao gcl pau l ah v dcl t ix tcl ch uw ao n dh iy ow l dcl r ae gcl d aa l h#, ð ɨ b̚ b ɪ ɡ̚ d ɔ ɡ̚  l ʌ v d̚ t ɨ t̚ tʃ u ɔ n ð i oʊ l d̚ ɹ æ ɡ̚ d ɑ l 
/home/isaac/Projects/Thesis/data/timit/data/TRAIN/DR7/MREM0/SX61.WAV,h# ch aa kcl k l ix q en r ow z ix z epi n eh v axr f ey l ax z r ax m ae n tcl t ix kcl g ih f tcl t h#, tʃ ɑ k̚ k l ɨ ʔ n̩ ɹ oʊ z ɨ z  n ɛ v ɚ f eɪ l ə z ɹ ə m æ n t̚ t ɨ k̚ ɡ ɪ f t̚ t 
/home/isaac/Projects/Thesis/data/timit/data/TRAIN/DR7/MREM0/SI1591.WAV,h# hh axr l ih pcl s pau m oy s tcl t ix n pcl p aa r dx ix dcl pau s pcl p ow kcl k ih z n ey m h#, h ɚ l ɪ p̚ s  m ɔɪ s t̚ t ɨ n p̚ p ɑ ɹ ɾ ɨ d̚  s p̚ p oʊ k̚ k ɪ z n eɪ m 
/home/isaac/Projects/Thesis/data/timit/data/TRAIN/DR7/MREM0/SI961.WAV,h# dh ix kcl k ow ax l ih sh en w ax z tcl t ax-h pcl p r ux v ix nx ix dcl v ay z ax-h bcl b el h#, ð ɨ k̚ k oʊ ə l ɪ ʃ n̩ w ə z t̚ t ə̥ p̚ p ɹ ʉ v ɨ ɾ̃ ɨ d̚ v aɪ z ə̥ b̚ b l̩ 
/home/isaac/Projects/Thesis/data/timit/data/TRAIN/DR7/MREM0/SX241.WAV,h# dh ax hh ao l w ey q ow pcl p en z ix n tcl t ax-h w ix hh y ux dcl jh tcl ch ey m bcl b axr h#, ð ə h ɔ l w eɪ ʔ oʊ p̚ p n̩ z ɨ n t̚ t ə̥ w ɨ h j ʉ d̚ dʒ t̚ tʃ eɪ m b̚ b ɚ 
/home/isaac/Projects/Thesis/data/timit/data/TRAIN/DR7/MREM0/SX151.WAV,h# dh ix pcl p r iy v iy ix s pcl p iy kcl k axr pcl p r ix z eh nx ix dx ae m bcl b ih gcl g y ux ax s r ix z ah l tcl s h#, ð ɨ p̚ p ɹ i v i ɨ s p̚ p i k̚ k ɚ p̚ p ɹ ɨ z ɛ ɾ̃ ɨ ɾ æ m b̚ b ɪ ɡ̚ ɡ j ʉ ə s ɹ ɨ z ʌ l t̚ s 
/home/isaac/Projects/Thesis/data/timit/data/TRAIN/DR7/MREM0/SI511.WAV,h# dh ix s ix z ax pcl p r aa bcl b l em dh ax-h tcl g ow z kcl k en s ix dx axr bcl b l iy bcl b iy y aa n dcl k w eh s tcl ch en z ax v s ae l r iy q ix n tcl t eh n y axr h#, ð ɨ s ɨ z ə p̚ p ɹ ɑ b̚ b l m̩ ð ə̥ t̚ ɡ oʊ z k̚ k n̩ s ɨ ɾ ɚ b̚ b l i b̚ b i j ɑ n d̚ k w ɛ s t̚ tʃ n̩ z ə v s æ l ɹ i ʔ ɨ n t̚ t ɛ n j ɚ 
/home/isaac/Projects/Thesis/data/timit/data/TRAIN/DR7/MSAH1/SX59.WAV,h# dh ax s ih ng er z f ih ng er hv ae dcl ax-h s pcl p l ih nx axr h#, ð ə s ɪ ŋ ɝ z f ɪ ŋ ɝ ɦ æ d̚ ə̥ s p̚ p l ɪ ɾ̃ ɚ 
/home/isaac/Projects/Thesis/data/timit/data/TRAIN/DR7/MSAH1/SX239.WAV,h# p y er iy s ix m f r ux tcl b ax f ao r pcl p axr pcl p eh r ih ng dh ix s kcl k y uw axr z h#, p j ɝ i s ɨ m f ɹ ʉ t̚ b ə f ɔ ɹ p̚ p ɚ p̚ p ɛ ɹ ɪ ŋ ð ɨ s k̚ k j u ɚ z 
/home/isaac/Projects/Thesis/data/timit/data/TRAIN/DR7/MSAH1/SX149.WAV,h# w aa l w ih dx ih ng f axr tcl ch ih pcl p axr sh ix kcl k r ix s kcl k r ao s tcl dh ax-h s kcl k w er m eh n iy tcl t ay m epi s h#, w ɑ l w ɪ ɾ ɪ ŋ f ɚ t̚ tʃ ɪ p̚ p ɚ ʃ ɨ k̚ k ɹ ɨ s k̚ k ɹ ɔ s t̚ ð ə̥ s k̚ k w ɝ m ɛ n i t̚ t aɪ m  s 
/home/isaac/Projects/Thesis/data/timit/data/TRAIN/DR7/MSAH1/SX419.WAV,h# dh ix f uh tcl b ao l tcl t iy m kcl k ow tcl ch hh ae z ax w aa tcl ch th ih nx ih z ix dcl d ay m h#, ð ɨ f ʊ t̚ b ɔ l t̚ t i m k̚ k oʊ t̚ tʃ h æ z ə w ɑ t̚ tʃ θ ɪ ɾ̃ ɪ z ɨ d̚ d aɪ m 
/home/isaac/Projects/Thesis/data/timit/data/TRAIN/DR7/MSAH1/SI1049.WAV,h# dh ey ah n dcl d er s tcl t uh dcl en tcl t iy z dcl m iy ix bcl b ih q n ax bcl b aa dx ax tcl h#, ð eɪ ʌ n d̚ d ɝ s t̚ t ʊ d̚ n̩ t̚ t i z d̚ m i ɨ b̚ b ɪ ʔ n ə b̚ b ɑ ɾ ə t̚ 
/home/isaac/Projects/Thesis/data/timit/data/TRAIN/DR7/MSAH1/SX329.WAV,h# ch ih pcl p ow s pcl p ow n dcl d ae l ah m ah nx ix pcl p ey m ix n tcl s epi en tcl t ih l dh ax l ey dx ih s tcl p aa s ix bcl b el dcl d ey tcl h#, tʃ ɪ p̚ p oʊ s p̚ p oʊ n d̚ d æ l ʌ m ʌ ɾ̃ ɨ p̚ p eɪ m ɨ n t̚ s  n̩ t̚ t ɪ l ð ə l eɪ ɾ ɪ s t̚ p ɑ s ɨ b̚ b l̩ d̚ d eɪ t̚ 
/home/isaac/Projects/Thesis/data/timit/data/TRAIN/DR7/MSAH1/SI2309.WAV,h# w eh l pau w ey q en tcl t ih y ux f ih n ih sh hh w ah tcl ch ux gcl g aa q d ey v iy h#, w ɛ l  w eɪ ʔ n̩ t̚ t ɪ j ʉ f ɪ n ɪ ʃ h w ʌ t̚ tʃ ʉ ɡ̚ ɡ ɑ ʔ d eɪ v i 
/home/isaac/Projects/Thesis/data/timit/data/TRAIN/DR7/MSAH1/SI1679.WAV,h# d iy pcl p ix n ah f hh iy dcl d ax s ay dx eh dcl h#, d i p̚ p ɨ n ʌ f h i d̚ d ə s aɪ ɾ ɛ d̚ 
/home/isaac/Projects/Thesis/data/timit/data/TRAIN/DR7/MADD0/SX178.WAV,h# sh iy q ix ng kcl k er ix dcl jh dcl hh er tcl ch ih l dcl d axr n tcl t ux m ey kcl dh eh r q ow n hv aa l ax w iy n kcl k aa s tcl t ux m z h#, ʃ i ʔ ɨ ŋ k̚ k ɝ ɨ d̚ dʒ d̚ h ɝ t̚ tʃ ɪ l d̚ d ɚ n t̚ t ʉ m eɪ k̚ ð ɛ ɹ ʔ oʊ n ɦ ɑ l ə w i n k̚ k ɑ s t̚ t ʉ m z 
/home/isaac/Projects/Thesis/data/timit/data/TRAIN/DR7/MADD0/SX88.WAV,h# f l ay ix ng s tcl t ae n dcl b ay kcl k ix n bcl b iy pcl p r ae kcl t ax-h kcl k el q ix f y ux w aa n tcl t ux s ey v m ah n iy h#, f l aɪ ɨ ŋ s t̚ t æ n d̚ b aɪ k̚ k ɨ n b̚ b i p̚ p ɹ æ k̚ t ə̥ k̚ k l̩ ʔ ɨ f j ʉ w ɑ n t̚ t ʉ s eɪ v m ʌ n i 
/home/isaac/Projects/Thesis/data/timit/data/TRAIN/DR7/MADD0/SX268.WAV,h# dh ix dcl jh ao q aa pcl p axr r ey tcl s bcl b ay y ux z iy ng q ae n tcl t ae gcl ix n ih s tcl t ih kcl m ah s el z h#, ð ɨ d̚ dʒ ɔ ʔ ɑ p̚ p ɚ ɹ eɪ t̚ s b̚ b aɪ j ʉ z i ŋ ʔ æ n t̚ t æ ɡ̚ ɨ n ɪ s t̚ t ɪ k̚ m ʌ s l̩ z 
/home/isaac/Projects/Thesis/data/timit/data/TRAIN/DR7/MADD0/SX448.WAV,h# s f ih r ix kcl k el gcl g ih f tcl s pau aa r dcl d ih f ix kcl k el tcl t ux r ae pcl p h#, s f ɪ ɹ ɨ k̚ k l̩ ɡ̚ ɡ ɪ f t̚ s  ɑ ɹ d̚ d ɪ f ɨ k̚ k l̩ t̚ t ʉ ɹ æ p̚ p 
/home/isaac/Projects/Thesis/data/timit/data/TRAIN/DR7/MADD0/SI1295.WAV,h# hh iy m ey gcl g ih dx ix tcl t ae kcl k s r iy f ah n dcl d h#, h i m eɪ ɡ̚ ɡ ɪ ɾ ɨ t̚ t æ k̚ k s ɹ i f ʌ n d̚ d 
/home/isaac/Projects/Thesis/data/timit/data/TRAIN/DR7/MADD0/SI1798.WAV,h# w ih l bcl b ow th bcl b iy bcl b l ow ih ng tcl t aw n tcl t em ao r ow s ow w ix w ow n q b iy m uw v iy ng ih n ao n y ux h#, w ɪ l b̚ b oʊ θ b̚ b i b̚ b l oʊ ɪ ŋ t̚ t aʊ n t̚ t m̩ ɔ ɹ oʊ s oʊ w ɨ w oʊ n ʔ b i m u v i ŋ ɪ n ɔ n j ʉ 
/home/isaac/Projects/Thesis/data/timit/data/TRAIN/DR7/MADD0/SI538.WAV,h# k aw n iy ix f ih sh el z hv ae v kcl k ow ao pcl p er ey dx ix dcl k en s ih s tcl t en q l iy h#, k aʊ n i ɨ f ɪ ʃ l̩ z ɦ æ v k̚ k oʊ ɔ p̚ p ɝ eɪ ɾ ɨ d̚ k n̩ s ɪ s t̚ t n̩ ʔ l i 
/home/isaac/Projects/Thesis/data/timit/data/TRAIN/DR7/MADD0/SX358.WAV,h# jh ao er dcl jh s eh l dcl d ax m w aa tcl ch ix z dcl d ey tcl t ay m uw v iy z h#, dʒ ɔ ɝ d̚ dʒ s ɛ l d̚ d ə m w ɑ t̚ tʃ ɨ z d̚ d eɪ t̚ t aɪ m u v i z 
/home/isaac/Projects/Thesis/data/timit/data/TRAIN/DR7/MAFM0/SX129.WAV,h# q eh ng gcl g ao r ix kcl k ae tcl t s er f er iy axr dh eh n s ay ix m iy z h#, ʔ ɛ ŋ ɡ̚ ɡ ɔ ɹ ɨ k̚ k æ t̚ t s ɝ f ɝ i ɚ ð ɛ n s aɪ ɨ m i z 
/home/isaac/Projects/Thesis/data/timit/data/TRAIN/DR7/MAFM0/SX399.WAV,h# dh ey ix s ux m n ow bcl b er gcl g l axr w ax l eh v axr q eh n tcl t axr hh ih axr h#, ð eɪ ɨ s ʉ m n oʊ b̚ b ɝ ɡ̚ ɡ l ɚ w ə l ɛ v ɚ ʔ ɛ n t̚ t ɚ h ɪ ɚ 
/home/isaac/Projects/Thesis/data/timit/data/TRAIN/DR7/MAFM0/SX39.WAV,h# b aa r bcl b z gcl g ow l dcl b r ey s l ix q w ax z ix gcl g r ae dcl jh ix w ey sh epi en pcl p r eh z ax n tcl h#, b ɑ ɹ b̚ b z ɡ̚ ɡ oʊ l d̚ b ɹ eɪ s l ɨ ʔ w ə z ɨ ɡ̚ ɡ ɹ æ d̚ dʒ ɨ w eɪ ʃ  n̩ p̚ p ɹ ɛ z ə n t̚ 
/home/isaac/Projects/Thesis/data/timit/data/TRAIN/DR7/MAFM0/SI1569.WAV,h# dh ih s ih z aa r s ih ng y ix l axr gcl g ow l h#, ð ɪ s ɪ z ɑ ɹ s ɪ ŋ j ɨ l ɚ ɡ̚ ɡ oʊ l 
/home/isaac/Projects/Thesis/data/timit/data/TRAIN/DR7/MAFM0/SX309.WAV,h# dh ax pcl p r uw f dh eh tcl y uw aa r s iy kcl k ix ng ih z n aa ax v ey l bcl b el ax n bcl b uh kcl k s h#, ð ə p̚ p ɹ u f ð ɛ t̚ j u ɑ ɹ s i k̚ k ɨ ŋ ɪ z n ɑ ə v eɪ l b̚ b l̩ ə n b̚ b ʊ k̚ k s 
/home/isaac/Projects/Thesis/data/timit/data/TRAIN/DR7/MAFM0/SI2199.WAV,h# w ih y ih tcl t eh l m iy w ay h#, w ɪ j ɪ t̚ t ɛ l m i w aɪ 
/home/isaac/Projects/Thesis/data/timit/data/TRAIN/DR7/MAFM0/SX219.WAV,h# n aa n pcl p r aa f ax tcl t ao r gcl g ix nx ix z ey sh ix n z hv eh f r iy kcl k w ax n tcl f ah n dcl r ey z axr s h#, n ɑ n p̚ p ɹ ɑ f ə t̚ t ɔ ɹ ɡ̚ ɡ ɨ ɾ̃ ɨ z eɪ ʃ ɨ n z ɦ ɛ f ɹ i k̚ k w ə n t̚ f ʌ n d̚ ɹ eɪ z ɚ s 
/home/isaac/Projects/Thesis/data/timit/data/TRAIN/DR7/MAFM0/SI939.WAV,h# q ix m pcl p r eh sh ix n z aa f ax nx ax pcl p ih r ix nx ax s ax m bcl b aa l ix kcl f ao r m en kcl k ix n aa tcl b iy tcl t ey kcl k ix n eh tcl f ey s v ae l y ux h#, ʔ ɨ m p̚ p ɹ ɛ ʃ ɨ n z ɑ f ə ɾ̃ ə p̚ p ɪ ɹ ɨ ɾ̃ ə s ə m b̚ b ɑ l ɨ k̚ f ɔ ɹ m n̩ k̚ k ɨ n ɑ t̚ b i t̚ t eɪ k̚ k ɨ n ɛ t̚ f eɪ s v æ l j ʉ 
/home/isaac/Projects/Thesis/data/timit/data/TRAIN/DR7/MDLR1/SI1929.WAV,h# q oy l f iy l dcl d w er kcl k axr z w axr ix r ah f tcl t ah f l aa tcl h#, ʔ ɔɪ l f i l d̚ d w ɝ k̚ k ɚ z w ɚ ɨ ɹ ʌ f t̚ t ʌ f l ɑ t̚ 
/home/isaac/Projects/Thesis/data/timit/data/TRAIN/DR7/MDLR1/SX129.WAV,h# q ae ng gcl g ao r ah kcl k ae tcl s q aa r f er iy axr dh ix n s ay m iy z h#, ʔ æ ŋ ɡ̚ ɡ ɔ ɹ ʌ k̚ k æ t̚ s ʔ ɑ ɹ f ɝ i ɚ ð ɨ n s aɪ m i z 
/home/isaac/Projects/Thesis/data/timit/data/TRAIN/DR7/MDLR1/SX399.WAV,h# dh ey ix s ux m n ow bcl b er gcl ix l axr w ih l q eh v axr q eh nx axr hv ih axr h#, ð eɪ ɨ s ʉ m n oʊ b̚ b ɝ ɡ̚ ɨ l ɚ w ɪ l ʔ ɛ v ɚ ʔ ɛ ɾ̃ ɚ ɦ ɪ ɚ 
/home/isaac/Projects/Thesis/data/timit/data/TRAIN/DR7/MDLR1/SI669.WAV,h# l ey dx axr pau w iy sh ih l s iy w ah tcl hv ae pcl p ax n w eh n ax n eh m pcl p axr er tcl t uh kcl dh ih s ay dcl d iy ix tcl t ux l ih dx axr ix l iy h#, l eɪ ɾ ɚ  w i ʃ ɪ l s i w ʌ t̚ ɦ æ p̚ p ə n w ɛ n ə n ɛ m p̚ p ɚ ɝ t̚ t ʊ k̚ ð ɪ s aɪ d̚ d i ɨ t̚ t ʉ l ɪ ɾ ɚ ɨ l i 
/home/isaac/Projects/Thesis/data/timit/data/TRAIN/DR7/MDLR1/SX39.WAV,h# b aa r bcl b z gcl g ow l dcl b r ey s l ih tcl w ax z ix gcl g r ae zh ix w ey sh en pcl p r eh z ix n tcl h#, b ɑ ɹ b̚ b z ɡ̚ ɡ oʊ l d̚ b ɹ eɪ s l ɪ t̚ w ə z ɨ ɡ̚ ɡ ɹ æ ʒ ɨ w eɪ ʃ n̩ p̚ p ɹ ɛ z ɨ n t̚ 
/home/isaac/Projects/Thesis/data/timit/data/TRAIN/DR7/MDLR1/SX309.WAV,h# dh ax-h pcl p r ux f dh ih tcl ch y uw axr s iy kcl k iy ng pau q ix z n aa dx ax v ey l bcl b el ix n bcl b uh kcl k s h#, ð ə̥ p̚ p ɹ ʉ f ð ɪ t̚ tʃ j u ɚ s i k̚ k i ŋ  ʔ ɨ z n ɑ ɾ ə v eɪ l b̚ b l̩ ɨ n b̚ b ʊ k̚ k s 
/home/isaac/Projects/Thesis/data/timit/data/TRAIN/DR7/MDLR1/SI1299.WAV,h# hh aw w eh l dcl d ux f ae kcl k el tcl t iy m eh m bcl b axr z gcl g ah v axr n dh eh m s eh l v z h#, h aʊ w ɛ l d̚ d ʉ f æ k̚ k l̩ t̚ t i m ɛ m b̚ b ɚ z ɡ̚ ɡ ʌ v ɚ n ð ɛ m s ɛ l v z 
/home/isaac/Projects/Thesis/data/timit/data/TRAIN/DR7/MDLR1/SX219.WAV,h# n aa n pcl p r aa f ix tcl q ao r gcl ix n ix z ey sh en z hh ae f r iy kcl k w ih n tcl f ah n r ey z axr z h#, n ɑ n p̚ p ɹ ɑ f ɨ t̚ ʔ ɔ ɹ ɡ̚ ɨ n ɨ z eɪ ʃ n̩ z h æ f ɹ i k̚ k w ɪ n t̚ f ʌ n ɹ eɪ z ɚ z 
/home/isaac/Projects/Thesis/data/timit/data/TRAIN/DR7/MDKS0/SX166.WAV,h# b ay aa l ah dcl jh ih s y ux z pau r ey dcl d iy ow ae kcl t ih v ay s ix tcl t ow pcl p s tcl t ax-h s tcl t ah dcl d iy m ay kcl k r ow ao r gcl ix n ix z ax m epi z h#, b aɪ ɑ l ʌ d̚ dʒ ɪ s j ʉ z  ɹ eɪ d̚ d i oʊ æ k̚ t ɪ v aɪ s ɨ t̚ t oʊ p̚ p s t̚ t ə̥ s t̚ t ʌ d̚ d i m aɪ k̚ k ɹ oʊ ɔ ɹ ɡ̚ ɨ n ɨ z ə m  z 
/home/isaac/Projects/Thesis/data/timit/data/TRAIN/DR7/MDKS0/SI1696.WAV,h# n aa tcl t w ix n sh iy dcl w ey dx ih dcl s ow l ao ng aa l r eh dcl d iy h#, n ɑ t̚ t w ɨ n ʃ i d̚ w eɪ ɾ ɪ d̚ s oʊ l ɔ ŋ ɑ l ɹ ɛ d̚ d i 
/home/isaac/Projects/Thesis/data/timit/data/TRAIN/DR7/MDKS0/SX346.WAV,h# dh ax bcl b eh r ix kcl k ux dx ah r iy kcl k oy l dcl d f r ah m dh ax s er pcl p ax n tcl s pcl p oy z ix n ix s f ae ng epi z h#, ð ə b̚ b ɛ ɹ ɨ k̚ k ʉ ɾ ʌ ɹ i k̚ k ɔɪ l d̚ d f ɹ ʌ m ð ə s ɝ p̚ p ə n t̚ s p̚ p ɔɪ z ɨ n ɨ s f æ ŋ  z 
/home/isaac/Projects/Thesis/data/timit/data/TRAIN/DR7/MDKS0/SI1066.WAV,h# dh ey w axr tcl ch ey s epi ix ng axr r ey n kcl k l aw dcl d h#, ð eɪ w ɚ t̚ tʃ eɪ s  ɨ ŋ ɚ ɹ eɪ n k̚ k l aʊ d̚ d 
/home/isaac/Projects/Thesis/data/timit/data/TRAIN/DR7/MDKS0/SX256.WAV,h# dh iy ay r ey tcl t q ae kcl t axr s tcl t aa m pcl t ax w ey q ix dx iy aa dx ix kcl k l iy h#, ð i aɪ ɹ eɪ t̚ t ʔ æ k̚ t ɚ s t̚ t ɑ m p̚ t ə w eɪ ʔ ɨ ɾ i ɑ ɾ ɨ k̚ k l i 
/home/isaac/Projects/Thesis/data/timit/data/TRAIN/DR7/MDKS0/SX76.WAV,h# jh eh n q l iy pcl p l ey s dcl jh ih m z f ow m epi s kcl k ah l pcl p tcl ch er pau ix n dh ax bcl b aa kcl k s h#, dʒ ɛ n ʔ l i p̚ p l eɪ s d̚ dʒ ɪ m z f oʊ m  s k̚ k ʌ l p̚ p t̚ tʃ ɝ  ɨ n ð ə b̚ b ɑ k̚ k s 
/home/isaac/Projects/Thesis/data/timit/data/TRAIN/DR7/MDKS0/SX436.WAV,h# p l iy s ih ng dcl jh ah s dh ix kcl k l ah bcl b th iy m h#, p l i s ɪ ŋ d̚ dʒ ʌ s ð ɨ k̚ k l ʌ b̚ b θ i m 
/home/isaac/Projects/Thesis/data/timit/data/TRAIN/DR7/MDKS0/SI2326.WAV,h# n aa dcl v er ix w eh l bcl b ih hv ey v dcl d ih sh epi iy dcl d ix r ah n aw dx ah nx ax pcl p l ey m ey tcl h#, n ɑ d̚ v ɝ ɨ w ɛ l b̚ b ɪ ɦ eɪ v d̚ d ɪ ʃ  i d̚ d ɨ ɹ ʌ n aʊ ɾ ʌ ɾ̃ ə p̚ p l eɪ m eɪ t̚ 
/home/isaac/Projects/Thesis/data/timit/data/TRAIN/DR7/MBML0/SI1169.WAV,h# dh ey dcl d iy s pcl p ay z dcl d f ao r en er z h#, ð eɪ d̚ d i s p̚ p aɪ z d̚ d f ɔ ɹ n̩ ɝ z 
/home/isaac/Projects/Thesis/data/timit/data/TRAIN/DR7/MBML0/SI539.WAV,h# b ah tcl dh ae tcl hv eh r axr tcl t ih dcl jh ih sh r iy ng kcl k iy ng iy v ix n f ae s tcl t axr h#, b ʌ t̚ ð æ t̚ ɦ ɛ ɹ ɚ t̚ t ɪ d̚ dʒ ɪ ʃ ɹ i ŋ k̚ k i ŋ i v ɨ n f æ s t̚ t ɚ 
/home/isaac/Projects/Thesis/data/timit/data/TRAIN/DR7/MBML0/SX269.WAV,h# d ux ey tcl t ih pcl p ix kcl k el f aa r m er z gcl g r ow w ow tcl s h#, d ʉ eɪ t̚ t ɪ p̚ p ɨ k̚ k l̩ f ɑ ɹ m ɝ z ɡ̚ ɡ ɹ oʊ w oʊ t̚ s 
/home/isaac/Projects/Thesis/data/timit/data/TRAIN/DR7/MBML0/SX89.WAV,h# ix tcl s hh aa r dcl t ix tcl t eh l ax nx ax r ih jh en el f axr m ax f ao r dcl jh axr iy h#, ɨ t̚ s h ɑ ɹ d̚ t ɨ t̚ t ɛ l ə ɾ̃ ə ɹ ɪ dʒ n̩ l̩ f ɚ m ə f ɔ ɹ d̚ dʒ ɚ i 
/home/isaac/Projects/Thesis/data/timit/data/TRAIN/DR7/MBML0/SI1799.WAV,h# hh ih sh er sh er w ah z ix n th ux z iy ae s t ix kcl k dh ih s tcl t ay m h#, h ɪ ʃ ɝ ʃ ɝ w ʌ z ɨ n θ ʉ z i æ s t ɨ k̚ k ð ɪ s t̚ t aɪ m 
/home/isaac/Projects/Thesis/data/timit/data/TRAIN/DR7/MBML0/SX179.WAV,h# w ix kcl k uh dcl b eh r l ix s iy dh ix f y ao r dcl s th r uw dh ax s epi n ow f l er ix s h#, w ɨ k̚ k ʊ d̚ b ɛ ɹ l ɨ s i ð ɨ f j ɔ ɹ d̚ s θ ɹ u ð ə s  n oʊ f l ɝ ɨ s 
/home/isaac/Projects/Thesis/data/timit/data/TRAIN/DR7/MBML0/SX449.WAV,h# r ae l f pcl p axr pcl p eh r dcl d r eh dcl s epi n ae pcl axr w ax th f r eh sh epi l eh m ix n s ao s f axr dcl d ih nx axr h#, ɹ æ l f p̚ p ɚ p̚ p ɛ ɹ d̚ d ɹ ɛ d̚ s  n æ p̚ ɚ w ə θ f ɹ ɛ ʃ  l ɛ m ɨ n s ɔ s f ɚ d̚ d ɪ ɾ̃ ɚ 
/home/isaac/Projects/Thesis/data/timit/data/TRAIN/DR7/MBML0/SX359.WAV,h# dh ax s ih s tcl t ix m ey bcl b r ey kcl d aw n s ux n pau s ax s ey v y er f ay l z f r iy kcl k w ix n q l iy h#, ð ə s ɪ s t̚ t ɨ m eɪ b̚ b ɹ eɪ k̚ d aʊ n s ʉ n  s ə s eɪ v j ɝ f aɪ l z f ɹ i k̚ k w ɨ n ʔ l i 
/home/isaac/Projects/Thesis/data/timit/data/TRAIN/DR7/MKLR0/SX69.WAV,h# q iy tcl ch axr r ey z en z aw tcl d ao r z ao n ax pcl p ao r tcl ch s tcl t eh pcl s h#, ʔ i t̚ tʃ ɚ ɹ eɪ z n̩ z aʊ t̚ d ɔ ɹ z ɔ n ə p̚ p ɔ ɹ t̚ tʃ s t̚ t ɛ p̚ s 
/home/isaac/Projects/Thesis/data/timit/data/TRAIN/DR7/MKLR0/SI2319.WAV,h# m ey v ih dh eh r dcl d ah l ih v r ih ng n ix dcl d eh s kcl n aw h#, m eɪ v ɪ ð ɛ ɹ d̚ d ʌ l ɪ v ɹ ɪ ŋ n ɨ d̚ d ɛ s k̚ n aʊ 
/home/isaac/Projects/Thesis/data/timit/data/TRAIN/DR7/MKLR0/SX249.WAV,h# q ay ey dx eh v r iy q oy s tcl ch axr ao n ao r ix z pcl p l ey tcl t h#, ʔ aɪ eɪ ɾ ɛ v ɹ i ʔ ɔɪ s t̚ tʃ ɚ ɔ n ɔ ɹ ɨ z p̚ p l eɪ t̚ t 
/home/isaac/Projects/Thesis/data/timit/data/TRAIN/DR7/MKLR0/SI1059.WAV,h# dh ix n ow l ih dx el ax bcl b ae tcl dh axr m ix sh ih n axr r ix bcl b ix y aa n m ix kcl k ae nx ix kcl k el dcl d iy tcl t eh l epi z h#, ð ɨ n oʊ l ɪ ɾ l̩ ə b̚ b æ t̚ ð ɚ m ɨ ʃ ɪ n ɚ ɹ ɨ b̚ b ɨ j ɑ n m ɨ k̚ k æ ɾ̃ ɨ k̚ k l̩ d̚ d i t̚ t ɛ l  z 
/home/isaac/Projects/Thesis/data/timit/data/TRAIN/DR7/MKLR0/SI1689.WAV,h# dh eh n hv ih hv er dcl dh iy aw dx axr dcl d ao r kcl k l ow z ix ng h#, ð ɛ n ɦ ɪ ɦ ɝ d̚ ð i aʊ ɾ ɚ d̚ d ɔ ɹ k̚ k l oʊ z ɨ ŋ 
/home/isaac/Projects/Thesis/data/timit/data/TRAIN/DR7/MKLR0/SX429.WAV,h# t ux th pcl p ey s tcl t ux bcl sh ax-h bcl b iy s kcl k w iy z f r em n ax bcl b aa dx ax m h#, t ʉ θ p̚ p eɪ s t̚ t ʉ b̚ ʃ ə̥ b̚ b i s k̚ k w i z f ɹ m̩ n ə b̚ b ɑ ɾ ə m 
/home/isaac/Projects/Thesis/data/timit/data/TRAIN/DR7/MKLR0/SX339.WAV,h# d ax-h dcl sh aa n kcl k eh tcl ch s eh bcl b ih gcl g ux s w ax-h th aw q hh eh l pcl p h#, d ə̥ d̚ ʃ ɑ n k̚ k ɛ t̚ tʃ s ɛ b̚ b ɪ ɡ̚ ɡ ʉ s w ə̥ θ aʊ ʔ h ɛ l p̚ p 
/home/isaac/Projects/Thesis/data/timit/data/TRAIN/DR7/MKLR0/SX159.WAV,h# th ax-h gcl g ah r m ix tcl s aa dx aa th r ix z ey sh epi en ix v ix s ix dx ix s en tcl sh ix pcl h#, θ ə̥ ɡ̚ ɡ ʌ ɹ m ɨ t̚ s ɑ ɾ ɑ θ ɹ ɨ z eɪ ʃ  n̩ ɨ v ɨ s ɨ ɾ ɨ s n̩ t̚ ʃ ɨ p̚ 
/home/isaac/Projects/Thesis/data/timit/data/TRAIN/DR7/MBTH0/SI505.WAV,h# dh ih s eh kcl k s l ih n t f ao axr n bcl b aa m tcl t ey kcl k s ow n l ix s ih kcl k s h#, ð ɪ s ɛ k̚ k s l ɪ n t f ɔ ɚ n b̚ b ɑ m t̚ t eɪ k̚ k s oʊ n l ɨ s ɪ k̚ k s 
/home/isaac/Projects/Thesis/data/timit/data/TRAIN/DR7/MBTH0/SI2102.WAV,h# hh iy m ey n aa q r ay z tcl t ix dh ax hv ay tcl s pau b ah dx iy kcl k ix ng gcl g eh q bcl b ay pau q ix nx iy v eh n ch ix l iy pau b iy r iy tcl t ay axr dcl d h#, h i m eɪ n ɑ ʔ ɹ aɪ z t̚ t ɨ ð ə ɦ aɪ t̚ s  b ʌ ɾ i k̚ k ɨ ŋ ɡ̚ ɡ ɛ ʔ b̚ b aɪ  ʔ ɨ ɾ̃ i v ɛ n tʃ ɨ l i  b i ɹ i t̚ t aɪ ɚ d̚ d 
/home/isaac/Projects/Thesis/data/timit/data/TRAIN/DR7/MBTH0/SX392.WAV,h# ax y ah ng m aw s kcl k ae m pcl p er dx ix kcl k r ao s ax f iy l dcl d ix n dcl d ih s ax pcl p ih er dcl d h#, ə j ʌ ŋ m aʊ s k̚ k æ m p̚ p ɝ ɾ ɨ k̚ k ɹ ɔ s ə f i l d̚ d ɨ n d̚ d ɪ s ə p̚ p ɪ ɝ d̚ d 
/home/isaac/Projects/Thesis/data/timit/data/TRAIN/DR7/MBTH0/SX212.WAV,h# hh ay gcl g ey dh ax m s eh v r el tcl ch oy s ih z q ax n l eh tcl dh ix m s eh tcl dh ax pcl p r ay er r axr dx iy s h#, h aɪ ɡ̚ ɡ eɪ ð ə m s ɛ v ɹ l̩ t̚ tʃ ɔɪ s ɪ z ʔ ə n l ɛ t̚ ð ɨ m s ɛ t̚ ð ə p̚ p ɹ aɪ ɝ ɹ ɚ ɾ i s 
/home/isaac/Projects/Thesis/data/timit/data/TRAIN/DR7/MBTH0/SX302.WAV,h# t ow f uw q ih z m ey dcl d f r em pcl p r aa s eh s oy bcl b iy n tcl t s h#, t oʊ f u ʔ ɪ z m eɪ d̚ d f ɹ m̩ p̚ p ɹ ɑ s ɛ s ɔɪ b̚ b i n t̚ t s 
/home/isaac/Projects/Thesis/data/timit/data/TRAIN/DR7/MBTH0/SI757.WAV,h# s tcl t ow n w eh r kcl k l ey f axr tcl t ay el s h#, s t̚ t oʊ n w ɛ ɹ k̚ k l eɪ f ɚ t̚ t aɪ l̩ s 
/home/isaac/Projects/Thesis/data/timit/data/TRAIN/DR7/MBTH0/SX32.WAV,h# ix tcl s f ah n tcl t axr r ow s epi m aa r sh epi m eh l ow z ah nx ax gcl g ae s bcl b er nx axr h#, ɨ t̚ s f ʌ n t̚ t ɚ ɹ oʊ s  m ɑ ɹ ʃ  m ɛ l oʊ z ʌ ɾ̃ ə ɡ̚ ɡ æ s b̚ b ɝ ɾ̃ ɚ 
/home/isaac/Projects/Thesis/data/timit/data/TRAIN/DR7/MBTH0/SX122.WAV,h# ix n s ay kcl k l ax pcl p iy dx iy ix s eh l dcl d ax m pcl p r iy z eh n q pau ae nx ih kcl d ow dx el q eh v ix dx ix n tcl s h#, ɨ n s aɪ k̚ k l ə p̚ p i ɾ i ɨ s ɛ l d̚ d ə m p̚ p ɹ i z ɛ n ʔ  æ ɾ̃ ɪ k̚ d oʊ ɾ l̩ ʔ ɛ v ɨ ɾ ɨ n t̚ s 
/home/isaac/Projects/Thesis/data/timit/data/TRAIN/DR7/FSPM0/SI1871.WAV,h# dh ix gcl g axr r ih l ah bcl b ih v uw w ae kcl k r iy m ey n dcl d s ay l eh n tcl t h#, ð ɨ ɡ̚ ɡ ɚ ɹ ɪ l ʌ b̚ b ɪ v u w æ k̚ k ɹ i m eɪ n d̚ d s aɪ l ɛ n t̚ t 
/home/isaac/Projects/Thesis/data/timit/data/TRAIN/DR7/FSPM0/SX431.WAV,h# dh ax f ih th dcl jh aa r kcl k en tcl t ey n z bcl b ih gcl jh ux s iy pcl p iy tcl ch ix z h#, ð ə f ɪ θ d̚ dʒ ɑ ɹ k̚ k n̩ t̚ t eɪ n z b̚ b ɪ ɡ̚ dʒ ʉ s i p̚ p i t̚ tʃ ɨ z 
/home/isaac/Projects/Thesis/data/timit/data/TRAIN/DR7/FSPM0/SX71.WAV,h# p ao r kcl k y ux pcl p ay n z r iy z eh m bcl b el s iy y er tcl ch ix n z h#, p ɔ ɹ k̚ k j ʉ p̚ p aɪ n z ɹ i z ɛ m b̚ b l̩ s i j ɝ t̚ tʃ ɨ n z 
/home/isaac/Projects/Thesis/data/timit/data/TRAIN/DR7/FSPM0/SI1241.WAV,h# q ih n m eh nx iy ah v hv ix z pcl p ow ax m z pau d eh th kcl k ah m z bcl b ay tcl t r ey n pau q ey s tcl t r ao ng l iy q iy v aa kcl k ix dx ix v ih zh uw ax l ih m ix dcl jh h#, ʔ ɪ n m ɛ ɾ̃ i ʌ v ɦ ɨ z p̚ p oʊ ə m z  d ɛ θ k̚ k ʌ m z b̚ b aɪ t̚ t ɹ eɪ n  ʔ eɪ s t̚ t ɹ ɔ ŋ l i ʔ i v ɑ k̚ k ɨ ɾ ɨ v ɪ ʒ u ə l ɪ m ɨ d̚ dʒ 
/home/isaac/Projects/Thesis/data/timit/data/TRAIN/DR7/FSPM0/SX251.WAV,h# w iy ax pcl p l ay q ao dx ax tcl t ao r iy m aa dx el ih ng pau t ux kcl k em pcl p y ux dx axr s pcl p iy tcl ch epi r eh kcl k ix gcl n ih sh ix n h#, w i ə p̚ p l aɪ ʔ ɔ ɾ ə t̚ t ɔ ɹ i m ɑ ɾ l̩ ɪ ŋ  t ʉ k̚ k m̩ p̚ p j ʉ ɾ ɚ s p̚ p i t̚ tʃ  ɹ ɛ k̚ k ɨ ɡ̚ n ɪ ʃ ɨ n 
/home/isaac/Projects/Thesis/data/timit/data/TRAIN/DR7/FSPM0/SX341.WAV,h# dh ax hv ay s ix kcl k y er dx iy pcl p r ih z ix n w ax s axr r aw n dcl d ix dcl b ay bcl b aa r bcl d w ay axr h#, ð ə ɦ aɪ s ɨ k̚ k j ɝ ɾ i p̚ p ɹ ɪ z ɨ n w ə s ɚ ɹ aʊ n d̚ d ɨ d̚ b aɪ b̚ b ɑ ɹ b̚ d w aɪ ɚ 
/home/isaac/Projects/Thesis/data/timit/data/TRAIN/DR7/FSPM0/SI611.WAV,h# w eh l pau n aw w iy hv ae v tcl t ux bcl b ih gcl g th iy ix dx axr z h#, w ɛ l  n aʊ w i ɦ æ v t̚ t ʉ b̚ b ɪ ɡ̚ ɡ θ i ɨ ɾ ɚ z 
/home/isaac/Projects/Thesis/data/timit/data/TRAIN/DR7/FSPM0/SX161.WAV,h# ae z ax pcl p r ix kcl k ao sh ix n pau dh iy aw tcl l ao z bcl b ao tcl g ah n pcl p aw dx axr f ao r dh axr s tcl t r ao ng hv ow l dcl d h#, æ z ə p̚ p ɹ ɨ k̚ k ɔ ʃ ɨ n  ð i aʊ t̚ l ɔ z b̚ b ɔ t̚ ɡ ʌ n p̚ p aʊ ɾ ɚ f ɔ ɹ ð ɚ s t̚ t ɹ ɔ ŋ ɦ oʊ l d̚ d 
/home/isaac/Projects/Thesis/data/timit/data/TRAIN/DR7/FPAC0/SX31.WAV,h# q ey gcl g uh dcl q ae dx ih tcl t ux dcl d ix z q ah n bcl b iy tcl t ix bcl b el h#, ʔ eɪ ɡ̚ ɡ ʊ d̚ ʔ æ ɾ ɪ t̚ t ʉ d̚ d ɨ z ʔ ʌ n b̚ b i t̚ t ɨ b̚ b l̩ 
/home/isaac/Projects/Thesis/data/timit/data/TRAIN/DR7/FPAC0/SX121.WAV,h# t r eh s pcl p ae s iy ng ih z f ao r bcl b ih dcl en q ix n s ah bcl jh ix kcl t ix pcl p eh n el tcl t iy h#, t ɹ ɛ s p̚ p æ s i ŋ ɪ z f ɔ ɹ b̚ b ɪ d̚ n̩ ʔ ɨ n s ʌ b̚ dʒ ɨ k̚ t ɨ p̚ p ɛ n l̩ t̚ t i 
/home/isaac/Projects/Thesis/data/timit/data/TRAIN/DR7/FPAC0/SX211.WAV,h# q ow n l iy dh ax bcl b eh s tcl p l ey axr z ix n dcl jh oy pcl p aa pcl p y ix l eh axr dx iy h#, ʔ oʊ n l i ð ə b̚ b ɛ s t̚ p l eɪ ɚ z ɨ n d̚ dʒ ɔɪ p̚ p ɑ p̚ p j ɨ l ɛ ɚ ɾ i 
/home/isaac/Projects/Thesis/data/timit/data/TRAIN/DR7/FPAC0/SI1921.WAV,h# q eh n d hv ix z epi r eh l ix tcl t ix v l iy s m ao l hv ae n d z ix n f iy tcl g ey v hh ix m ix n q aa l m ow s tcl t pau d eh l ix kcl k ix tcl t ix pcl p ih r ix n tcl s h#, ʔ ɛ n d ɦ ɨ z  ɹ ɛ l ɨ t̚ t ɨ v l i s m ɔ l ɦ æ n d z ɨ n f i t̚ ɡ eɪ v h ɨ m ɨ n ʔ ɑ l m oʊ s t̚ t  d ɛ l ɨ k̚ k ɨ t̚ t ɨ p̚ p ɪ ɹ ɨ n t̚ s 
/home/isaac/Projects/Thesis/data/timit/data/TRAIN/DR7/FPAC0/SI2011.WAV,h# ae q l iy s tcl t pau dh ax w ih l z dcl d ah gcl g ih n h#, æ ʔ l i s t̚ t  ð ə w ɪ l z d̚ d ʌ ɡ̚ ɡ ɪ n 
/home/isaac/Projects/Thesis/data/timit/data/TRAIN/DR7/FPAC0/SX391.WAV,h# dh ey q ao l ay kcl k l ao ng hv aa tcl t sh aw axr s h#, ð eɪ ʔ ɔ l aɪ k̚ k l ɔ ŋ ɦ ɑ t̚ t ʃ aʊ ɚ s 
/home/isaac/Projects/Thesis/data/timit/data/TRAIN/DR7/FPAC0/SX301.WAV,h# w iy l ay kcl b l ux tcl ch iy z bcl b ax tcl v ih kcl t axr pcl p r iy f er z pau s w ih s tcl ch iy z h#, w i l aɪ k̚ b l ʉ t̚ tʃ i z b̚ b ə t̚ v ɪ k̚ t ɚ p̚ p ɹ i f ɝ z  s w ɪ s t̚ tʃ i z 
/home/isaac/Projects/Thesis/data/timit/data/TRAIN/DR7/FPAC0/SI661.WAV,h# d eh th r ix m ay n z m ae n q ah v ix s ih n pau b ah dx ix q r ix m ay n dcl z hv em q ao l s ow v ix z tcl t r ae n s iy ix n tcl s h#, d ɛ θ ɹ ɨ m aɪ n z m æ n ʔ ʌ v ɨ s ɪ n  b ʌ ɾ ɨ ʔ ɹ ɨ m aɪ n d̚ z ɦ m̩ ʔ ɔ l s oʊ v ɨ z t̚ t ɹ æ n s i ɨ n t̚ s 
/home/isaac/Projects/Thesis/data/timit/data/TRAIN/DR7/MCLK0/SX400.WAV,h# jh ih s dcl d r aa pcl n ow dx ih s ax z q eh n q ih n iy s ix gcl jh ah sh ax n bcl b aa kcl k s h#, dʒ ɪ s d̚ d ɹ ɑ p̚ n oʊ ɾ ɪ s ə z ʔ ɛ n ʔ ɪ n i s ɨ ɡ̚ dʒ ʌ ʃ ə n b̚ b ɑ k̚ k s 
/home/isaac/Projects/Thesis/data/timit/data/TRAIN/DR7/MCLK0/SX310.WAV,h# dh ih hh uh dx ah v dh ih dcl jh iy pcl p w ih s tcl t iy m ih ng ix n ah hh aa tcl s ah n h#, ð ɪ h ʊ ɾ ʌ v ð ɪ d̚ dʒ i p̚ p w ɪ s t̚ t i m ɪ ŋ ɨ n ʌ h ɑ t̚ s ʌ n 
/home/isaac/Projects/Thesis/data/timit/data/TRAIN/DR7/MCLK0/SX40.WAV,h# s tcl t ih m y ix l ey dx ih ng dcl d ix s kcl k ah sh ih n z kcl k iy pcl p s tcl t ux dcl en tcl s ah tcl t eh n tcl t sh ax n h#, s t̚ t ɪ m j ɨ l eɪ ɾ ɪ ŋ d̚ d ɨ s k̚ k ʌ ʃ ɪ n z k̚ k i p̚ p s t̚ t ʉ d̚ n̩ t̚ s ʌ t̚ t ɛ n t̚ t ʃ ə n 
/home/isaac/Projects/Thesis/data/timit/data/TRAIN/DR7/MCLK0/SI1660.WAV,h# dh ix kcl k aa er dcl d ao r kcl k r ae sh ah q h#, ð ɨ k̚ k ɑ ɝ d̚ d ɔ ɹ k̚ k ɹ æ ʃ ʌ ʔ 
/home/isaac/Projects/Thesis/data/timit/data/TRAIN/DR7/MCLK0/SX130.WAV,h# hh iy ih tcl t f ao r q eh kcl k sh tcl t r eh gcl g z f axr bcl b r eh kcl k f ah s tcl t h#, h i ɪ t̚ t f ɔ ɹ ʔ ɛ k̚ k ʃ t̚ t ɹ ɛ ɡ̚ ɡ z f ɚ b̚ b ɹ ɛ k̚ k f ʌ s t̚ t 
/home/isaac/Projects/Thesis/data/timit/data/TRAIN/DR7/MCLK0/SI2290.WAV,h# hh eh m bcl b ix gcl y ux ix dx iy q eh r ay z ax z w ax n ix pcl p r ow n aw n q ih tcl pau k eh r ix z ax tcl t ux f ao l dcl r eh f r ix n tcl s h#, h ɛ m b̚ b ɨ ɡ̚ j ʉ ɨ ɾ i ʔ ɛ ɹ aɪ z ə z w ə n ɨ p̚ p ɹ oʊ n aʊ n ʔ ɪ t̚  k ɛ ɹ ɨ z ə t̚ t ʉ f ɔ l d̚ ɹ ɛ f ɹ ɨ n t̚ s 
/home/isaac/Projects/Thesis/data/timit/data/TRAIN/DR7/MCLK0/SX220.WAV,h# dh ix m ow s tcl t r iy s eh n tcl jh ih el aa dcl jh ix kcl k el s er v ey f aw n dcl s ay z epi m ix kcl k ae kcl t ih v ix dx iy h#, ð ɨ m oʊ s t̚ t ɹ i s ɛ n t̚ dʒ ɪ l̩ ɑ d̚ dʒ ɨ k̚ k l̩ s ɝ v eɪ f aʊ n d̚ s aɪ z  m ɨ k̚ k æ k̚ t ɪ v ɨ ɾ i 
/home/isaac/Projects/Thesis/data/timit/data/TRAIN/DR7/MCLK0/SI650.WAV,h# dh ax f ae tcl m ae n ax hh ae z tcl t r ah bcl b el bcl b ay ix ng l ay f en tcl t sh axr en tcl s q ao r hh ae z tcl t pcl p ey hh ay axr pcl p r iy m iy ix m z h#, ð ə f æ t̚ m æ n ə h æ z t̚ t ɹ ʌ b̚ b l̩ b̚ b aɪ ɨ ŋ l aɪ f n̩ t̚ t ʃ ɚ n̩ t̚ s ʔ ɔ ɹ h æ z t̚ t p̚ p eɪ h aɪ ɚ p̚ p ɹ i m i ɨ m z 
/home/isaac/Projects/Thesis/data/timit/data/TRAIN/DR7/MCRE0/SI1725.WAV,h# w ao r n th r ux eh tcl dh ix n iy z h#, w ɔ ɹ n θ ɹ ʉ ɛ t̚ ð ɨ n i z 
/home/isaac/Projects/Thesis/data/timit/data/TRAIN/DR7/MCRE0/SX131.WAV,h# w iy pcl p l ae n tcl t ux bcl b ih l dx ah n ux bcl b eh v r ix dcl jh pcl p l ae n tcl h#, w i p̚ p l æ n t̚ t ʉ b̚ b ɪ l ɾ ʌ n ʉ b̚ b ɛ v ɹ ɨ d̚ dʒ p̚ p l æ n t̚ 
/home/isaac/Projects/Thesis/data/timit/data/TRAIN/DR7/MCRE0/SX41.WAV,h# eh dx ih kcl k ih tcl m ae n dcl d ey tcl s kcl k em pcl p l ay ix n s w ix th ix gcl z ih s tcl t ix n r eh gcl g y ix l ey sh en s h#, ɛ ɾ ɪ k̚ k ɪ t̚ m æ n d̚ d eɪ t̚ s k̚ k m̩ p̚ p l aɪ ɨ n s w ɨ θ ɨ ɡ̚ z ɪ s t̚ t ɨ n ɹ ɛ ɡ̚ ɡ j ɨ l eɪ ʃ n̩ s 
/home/isaac/Projects/Thesis/data/timit/data/TRAIN/DR7/MCRE0/SX24.WAV,h# ao dh ow ao w ax z ax l ow n pau w iy s er v ay v h#, ɔ ð oʊ ɔ w ə z ə l oʊ n  w i s ɝ v aɪ v 
/home/isaac/Projects/Thesis/data/timit/data/TRAIN/DR7/MCRE0/SX401.WAV,h# dh ix tcl t ae kcl k s iy kcl k ae bcl b r ow kcl d aw nx ix n kcl k ao z ax tcl t r ae f ix kcl jh ae m h#, ð ɨ t̚ t æ k̚ k s i k̚ k æ b̚ b ɹ oʊ k̚ d aʊ ɾ̃ ɨ n k̚ k ɔ z ə t̚ t ɹ æ f ɨ k̚ dʒ æ m 
/home/isaac/Projects/Thesis/data/timit/data/TRAIN/DR7/MCRE0/SI1751.WAV,h# w ah n m ao r m ah dx el hv eh dx ih dcl p l ey l ay kcl k dh ae w ah n ih n dh ey dcl b iy l iy dx iy ng hv ih m ax w ey h#, w ʌ n m ɔ ɹ m ʌ ɾ l̩ ɦ ɛ ɾ ɪ d̚ p l eɪ l aɪ k̚ k ð æ w ʌ n ɪ n ð eɪ d̚ b i l i ɾ i ŋ ɦ ɪ m ə w eɪ 
/home/isaac/Projects/Thesis/data/timit/data/TRAIN/DR7/MCRE0/SX221.WAV,h# k ao r iy ix tcl t ae kcl dh ax-h pcl p r aa dcl jh eh kcl uh dh eh kcl s tcl t r ix dcl d ax-h tcl t axr m ix n ey sh en h#, k ɔ ɹ i ɨ t̚ t æ k̚ ð ə̥ p̚ p ɹ ɑ d̚ dʒ ɛ k̚ ʊ ð ɛ k̚ s t̚ t ɹ ɨ d̚ d ə̥ t̚ t ɚ m ɨ n eɪ ʃ n̩ 
/home/isaac/Projects/Thesis/data/timit/data/TRAIN/DR7/MCRE0/SI1121.WAV,h# ix n iy dh er kcl k ey s pau dh ey dx ux nx aa ax pcl p r iy sh ey tcl dh ax-h pcl p r ay v ax tcl d ix tcl t eh kcl k tcl t ih v z iy l h#, ɨ n i ð ɝ k̚ k eɪ s  ð eɪ ɾ ʉ ɾ̃ ɑ ə p̚ p ɹ i ʃ eɪ t̚ ð ə̥ p̚ p ɹ aɪ v ə t̚ d ɨ t̚ t ɛ k̚ k t̚ t ɪ v z i l 
/home/isaac/Projects/Thesis/data/timit/data/TRAIN/DR7/MTER0/SI1787.WAV,h# ih tcl s pcl p axr hv ae pcl p s ax m ay l f em hv ih axr w eh r w iy s ix tcl h#, ɪ t̚ s p̚ p ɚ ɦ æ p̚ p s ə m aɪ l f m̩ ɦ ɪ ɚ w ɛ ɹ w i s ɨ t̚ 
/home/isaac/Projects/Thesis/data/timit/data/TRAIN/DR7/MTER0/SX77.WAV,h# b ae gcl p ay pcl p s ix n dcl b aa ng g ow z er m y ux z ix kcl k el ih n s tcl t axr m ix n tcl s h#, b æ ɡ̚ p aɪ p̚ p s ɨ n d̚ b ɑ ŋ ɡ oʊ z ɝ m j ʉ z ɨ k̚ k l̩ ɪ n s t̚ t ɚ m ɨ n t̚ s 
/home/isaac/Projects/Thesis/data/timit/data/TRAIN/DR7/MTER0/SI527.WAV,h# dh ax bcl b uw s tcl t ix z hh eh l pcl f el pau b ah dx ih n ae dx ix kcl k w ix tcl h#, ð ə b̚ b u s t̚ t ɨ z h ɛ l p̚ f l̩  b ʌ ɾ ɪ n æ ɾ ɨ k̚ k w ɨ t̚ 
/home/isaac/Projects/Thesis/data/timit/data/TRAIN/DR7/MTER0/SX437.WAV,h# dh ih y ux z dcl d ih n ih gcl g r eh s ih v pcl p l iy s epi m ix n tcl t ux f l ae gcl th ao q l ix s epi m ow dx axr ix s h#, ð ɪ j ʉ z d̚ d ɪ n ɪ ɡ̚ ɡ ɹ ɛ s ɪ v p̚ p l i s  m ɨ n t̚ t ʉ f l æ ɡ̚ θ ɔ ʔ l ɨ s  m oʊ ɾ ɚ ɨ s 
/home/isaac/Projects/Thesis/data/timit/data/TRAIN/DR7/MTER0/SX257.WAV,h# w iy aa r ow pcl p ix n q eh v r iy m ah n dcl iy q iy v n iy n h#, w i ɑ ɹ oʊ p̚ p ɨ n ʔ ɛ v ɹ i m ʌ n d̚ i ʔ i v n i n 
/home/isaac/Projects/Thesis/data/timit/data/TRAIN/DR7/MTER0/SI1157.WAV,h# b ah tcl k ix n s ih dx er dcl w ix th ih n tcl t eh kcl n ix kcl k el s tcl t r aa nx ax m iy pau ax dcl d ih f axr n tcl p ae dx er n kcl k ix n bcl b iy tcl t r ey s tcl t h#, b ʌ t̚ k ɨ n s ɪ ɾ ɝ d̚ w ɨ θ ɪ n t̚ t ɛ k̚ n ɨ k̚ k l̩ s t̚ t ɹ ɑ ɾ̃ ə m i  ə d̚ d ɪ f ɚ n t̚ p æ ɾ ɝ n k̚ k ɨ n b̚ b i t̚ t ɹ eɪ s t̚ t 
/home/isaac/Projects/Thesis/data/timit/data/TRAIN/DR7/MTER0/SX167.WAV,h# ix m pcl p l oy iy l ey ao s kcl k ow ix n s ay dx ix dcl w ix th ix kcl k ah m pcl p ix nx iy z r iy ao r gcl ix n ix z ey sh en h#, ɨ m p̚ p l ɔɪ i l eɪ ɔ s k̚ k oʊ ɨ n s aɪ ɾ ɨ d̚ w ɨ θ ɨ k̚ k ʌ m p̚ p ɨ ɾ̃ i z ɹ i ɔ ɹ ɡ̚ ɨ n ɨ z eɪ ʃ n̩ 
/home/isaac/Projects/Thesis/data/timit/data/TRAIN/DR7/MTER0/SX17.WAV,h# k aa r l ih v z ih nx ax l ay v l iy hv ow m h#, k ɑ ɹ l ɪ v z ɪ ɾ̃ ə l aɪ v l i ɦ oʊ m 
/home/isaac/Projects/Thesis/data/timit/data/TRAIN/DR7/MTPR0/SX340.WAV,h# d ah kcl k s hh ae v w eh bcl d f iy tcl q ae n dcl k ah l er f el f eh dh axr epi s h#, d ʌ k̚ k s h æ v w ɛ b̚ d f i t̚ ʔ æ n d̚ k ʌ l ɝ f l̩ f ɛ ð ɚ  s 
/home/isaac/Projects/Thesis/data/timit/data/TRAIN/DR7/MTPR0/SI2230.WAV,h# w eh n iy f ay n l iy dcl d ih dcl d ix pau hh iy hh ae dcl t ix dcl d ah kcl k ix z hh eh dcl d kcl k w ih kcl k l iy ax w ey pau q ae z epi dh ix pcl p ih tcl ch kcl k ey m ih n h#, w ɛ n i f aɪ n l i d̚ d ɪ d̚ d ɨ  h i h æ d̚ t ɨ d̚ d ʌ k̚ k ɨ z h ɛ d̚ d k̚ k w ɪ k̚ k l i ə w eɪ  ʔ æ z  ð ɨ p̚ p ɪ t̚ tʃ k̚ k eɪ m ɪ n 
/home/isaac/Projects/Thesis/data/timit/data/TRAIN/DR7/MTPR0/SX70.WAV,h# t ax-h dcl jh y ux iy q y eh tcl h#, t ə̥ d̚ dʒ j ʉ i ʔ j ɛ t̚ 
/home/isaac/Projects/Thesis/data/timit/data/TRAIN/DR7/MTPR0/SX430.WAV,h# dh ow z hh uw aa r n aa tcl p y er eh s tcl s pau y ux z kcl k ae n v eh zh tcl t ax-h bcl b el z epi w eh n m ey kcl k ix ng s tcl t ux h#, ð oʊ z h u ɑ ɹ n ɑ t̚ p j ɝ ɛ s t̚ s  j ʉ z k̚ k æ n v ɛ ʒ t̚ t ə̥ b̚ b l̩ z  w ɛ n m eɪ k̚ k ɨ ŋ s t̚ t ʉ 
/home/isaac/Projects/Thesis/data/timit/data/TRAIN/DR7/MTPR0/SI1600.WAV,h# dh ax th er dcl d kcl k r ah l ih ng m ae n f ao r sh tcl t ix m s eh l f pau ah r eh kcl k tcl t h#, ð ə θ ɝ d̚ d k̚ k ɹ ʌ l ɪ ŋ m æ n f ɔ ɹ ʃ t̚ t ɨ m s ɛ l f  ʌ ɹ ɛ k̚ k t̚ t 
/home/isaac/Projects/Thesis/data/timit/data/TRAIN/DR7/MTPR0/SI506.WAV,h# dh ey pcl p aa l ih sh dcl dh ax w ih n sh ih l dcl d h#, ð eɪ p̚ p ɑ l ɪ ʃ d̚ ð ə w ɪ n ʃ ɪ l d̚ d 
/home/isaac/Projects/Thesis/data/timit/data/TRAIN/DR7/MTPR0/SX160.WAV,h# q ae z kcl k ow ao th er z w iy pcl p r ix z eh n eh dcl d aa r n ux bcl b uh kcl t ix dh aa hh aa dx iy ah dx iy ix n tcl s h#, ʔ æ z k̚ k oʊ ɔ θ ɝ z w i p̚ p ɹ ɨ z ɛ n ɛ d̚ d ɑ ɹ n ʉ b̚ b ʊ k̚ t ɨ ð ɑ h ɑ ɾ i ʌ ɾ i ɨ n t̚ s 
/home/isaac/Projects/Thesis/data/timit/data/TRAIN/DR7/MTPR0/SX250.WAV,h# th bcl b aa s tcl t ix n bcl b ae l ey ow v axr kcl k ey m dh eh r f ah n d ix n sh ao r dx ix dcl jh h#, θ b̚ b ɑ s t̚ t ɨ n b̚ b æ l eɪ oʊ v ɚ k̚ k eɪ m ð ɛ ɹ f ʌ n d ɨ n ʃ ɔ ɹ ɾ ɨ d̚ dʒ 
/home/isaac/Projects/Thesis/data/timit/data/TRAIN/DR7/MPAR0/SX226.WAV,h# s tcl t eh f kcl k uh dcl b eh r l iy hv ae n dcl d el ax s ay kcl k el aa dcl jh ax-h kcl k el tcl t r aa m ax h#, s t̚ t ɛ f k̚ k ʊ d̚ b ɛ ɹ l i ɦ æ n d̚ d l̩ ə s aɪ k̚ k l̩ ɑ d̚ dʒ ə̥ k̚ k l̩ t̚ t ɹ ɑ m ə 
/home/isaac/Projects/Thesis/data/timit/data/TRAIN/DR7/MPAR0/SI2206.WAV,h# n aa tcl g ix dcl l uh kcl k iy m bcl b ix tcl s eh l f kcl k aa v ix dcl d ih n q en w ay s ax-h dh ae dx eh m ey dx axr ix tcl t r ae kcl t ix v h#, n ɑ t̚ ɡ ɨ d̚ l ʊ k̚ k i m b̚ b ɨ t̚ s ɛ l f k̚ k ɑ v ɨ d̚ d ɪ n ʔ n̩ w aɪ s ə̥ ð æ ɾ ɛ m eɪ ɾ ɚ ɨ t̚ t ɹ æ k̚ t ɨ v 
/home/isaac/Projects/Thesis/data/timit/data/TRAIN/DR7/MPAR0/SI1576.WAV,h# w ix bcl b ao th ae dx hv ey ng ow v er z h#, w ɨ b̚ b ɔ θ æ ɾ ɦ eɪ ŋ oʊ v ɝ z 
/home/isaac/Projects/Thesis/data/timit/data/TRAIN/DR7/MPAR0/SI946.WAV,h# hh ae z axr r uw l pcl p aa r tcl t ae m f aa r m axr z hh ay er l ih dx el hh eh l pcl h#, h æ z ɚ ɹ u l p̚ p ɑ ɹ t̚ t æ m f ɑ ɹ m ɚ z h aɪ ɝ l ɪ ɾ l̩ h ɛ l p̚ 
/home/isaac/Projects/Thesis/data/timit/data/TRAIN/DR7/MPAR0/SX316.WAV,h# dh ae tcl d aa gcl g tcl ch ey s ix z kcl k ae tcl t s epi m er s ix l ix s l iy h#, ð æ t̚ d ɑ ɡ̚ ɡ t̚ tʃ eɪ s ɨ z k̚ k æ t̚ t s  m ɝ s ɨ l ɨ s l i 
/home/isaac/Projects/Thesis/data/timit/data/TRAIN/DR7/MPAR0/SX136.WAV,h# s ay n tcl t ih f ix kcl p r aa gcl g r eh s kcl k ah m z f r ah m dh ah dcl d ix v eh l ah pcl m ah n tcl t eh v epi n ux tcl t eh kcl n iy kcl k s h#, s aɪ n t̚ t ɪ f ɨ k̚ p ɹ ɑ ɡ̚ ɡ ɹ ɛ s k̚ k ʌ m z f ɹ ʌ m ð ʌ d̚ d ɨ v ɛ l ʌ p̚ m ʌ n t̚ t ɛ v  n ʉ t̚ t ɛ k̚ n i k̚ k s 
/home/isaac/Projects/Thesis/data/timit/data/TRAIN/DR7/MPAR0/SX46.WAV,h# dh ae tcl p ih kcl p aa kcl k ih q w ax z kcl k aa q r eh dcl d ae n ix dcl h#, ð æ t̚ p ɪ k̚ p ɑ k̚ k ɪ ʔ w ə z k̚ k ɑ ʔ ɹ ɛ d̚ d æ n ɨ d̚ 
/home/isaac/Projects/Thesis/data/timit/data/TRAIN/DR7/MPAR0/SX406.WAV,h# dh axr w ah z ah dcl jh ay gcl g ae nx ih kcl k w aa s pcl n eh kcl k s tcl t ux er v iy ng z bcl b ih gcl t aa pcl hh ae tcl h#, ð ɚ w ʌ z ʌ d̚ dʒ aɪ ɡ̚ ɡ æ ɾ̃ ɪ k̚ k w ɑ s p̚ n ɛ k̚ k s t̚ t ʉ ɝ v i ŋ z b̚ b ɪ ɡ̚ t ɑ p̚ h æ t̚ 
/home/isaac/Projects/Thesis/data/timit/data/TRAIN/DR7/MGSL0/SX264.WAV,h# w iy s ao ey tcl t ay n iy ay s ax-h kcl k el z bcl b el ow aa r uw f h#, w i s ɔ eɪ t̚ t aɪ n i aɪ s ə̥ k̚ k l̩ z b̚ b l̩ oʊ ɑ ɹ u f 
/home/isaac/Projects/Thesis/data/timit/data/TRAIN/DR7/MGSL0/SX174.WAV,h# dh ax hv ao n tcl t ix dcl hv aw s w ax z ix hv ih tcl d ux tcl t ax-h aw tcl s tcl t ae n dcl ih ng ao dx iy ow v ih zh w ax l ax f eh kcl k tcl s h#, ð ə ɦ ɔ n t̚ t ɨ d̚ ɦ aʊ s w ə z ɨ ɦ ɪ t̚ d ʉ t̚ t ə̥ aʊ t̚ s t̚ t æ n d̚ ɪ ŋ ɔ ɾ i oʊ v ɪ ʒ w ə l ə f ɛ k̚ k t̚ s 
/home/isaac/Projects/Thesis/data/timit/data/TRAIN/DR7/MGSL0/SI534.WAV,h# hh iy er n eh s tcl t l iy er dcl jh dcl d ix s iy s f ay er h#, h i ɝ n ɛ s t̚ t l i ɝ d̚ dʒ d̚ d ɨ s i s f aɪ ɝ 
/home/isaac/Projects/Thesis/data/timit/data/TRAIN/DR7/MGSL0/SX354.WAV,h# ax l oy er w ax z ax pcl p oy nx ix t uw eh kcl k s ix k y ux t hh axr w ih l h#, ə l ɔɪ ɝ w ə z ə p̚ p ɔɪ ɾ̃ ɨ t u ɛ k̚ k s ɨ k j ʉ t h ɚ w ɪ l 
/home/isaac/Projects/Thesis/data/timit/data/TRAIN/DR7/MGSL0/SX444.WAV,h# dh ih tcl t aa dcl l er f aw n dcl ix kcl k l ae m sh eh l n ih er dh ix kcl k ae m pcl s ay tcl t h#, ð ɪ t̚ t ɑ d̚ l ɝ f aʊ n d̚ ɨ k̚ k l æ m ʃ ɛ l n ɪ ɝ ð ɨ k̚ k æ m p̚ s aɪ t̚ t 
/home/isaac/Projects/Thesis/data/timit/data/TRAIN/DR7/MGSL0/SI797.WAV,h# dh ix n iy dcl f axr r iy ix pcl p hh ow l s tcl t axr ih ng r iy dcl d eh kcl k axr ey dx ih ng r iy pcl p ey nx ih ng bcl b ix kcl k ah m z m ao r ix n f r iy kcl k w ix n tcl t h#, ð ɨ n i d̚ f ɚ ɹ i ɨ p̚ p h oʊ l s t̚ t ɚ ɪ ŋ ɹ i d̚ d ɛ k̚ k ɚ eɪ ɾ ɪ ŋ ɹ i p̚ p eɪ ɾ̃ ɪ ŋ b̚ b ɨ k̚ k ʌ m z m ɔ ɹ ɨ n f ɹ i k̚ k w ɨ n t̚ t 
/home/isaac/Projects/Thesis/data/timit/data/TRAIN/DR7/MGSL0/SX84.WAV,h# k ow ao pcl p axr ey sh ax n ax l ao ng w ix th ah n dcl d axr s tcl t ae n dcl ih ng ax l iy v iy ey tcl d ix s pcl p y ux tcl t h#, k oʊ ɔ p̚ p ɚ eɪ ʃ ə n ə l ɔ ŋ w ɨ θ ʌ n d̚ d ɚ s t̚ t æ n d̚ ɪ ŋ ə l i v i eɪ t̚ d ɨ s p̚ p j ʉ t̚ t 
/home/isaac/Projects/Thesis/data/timit/data/TRAIN/DR7/MGSL0/SI1164.WAV,h# ah dh ax w ay z dh iy aw q l uh kcl k uh dcl b iy dcl d aa r kcl k ih n dcl d iy dcl d h#, ʌ ð ə w aɪ z ð i aʊ ʔ l ʊ k̚ k ʊ d̚ b i d̚ d ɑ ɹ k̚ k ɪ n d̚ d i d̚ d 
/home/isaac/Projects/Thesis/data/timit/data/TRAIN/DR7/FCJS0/SI2237.WAV,h# b ey s bcl b ao l z epi n ow s ih n tcl ch h#, b eɪ s b̚ b ɔ l z  n oʊ s ɪ n t̚ tʃ 
/home/isaac/Projects/Thesis/data/timit/data/TRAIN/DR7/FCJS0/SI977.WAV,h# n eh kcl k s tcl t hh iy ih dcl d r eh s tcl t hh ix m s eh l f tcl t uw aa r s ow l z h#, n ɛ k̚ k s t̚ t h i ɪ d̚ d ɹ ɛ s t̚ t h ɨ m s ɛ l f t̚ t u ɑ ɹ s oʊ l z 
/home/isaac/Projects/Thesis/data/timit/data/TRAIN/DR7/FCJS0/SI1607.WAV,h# hh iy tcl t r ae v el dx aa l ow v ix dh ax w er l dcl d h#, h i t̚ t ɹ æ v l̩ ɾ ɑ l oʊ v ɨ ð ə w ɝ l d̚ d 
/home/isaac/Projects/Thesis/data/timit/data/TRAIN/DR7/FCJS0/SX347.WAV,h# dh ih pcl p ey sh ih n d ih n dh ax s er dcl jh ih n er bcl b ow th r iy kcl k ux pcl p axr ey dx ih ng f r ax m dh ax l eh ng kcl k th iy q aa pcl p axr ey sh ax n h#, ð ɪ p̚ p eɪ ʃ ɪ n d ɪ n ð ə s ɝ d̚ dʒ ɪ n ɝ b̚ b oʊ θ ɹ i k̚ k ʉ p̚ p ɚ eɪ ɾ ɪ ŋ f ɹ ə m ð ə l ɛ ŋ k̚ k θ i ʔ ɑ p̚ p ɚ eɪ ʃ ə n 
/home/isaac/Projects/Thesis/data/timit/data/TRAIN/DR7/FCJS0/SX77.WAV,h# b ae gcl p ay pcl p s ax n bcl b aa ng gcl g ow z axr m y ux z ix kcl k ax l ih n tcl s tcl t r ix m ax n tcl t s h#, b æ ɡ̚ p aɪ p̚ p s ə n b̚ b ɑ ŋ ɡ̚ ɡ oʊ z ɚ m j ʉ z ɨ k̚ k ə l ɪ n t̚ s t̚ t ɹ ɨ m ə n t̚ t s 
/home/isaac/Projects/Thesis/data/timit/data/TRAIN/DR7/FCJS0/SX437.WAV,h# dh ey y ux z dcl d ix n ix gcl g r eh s ix v pcl p ax l iy s epi m ax n tcl t ax f l ay gcl g th ao q l ax s pau m ow dx er ix s tcl s h#, ð eɪ j ʉ z d̚ d ɨ n ɨ ɡ̚ ɡ ɹ ɛ s ɨ v p̚ p ə l i s  m ə n t̚ t ə f l aɪ ɡ̚ ɡ θ ɔ ʔ l ə s  m oʊ ɾ ɝ ɨ s t̚ s 
/home/isaac/Projects/Thesis/data/timit/data/TRAIN/DR7/FCJS0/SX257.WAV,h# w iy er q ow pcl p ax n q eh v r iy m ah n dcl d iy q iy v n ix ng h#, w i ɝ ʔ oʊ p̚ p ə n ʔ ɛ v ɹ i m ʌ n d̚ d i ʔ i v n ɨ ŋ 
/home/isaac/Projects/Thesis/data/timit/data/TRAIN/DR7/FCJS0/SX167.WAV,h# eh m pcl p l oy iy l ey ao f s kcl k ow ax n s ay dx ix dcl d w ix th ix kcl k ah m pcl p ix n iy z r iy ao r gcl g ix n ix z ey sh ix n h#, ɛ m p̚ p l ɔɪ i l eɪ ɔ f s k̚ k oʊ ə n s aɪ ɾ ɨ d̚ d w ɨ θ ɨ k̚ k ʌ m p̚ p ɨ n i z ɹ i ɔ ɹ ɡ̚ ɡ ɨ n ɨ z eɪ ʃ ɨ n 
/home/isaac/Projects/Thesis/data/timit/data/TRAIN/DR7/FCRZ0/SX253.WAV,h# b ay q iy dx iy ng y ow gcl g er tcl y ix m ey l ih v l ao ng gcl g axr h#, b aɪ ʔ i ɾ i ŋ j oʊ ɡ̚ ɡ ɝ t̚ j ɨ m eɪ l ɪ v l ɔ ŋ ɡ̚ ɡ ɚ 
/home/isaac/Projects/Thesis/data/timit/data/TRAIN/DR7/FCRZ0/SI793.WAV,h# q ey pcl p uw l ih z n ow pcl p l ey s f axr ix sh ah tcl t r ae pcl p h#, ʔ eɪ p̚ p u l ɪ z n oʊ p̚ p l eɪ s f ɚ ɨ ʃ ʌ t̚ t ɹ æ p̚ p 
/home/isaac/Projects/Thesis/data/timit/data/TRAIN/DR7/FCRZ0/SX73.WAV,h# k l ih f s dcl d ih s pcl p l ey w ix z bcl b ix s pcl p l ey s ao n dh s kcl k r iy n h#, k l ɪ f s d̚ d ɪ s p̚ p l eɪ w ɨ z b̚ b ɨ s p̚ p l eɪ s ɔ n ð s k̚ k ɹ i n 
/home/isaac/Projects/Thesis/data/timit/data/TRAIN/DR7/FCRZ0/SI2053.WAV,h# hh ix s ay z ah pcl dh ix s ih tcl ch uh w ey sh en ix n dcl ch uh kcl k ix z hh eh dcl d h#, h ɨ s aɪ z ʌ p̚ ð ɨ s ɪ t̚ tʃ ʊ w eɪ ʃ n̩ ɨ n d̚ tʃ ʊ k̚ k ɨ z h ɛ d̚ d 
/home/isaac/Projects/Thesis/data/timit/data/TRAIN/DR7/FCRZ0/SX343.WAV,h# d ix f r ay q en dcl ch aa l dcl d w ix z dcl jh eh q l ix s ix bcl d ux dcl b ay hv ix z bcl b ih gcl b r ah dh axr h#, d ɨ f ɹ aɪ ʔ n̩ d̚ tʃ ɑ l d̚ d w ɨ z d̚ dʒ ɛ ʔ l ɨ s ɨ b̚ d ʉ d̚ b aɪ ɦ ɨ z b̚ b ɪ ɡ̚ b ɹ ʌ ð ɚ 
/home/isaac/Projects/Thesis/data/timit/data/TRAIN/DR7/FCRZ0/SX163.WAV,h# dh ey r ih m ey n l ay f l ao ng f r eh n dcl d z ix ng kcl k ix m pcl p ae n y ix n epi z h#, ð eɪ ɹ ɪ m eɪ n l aɪ f l ɔ ŋ f ɹ ɛ n d̚ d z ɨ ŋ k̚ k ɨ m p̚ p æ n j ɨ n  z 
/home/isaac/Projects/Thesis/data/timit/data/TRAIN/DR7/FCRZ0/SX433.WAV,h# dh iy ow v axr w ey tcl ch aa r m axr kcl k ix dcl d s l ih pcl p oy z en ih n tcl t ix q ih n iy w ah n z tcl t iy h#, ð i oʊ v ɚ w eɪ t̚ tʃ ɑ ɹ m ɚ k̚ k ɨ d̚ d s l ɪ p̚ p ɔɪ z n̩ ɪ n t̚ t ɨ ʔ ɪ n i w ʌ n z t̚ t i 
/home/isaac/Projects/Thesis/data/timit/data/TRAIN/DR7/FCRZ0/SI1913.WAV,h# dh ix gcl g ah n m ah n aa dcl d ih dcl d s l ih pcl p ix n ix pcl p ix tcl ch axr ix n tcl t ux s bcl b r eh s pcl p aa kcl k ix tcl s ey ix n ah th iy ng h#, ð ɨ ɡ̚ ɡ ʌ n m ʌ n ɑ d̚ d ɪ d̚ d s l ɪ p̚ p ɨ n ɨ p̚ p ɨ t̚ tʃ ɚ ɨ n t̚ t ʉ s b̚ b ɹ ɛ s p̚ p ɑ k̚ k ɨ t̚ s eɪ ɨ n ʌ θ i ŋ 
/home/isaac/Projects/Thesis/data/timit/data/TRAIN/DR7/MWRP0/SX3.WAV,h# dh ih s w ix z iy z iy f axr ah s h#, ð ɪ s w ɨ z i z i f ɚ ʌ s 
/home/isaac/Projects/Thesis/data/timit/data/TRAIN/DR7/MWRP0/SI2073.WAV,h# hh iy r ih pcl d aw n ax s eh l ax f ey n kcl k eh r f el iy pau eh n l ey dcl th r iy dcl d ao gcl g z ah n ax tcl t ix n f oy l h#, h i ɹ ɪ p̚ d aʊ n ə s ɛ l ə f eɪ n k̚ k ɛ ɹ f l̩ i  ɛ n l eɪ d̚ θ ɹ i d̚ d ɔ ɡ̚ ɡ z ʌ n ə t̚ t ɨ n f ɔɪ l 
/home/isaac/Projects/Thesis/data/timit/data/TRAIN/DR7/MWRP0/SX273.WAV,h# dh ix ae ng gcl g r ix bcl b oy ae n s axr dcl b ix tcl d ix q en l uh kcl k ah pcl p h#, ð ɨ æ ŋ ɡ̚ ɡ ɹ ɨ b̚ b ɔɪ æ n s ɚ d̚ b ɨ t̚ d ɨ ʔ n̩ l ʊ k̚ k ʌ p̚ p 
/home/isaac/Projects/Thesis/data/timit/data/TRAIN/DR7/MWRP0/SX93.WAV,h# k ah dx ax s epi m ao l kcl k ao nx axr ao f iy tcl ch eh dcl jh h#, k ʌ ɾ ə s  m ɔ l k̚ k ɔ ɾ̃ ɚ ɔ f i t̚ tʃ ɛ d̚ dʒ 
/home/isaac/Projects/Thesis/data/timit/data/TRAIN/DR7/MWRP0/SX363.WAV,h# dh ix kcl k aw w ah n d axr dcl d f r em dh ax f aa r m l ae n dcl d ax pau q eh n bcl b ix kcl k ey m l ao s tcl t h#, ð ɨ k̚ k aʊ w ʌ n d ɚ d̚ d f ɹ m̩ ð ə f ɑ ɹ m l æ n d̚ d ə  ʔ ɛ n b̚ b ɨ k̚ k eɪ m l ɔ s t̚ t 
/home/isaac/Projects/Thesis/data/timit/data/TRAIN/DR7/MWRP0/SX183.WAV,h# w ay eh l tcl t s epi w ax dcl d ae nx ix ax l aw ah dh axr z tcl t ix gcl g ow h#, w aɪ ɛ l t̚ t s  w ə d̚ d æ ɾ̃ ɨ ə l aʊ ʌ ð ɚ z t̚ t ɨ ɡ̚ ɡ oʊ 
/home/isaac/Projects/Thesis/data/timit/data/TRAIN/DR7/MWRP0/SI1443.WAV,h# dh ix kcl k aa m pcl p aw n z axr dx ix v ay dx ix dx ix kcl k ao r dx ih ng tcl t ux kcl k aa m pcl p ax z ih sh en ix n dcl d ix s eh v ax n kcl k ae dx ix gcl g ao r ix z h#, ð ɨ k̚ k ɑ m p̚ p aʊ n z ɚ ɾ ɨ v aɪ ɾ ɨ ɾ ɨ k̚ k ɔ ɹ ɾ ɪ ŋ t̚ t ʉ k̚ k ɑ m p̚ p ə z ɪ ʃ n̩ ɨ n d̚ d ɨ s ɛ v ə n k̚ k æ ɾ ɨ ɡ̚ ɡ ɔ ɹ ɨ z 
/home/isaac/Projects/Thesis/data/timit/data/TRAIN/DR7/MWRP0/SI1525.WAV,h# m ey bcl iy dh ey aa r axr dx iy gcl g aa dx ax m h#, m eɪ b̚ i ð eɪ ɑ ɹ ɚ ɾ i ɡ̚ ɡ ɑ ɾ ə m 
/home/isaac/Projects/Thesis/data/timit/data/TRAIN/DR4/FKDW0/SX397.WAV,h# t ih m tcl t ey kcl k sh iy l ah tcl t ix s iy m ux v iy z tcl t w ay s ax w iy kcl k h#, t ɪ m t̚ t eɪ k̚ k ʃ i l ʌ t̚ t ɨ s i m ʉ v i z t̚ t w aɪ s ə w i k̚ k 
/home/isaac/Projects/Thesis/data/timit/data/TRAIN/DR4/FKDW0/SX307.WAV,h# dh ax m iy dx ix ng ih z n aw ax dcl jh er n dcl d h#, ð ə m i ɾ ɨ ŋ ɪ z n aʊ ə d̚ dʒ ɝ n d̚ d 
/home/isaac/Projects/Thesis/data/timit/data/TRAIN/DR4/FKDW0/SX37.WAV,h# k r ih dx ix kcl k el iy kcl k w ih q m eh q n iy dcl z pcl p r aa pcl p axr m ey q n ix n tcl s h#, k ɹ ɪ ɾ ɨ k̚ k l̩ i k̚ k w ɪ ʔ m ɛ ʔ n i d̚ z p̚ p ɹ ɑ p̚ p ɚ m eɪ ʔ n ɨ n t̚ s 
/home/isaac/Projects/Thesis/data/timit/data/TRAIN/DR4/FKDW0/SI577.WAV,h# sh iy kcl k ix n dcl d ix kcl k r iy s dh ax n ah m bcl b er ix v tcl t eh m pcl p tcl t ey sh en z hv h#, ʃ i k̚ k ɨ n d̚ d ɨ k̚ k ɹ i s ð ə n ʌ m b̚ b ɝ ɨ v t̚ t ɛ m p̚ p t̚ t eɪ ʃ n̩ z ɦ 
/home/isaac/Projects/Thesis/data/timit/data/TRAIN/DR4/FKDW0/SX127.WAV,h# dh iy q eh m pcl p er hv eh dx ax m iy n tcl t eh m pcl p axr h#, ð i ʔ ɛ m p̚ p ɝ ɦ ɛ ɾ ə m i n t̚ t ɛ m p̚ p ɚ 
/home/isaac/Projects/Thesis/data/timit/data/TRAIN/DR4/FKDW0/SX217.WAV,h# hh aw pcl p er m ix n eh q aa r dh eh r eh kcl k axr dcl s h#, h aʊ p̚ p ɝ m ɨ n ɛ ʔ ɑ ɹ ð ɛ ɹ ɛ k̚ k ɚ d̚ s 
/home/isaac/Projects/Thesis/data/timit/data/TRAIN/DR4/FKDW0/SI1891.WAV,h# hh ih z ay z epi w axr dcl d aa r kcl pau f l uw ix dcl d pau f ih r f el pau eh n iy gcl g ey v ix s ay eh z m aa n ay f w ix n ih ax n h#, h ɪ z aɪ z  w ɚ d̚ d ɑ ɹ k̚  f l u ɨ d̚ d  f ɪ ɹ f l̩  ɛ n i ɡ̚ ɡ eɪ v ɨ s aɪ ɛ z m ɑ n aɪ f w ɨ n ɪ ə n 
/home/isaac/Projects/Thesis/data/timit/data/TRAIN/DR4/FKDW0/SI1207.WAV,h# b ah q dh ey w uh dcl r iy kcl k ix n s ih dx er ix tcl t pau dh ey q ih sh er dcl d hv ih m q ih f hh iy w uh dcl r iy r ay dx ix tcl h#, b ʌ ʔ ð eɪ w ʊ d̚ ɹ i k̚ k ɨ n s ɪ ɾ ɝ ɨ t̚ t  ð eɪ ʔ ɪ ʃ ɝ d̚ d ɦ ɪ m ʔ ɪ f h i w ʊ d̚ ɹ i ɹ aɪ ɾ ɨ t̚ 
/home/isaac/Projects/Thesis/data/timit/data/TRAIN/DR4/MCDR0/SI1784.WAV,h# dh er w ax z ih gcl g r ah n tcl pau k y er ih s l iy q ih nx aa r tcl t ih kcl k ax-h l ix tcl pau l ay kcl dh ae dx ah v ix n q ae nx ax m el ix n pcl p ey n h#, ð ɝ w ə z ɪ ɡ̚ ɡ ɹ ʌ n t̚  k j ɝ ɪ s l i ʔ ɪ ɾ̃ ɑ ɹ t̚ t ɪ k̚ k ə̥ l ɨ t̚  l aɪ k̚ ð æ ɾ ʌ v ɨ n ʔ æ ɾ̃ ə m l̩ ɨ n p̚ p eɪ n 
/home/isaac/Projects/Thesis/data/timit/data/TRAIN/DR4/MCDR0/SX344.WAV,h# q ay n ow ay dcl d ih q en m iy tcl t hh er epi er l ih ix n ah f h#, ʔ aɪ n oʊ aɪ d̚ d ɪ ʔ n̩ m i t̚ t h ɝ  ɝ l ɪ ɨ n ʌ f 
/home/isaac/Projects/Thesis/data/timit/data/TRAIN/DR4/MCDR0/SX74.WAV,h# q ax n ah f ih sh el dcl d eh dx l ay n kcl k ix n aa tcl b iy pcl p ow s tcl p ow n dcl d h#, ʔ ə n ʌ f ɪ ʃ l̩ d̚ d ɛ ɾ l aɪ n k̚ k ɨ n ɑ t̚ b i p̚ p oʊ s t̚ p oʊ n d̚ d 
/home/isaac/Projects/Thesis/data/timit/data/TRAIN/DR4/MCDR0/SX254.WAV,h# d uh dh ey ix l aw q ey th iy ix s en tcl ch er tcl ch h#, d ʊ ð eɪ ɨ l aʊ ʔ eɪ θ i ɨ s n̩ t̚ tʃ ɝ t̚ tʃ 
/home/isaac/Projects/Thesis/data/timit/data/TRAIN/DR4/MCDR0/SI1154.WAV,h# q ow n l ih q ix ng kcl k em pcl p l iy tcl pau q ih m pcl p er f ix kcl k th ih ng z epi m ux v tcl t ao axr dcl z epi w ah tcl dh ey l ae kcl k h#, ʔ oʊ n l ɪ ʔ ɨ ŋ k̚ k m̩ p̚ p l i t̚  ʔ ɪ m p̚ p ɝ f ɨ k̚ k θ ɪ ŋ z  m ʉ v t̚ t ɔ ɚ d̚ z  w ʌ t̚ ð eɪ l æ k̚ k 
/home/isaac/Projects/Thesis/data/timit/data/TRAIN/DR4/MCDR0/SX164.WAV,h# k y er ix aa s ix tcl t iy epi ix m iy dx iy ow kcl k r ix tcl t iy s eh l dcl d ax m kcl k ow ax gcl z ih s tcl h#, k j ɝ ɨ ɑ s ɨ t̚ t i  ɨ m i ɾ i oʊ k̚ k ɹ ɨ t̚ t i s ɛ l d̚ d ə m k̚ k oʊ ə ɡ̚ z ɪ s t̚ 
/home/isaac/Projects/Thesis/data/timit/data/TRAIN/DR4/MCDR0/SX434.WAV,h# iy tcl s tcl t ae gcl g sh er l ih f ay n dcl z ih bcl b ih gcl g f ao n h#, i t̚ s t̚ t æ ɡ̚ ɡ ʃ ɝ l ɪ f aɪ n d̚ z ɪ b̚ b ɪ ɡ̚ ɡ f ɔ n 
/home/isaac/Projects/Thesis/data/timit/data/TRAIN/DR4/MCDR0/SI524.WAV,h# w ix th ih n ax s ih s tcl t ax m hv aw eh v axr epi dh uh tcl t aa nx ah m iy ix v iy tcl ch epi m eh m bcl b axr l ay bcl b r er iy q ix z pcl p axr z er v dcl h#, w ɨ θ ɪ n ə s ɪ s t̚ t ə m ɦ aʊ ɛ v ɚ  ð ʊ t̚ t ɑ ɾ̃ ʌ m i ɨ v i t̚ tʃ  m ɛ m b̚ b ɚ l aɪ b̚ b ɹ ɝ i ʔ ɨ z p̚ p ɚ z ɝ v d̚ 
/home/isaac/Projects/Thesis/data/timit/data/TRAIN/DR4/FEEH0/SX392.WAV,h# ix y ah ng m aw s kcl k ae m pcl p axr dcl d ax kcl k r ao s dh ax f iy l dx ix n dcl d ih s ax pcl p iy er dcl d h#, ɨ j ʌ ŋ m aʊ s k̚ k æ m p̚ p ɚ d̚ d ə k̚ k ɹ ɔ s ð ə f i l ɾ ɨ n d̚ d ɪ s ə p̚ p i ɝ d̚ d 
/home/isaac/Projects/Thesis/data/timit/data/TRAIN/DR4/FEEH0/SX212.WAV,h# ay gcl g ey v dh eh m s eh v r el tcl ch oy s ix z q ax n l eh tcl dh eh m s eh tcl dh ax pcl p r ay ao r axr dx iy z h#, aɪ ɡ̚ ɡ eɪ v ð ɛ m s ɛ v ɹ l̩ t̚ tʃ ɔɪ s ɨ z ʔ ə n l ɛ t̚ ð ɛ m s ɛ t̚ ð ə p̚ p ɹ aɪ ɔ ɹ ɚ ɾ i z 
/home/isaac/Projects/Thesis/data/timit/data/TRAIN/DR4/FEEH0/SI471.WAV,h# s ah dx ax n l iy pau m ay r iy f l eh kcl k s ix z aa r gcl g ao n h#, s ʌ ɾ ə n l i  m aɪ ɹ i f l ɛ k̚ k s ɨ z ɑ ɹ ɡ̚ ɡ ɔ n 
/home/isaac/Projects/Thesis/data/timit/data/TRAIN/DR4/FEEH0/SX302.WAV,h# t ow f ax-h q ih z m ey dcl f r ax m pcl p r aa s eh s oy bcl b iy n z h#, t oʊ f ə̥ ʔ ɪ z m eɪ d̚ f ɹ ə m p̚ p ɹ ɑ s ɛ s ɔɪ b̚ b i n z 
/home/isaac/Projects/Thesis/data/timit/data/TRAIN/DR4/FEEH0/SI1742.WAV,h# w ih th er sh aa r pcl t ah ng sh iy dx ix v kcl k ah dcl hv ix z pcl p aa m pcl ax s n ix s tcl t ax r ih bcl ax n z h#, w ɪ θ ɝ ʃ ɑ ɹ p̚ t ʌ ŋ ʃ i ɾ ɨ v k̚ k ʌ d̚ ɦ ɨ z p̚ p ɑ m p̚ ə s n ɨ s t̚ t ə ɹ ɪ b̚ ə n z 
/home/isaac/Projects/Thesis/data/timit/data/TRAIN/DR4/FEEH0/SX32.WAV,h# ih tcl t s f ah n tcl t ix r ow s tcl m aa r sh m ah l ow z q ax n ix gcl g ae s bcl b er n axr h#, ɪ t̚ t s f ʌ n t̚ t ɨ ɹ oʊ s t̚ m ɑ ɹ ʃ m ʌ l oʊ z ʔ ə n ɨ ɡ̚ ɡ æ s b̚ b ɝ n ɚ 
/home/isaac/Projects/Thesis/data/timit/data/TRAIN/DR4/FEEH0/SI1112.WAV,h# hh iy w ih l s ey dh eh dx aa r kcl k ah n tcl t r iy ix z iy v ix n aw q ah hv aa m aa dcl jh en ax s kcl k em y ux n ix dx iy h#, h i w ɪ l s eɪ ð ɛ ɾ ɑ ɹ k̚ k ʌ n t̚ t ɹ i ɨ z i v ɨ n aʊ ʔ ʌ ɦ ɑ m ɑ d̚ dʒ n̩ ə s k̚ k m̩ j ʉ n ɨ ɾ i 
/home/isaac/Projects/Thesis/data/timit/data/TRAIN/DR4/FEEH0/SX122.WAV,h# ix n s ay kcl k l ax pcl p iy dx iy ah s eh l dx ax m pcl p axr z eh n q ae nx ix kcl d ow dx el q eh v ix dx ix n tcl s h#, ɨ n s aɪ k̚ k l ə p̚ p i ɾ i ʌ s ɛ l ɾ ə m p̚ p ɚ z ɛ n ʔ æ ɾ̃ ɨ k̚ d oʊ ɾ l̩ ʔ ɛ v ɨ ɾ ɨ n t̚ s 
/home/isaac/Projects/Thesis/data/timit/data/TRAIN/DR4/MDCD0/SX335.WAV,h# g ah s ao pcl p aa n tcl t r iy z en r eh dcl w uh dcl d z ow nx ix z w ao kcl k th r uw s ax kcl k oy y ah n ae sh epi en el f ao r ix s tcl t h#, ɡ ʌ s ɔ p̚ p ɑ n t̚ t ɹ i z n̩ ɹ ɛ d̚ w ʊ d̚ d z oʊ ɾ̃ ɨ z w ɔ k̚ k θ ɹ u s ə k̚ k ɔɪ j ʌ n æ ʃ  n̩ l̩ f ɔ ɹ ɨ s t̚ t 
/home/isaac/Projects/Thesis/data/timit/data/TRAIN/DR4/MDCD0/SX65.WAV,h# ch ae l ax n dcl jh iy tcl ch dcl jh eh n ax l z ih n tcl t eh l ah dcl jh en tcl s h#, tʃ æ l ə n d̚ dʒ i t̚ tʃ d̚ dʒ ɛ n ə l z ɪ n t̚ t ɛ l ʌ d̚ dʒ n̩ t̚ s 
/home/isaac/Projects/Thesis/data/timit/data/TRAIN/DR4/MDCD0/SI2045.WAV,h# b ix f ao m ah tcl ch l ao ng axr dh ax m er iy n kcl k w ay dx ih dcl d aw n h#, b ɨ f ɔ m ʌ t̚ tʃ l ɔ ŋ ɚ ð ə m ɝ i n k̚ k w aɪ ɾ ɪ d̚ d aʊ n 
/home/isaac/Projects/Thesis/data/timit/data/TRAIN/DR4/MDCD0/SI785.WAV,h# dh ix th iy r iy pau dh iy aa dcl d ix ax bcl b ix hv aa n aa r dx ix z aa n ix z epi m aa dcl jh axr l axr y ux nx ix tcl t s hh ao r pcl p ae nx ax l ah z ey sh en h#, ð ɨ θ i ɹ i  ð i ɑ d̚ d ɨ ə b̚ b ɨ ɦ ɑ n ɑ ɹ ɾ ɨ z ɑ n ɨ z  m ɑ d̚ dʒ ɚ l ɚ j ʉ ɾ̃ ɨ t̚ t s h ɔ ɹ p̚ p æ ɾ̃ ə l ʌ z eɪ ʃ n̩ 
/home/isaac/Projects/Thesis/data/timit/data/TRAIN/DR4/MDCD0/SX425.WAV,h# m uw v iy z n eh v axr hv ae v ax n ah f v ih l ah n z h#, m u v i z n ɛ v ɚ ɦ æ v ə n ʌ f v ɪ l ʌ n z 
/home/isaac/Projects/Thesis/data/timit/data/TRAIN/DR4/MDCD0/SX155.WAV,h# dh ax w ao dx axr kcl k ax n tcl t ey n dcl t ux m ah tcl ch kcl k l ao r iy nx ix n s tcl t ah ng ix z ay z h#, ð ə w ɔ ɾ ɚ k̚ k ə n t̚ t eɪ n d̚ t ʉ m ʌ t̚ tʃ k̚ k l ɔ ɹ i ɾ̃ ɨ n s t̚ t ʌ ŋ ɨ z aɪ z 
/home/isaac/Projects/Thesis/data/timit/data/TRAIN/DR4/MDCD0/SX245.WAV,h# d ah z hh ih n dcl d ux aa dx iy aa l ix dcl jh iy hh aa nx axr kcl k aw epi z h#, d ʌ z h ɪ n d̚ d ʉ ɑ ɾ i ɑ l ɨ d̚ dʒ i h ɑ ɾ̃ ɚ k̚ k aʊ  z 
/home/isaac/Projects/Thesis/data/timit/data/TRAIN/DR4/MDCD0/SI1415.WAV,h# ey s eh kcl k ax n ah s ih s tcl t ah n tcl m aa pcl p w ax th tcl t ux s pcl p ah n dcl jh ix z h#, eɪ s ɛ k̚ k ə n ʌ s ɪ s t̚ t ʌ n t̚ m ɑ p̚ p w ə θ t̚ t ʉ s p̚ p ʌ n d̚ dʒ ɨ z 
/home/isaac/Projects/Thesis/data/timit/data/TRAIN/DR4/MESG0/SX72.WAV,h# s pcl p r ih ng s tcl t r iy dx ix s tcl t r ey dx ix hv eh dcl h#, s p̚ p ɹ ɪ ŋ s t̚ t ɹ i ɾ ɨ s t̚ t ɹ eɪ ɾ ɨ ɦ ɛ d̚ 
/home/isaac/Projects/Thesis/data/timit/data/TRAIN/DR4/MESG0/SI1962.WAV,h# ix n ah dh axr s epi n aa r ax l dcl k l ow s ow v axr hv eh dcl d h#, ɨ n ʌ ð ɚ s  n ɑ ɹ ə l d̚ k l oʊ s oʊ v ɚ ɦ ɛ d̚ d 
/home/isaac/Projects/Thesis/data/timit/data/TRAIN/DR4/MESG0/SX252.WAV,h# dh ix gcl g ao r dcl jh ix s bcl b ah dx axr f l ay q ey tcl t q ax l aa dx ax v n eh kcl t axr h#, ð ɨ ɡ̚ ɡ ɔ ɹ d̚ dʒ ɨ s b̚ b ʌ ɾ ɚ f l aɪ ʔ eɪ t̚ t ʔ ə l ɑ ɾ ə v n ɛ k̚ t ɚ 
/home/isaac/Projects/Thesis/data/timit/data/TRAIN/DR4/MESG0/SI1332.WAV,h# th ay r oy dcl d f ah ng kcl k sh ix n tcl t eh s tcl y iy l dcl ix dcl n ao r m el r ix z uh l tcl t s h#, θ aɪ ɹ ɔɪ d̚ d f ʌ ŋ k̚ k ʃ ɨ n t̚ t ɛ s t̚ j i l d̚ ɨ d̚ n ɔ ɹ m l̩ ɹ ɨ z ʊ l t̚ t s 
/home/isaac/Projects/Thesis/data/timit/data/TRAIN/DR4/MESG0/SX342.WAV,h# t ey kcl ch aa r dcl jh ix v tcl ch ux z ih ng hv axr bcl b r ay dcl z epi m ey dcl z gcl g aw n z h#, t eɪ k̚ tʃ ɑ ɹ d̚ dʒ ɨ v t̚ tʃ ʉ z ɪ ŋ ɦ ɚ b̚ b ɹ aɪ d̚ z  m eɪ d̚ z ɡ̚ ɡ aʊ n z 
/home/isaac/Projects/Thesis/data/timit/data/TRAIN/DR4/MESG0/SX432.WAV,h# k ao f iy ih z gcl g r ow nx ao n s tcl t iy pcl p pau jh y ah ng gcl g ax l ay kcl k s epi l ow pcl p s pau ix n tcl t eh m pcl p axr tcl z ow n z h#, k ɔ f i ɪ z ɡ̚ ɡ ɹ oʊ ɾ̃ ɔ n s t̚ t i p̚ p  dʒ j ʌ ŋ ɡ̚ ɡ ə l aɪ k̚ k s  l oʊ p̚ p s  ɨ n t̚ t ɛ m p̚ p ɚ t̚ z oʊ n z 
/home/isaac/Projects/Thesis/data/timit/data/TRAIN/DR4/MESG0/SX162.WAV,h# hh axr q ao bcl b axr n hv eh er r ix m ay n dcl d ix dcl d hv ih m q ax v ao dx ax m l iy v z h#, h ɚ ʔ ɔ b̚ b ɚ n ɦ ɛ ɝ ɹ ɨ m aɪ n d̚ d ɨ d̚ d ɦ ɪ m ʔ ə v ɔ ɾ ə m l i v z 
/home/isaac/Projects/Thesis/data/timit/data/TRAIN/DR4/MESG0/SI702.WAV,h# w iy hv eh v aa l s ow s iy n dh ix pcl p aw axr ax f ey th q eh q w er kcl k ax m ah ng ix s h#, w i ɦ ɛ v ɑ l s oʊ s i n ð ɨ p̚ p aʊ ɚ ə f eɪ θ ʔ ɛ ʔ w ɝ k̚ k ə m ʌ ŋ ɨ s 
/home/isaac/Projects/Thesis/data/timit/data/TRAIN/DR4/MGJC0/SI1965.WAV,h# ix f dh iy ah dh axr pcl p ay l ih tcl s w axr w er iy dcl d pau dh ey dcl d ix dcl n aa q sh ow ix tcl h#, ɨ f ð i ʌ ð ɚ p̚ p aɪ l ɪ t̚ s w ɚ w ɝ i d̚ d  ð eɪ d̚ d ɨ d̚ n ɑ ʔ ʃ oʊ ɨ t̚ 
/home/isaac/Projects/Thesis/data/timit/data/TRAIN/DR4/MGJC0/SX435.WAV,h# dh ix r ih tcl ch uh dx ih n v eh s tcl t ih n bcl b l ae kcl s er kcl k aa n z ix n s tcl t eh dx ix v s tcl t ay l ih sh ux z h#, ð ɨ ɹ ɪ t̚ tʃ ʊ ɾ ɪ n v ɛ s t̚ t ɪ n b̚ b l æ k̚ s ɝ k̚ k ɑ n z ɨ n s t̚ t ɛ ɾ ɨ v s t̚ t aɪ l ɪ ʃ ʉ z 
/home/isaac/Projects/Thesis/data/timit/data/TRAIN/DR4/MGJC0/SI1335.WAV,h# ih n epi f l ae m ax tcl t ao r iy s eh l z epi w axr s tcl t r ay kcl k ix ng l ae bcl s en tcl h#, ɪ n  f l æ m ə t̚ t ɔ ɹ i s ɛ l z  w ɚ s t̚ t ɹ aɪ k̚ k ɨ ŋ l æ b̚ s n̩ t̚ 
/home/isaac/Projects/Thesis/data/timit/data/TRAIN/DR4/MGJC0/SX255.WAV,h# m ay q ay dcl d ih l m ao r nx ix ng bcl b ix gcl g ih n z epi w ix th hh aa tcl k ao f iy h#, m aɪ ʔ aɪ d̚ d ɪ l m ɔ ɹ ɾ̃ ɨ ŋ b̚ b ɨ ɡ̚ ɡ ɪ n z  w ɨ θ h ɑ t̚ k ɔ f i 
/home/isaac/Projects/Thesis/data/timit/data/TRAIN/DR4/MGJC0/SI1256.WAV,h# q ao r ix dcl jh ih nx ah v s tcl t ey dx ao dx ax m ow bcl b ih l pcl p r ae kcl t ax-h s ix z h#, ʔ ɔ ɹ ɨ d̚ dʒ ɪ ɾ̃ ʌ v s t̚ t eɪ ɾ ɔ ɾ ə m oʊ b̚ b ɪ l p̚ p ɹ æ k̚ t ə̥ s ɨ z 
/home/isaac/Projects/Thesis/data/timit/data/TRAIN/DR4/MGJC0/SX345.WAV,h# t r ih sh s ao q aw axr z ix nx aw axr z ix v m ux v iy s ae dx axr dcl d ey h#, t ɹ ɪ ʃ s ɔ ʔ aʊ ɚ z ɨ ɾ̃ aʊ ɚ z ɨ v m ʉ v i s æ ɾ ɚ d̚ d eɪ 
/home/isaac/Projects/Thesis/data/timit/data/TRAIN/DR4/MGJC0/SX165.WAV,h# dh ix q iy z iy gcl g ow ix ng z ow aa l ix dcl jh ih s r ix l ae kcl s th r ux aw tcl dh ix v oy ix dcl jh h#, ð ɨ ʔ i z i ɡ̚ ɡ oʊ ɨ ŋ z oʊ ɑ l ɨ d̚ dʒ ɪ s ɹ ɨ l æ k̚ s θ ɹ ʉ aʊ t̚ ð ɨ v ɔɪ ɨ d̚ dʒ 
/home/isaac/Projects/Thesis/data/timit/data/TRAIN/DR4/MGJC0/SX75.WAV,h# f ih l dh ae tcl k ae n tcl t iy n w ix th pau f r eh sh pcl p r ih ng w ao dx axr h#, f ɪ l ð æ t̚ k æ n t̚ t i n w ɨ θ  f ɹ ɛ ʃ p̚ p ɹ ɪ ŋ w ɔ ɾ ɚ 
/home/isaac/Projects/Thesis/data/timit/data/TRAIN/DR4/MSRG0/SI1221.WAV,h# k ax n s er v axr tcl t ih z ax m ax n tcl t axr dcl d ih sh n el ih z em epi s iy m ix m pcl p l ay dcl b ax w ah dx ix z dcl jh uh s tcl b ih n s eh dcl h#, k ə n s ɝ v ɚ t̚ t ɪ z ə m ə n t̚ t ɚ d̚ d ɪ ʃ n l̩ ɪ z m̩  s i m ɨ m p̚ p l aɪ d̚ b ə w ʌ ɾ ɨ z d̚ dʒ ʊ s t̚ b ɪ n s ɛ d̚ 
/home/isaac/Projects/Thesis/data/timit/data/TRAIN/DR4/MSRG0/SX51.WAV,h# ae m bcl b ix dcl d eh kcl k s r ih s pcl p ih kcl p aa kcl k ix tcl s ax kcl k aa m pcl p l ih sh epi m ao r h#, æ m b̚ b ɨ d̚ d ɛ k̚ k s ɹ ɪ s p̚ p ɪ k̚ p ɑ k̚ k ɨ t̚ s ə k̚ k ɑ m p̚ p l ɪ ʃ  m ɔ ɹ 
/home/isaac/Projects/Thesis/data/timit/data/TRAIN/DR4/MSRG0/SI591.WAV,h# r ax pcl p l ey s ix tcl w ix th ax s tcl t ae tcl ch ux ax v w ah nx axr ax n ah dh axr pau ax v dh ax w er l s f ey m ix s dcl d ih kcl t ey dx axr z h#, ɹ ə p̚ p l eɪ s ɨ t̚ w ɨ θ ə s t̚ t æ t̚ tʃ ʉ ə v w ʌ ɾ̃ ɚ ə n ʌ ð ɚ  ə v ð ə w ɝ l s f eɪ m ɨ s d̚ d ɪ k̚ t eɪ ɾ ɚ z 
/home/isaac/Projects/Thesis/data/timit/data/TRAIN/DR4/MSRG0/SX141.WAV,h# p l eh dcl jh tcl t ix pcl p axr tcl t ih s ax pcl p ey dx ix n ax v aa dx ax z ax kcl k w aa dx ix kcl k aa m pcl p ax tcl t ih sh en h#, p l ɛ d̚ dʒ t̚ t ɨ p̚ p ɚ t̚ t ɪ s ə p̚ p eɪ ɾ ɨ n ə v ɑ ɾ ə z ə k̚ k w ɑ ɾ ɨ k̚ k ɑ m p̚ p ə t̚ t ɪ ʃ n̩ 
/home/isaac/Projects/Thesis/data/timit/data/TRAIN/DR4/MSRG0/SX321.WAV,h# dh ax gcl g r aw n dcl d hv ao gcl k l ih r l iy s ao ih sh ae dx ow bcl b ax tcl s tcl t ey dx aw q ow n l iy ax m ow m ax n tcl t h#, ð ə ɡ̚ ɡ ɹ aʊ n d̚ d ɦ ɔ ɡ̚ k l ɪ ɹ l i s ɔ ɪ ʃ æ ɾ oʊ b̚ b ə t̚ s t̚ t eɪ ɾ aʊ ʔ oʊ n l i ə m oʊ m ə n t̚ t 
/home/isaac/Projects/Thesis/data/timit/data/TRAIN/DR4/MSRG0/SX411.WAV,h# b ah dx axr s kcl k aa tcl ch f ah dcl ch gcl g ow z epi w eh l w ix th v ax n ih l ax q ay s kcl k r iy m h#, b ʌ ɾ ɚ s k̚ k ɑ t̚ tʃ f ʌ d̚ tʃ ɡ̚ ɡ oʊ z  w ɛ l w ɨ θ v ə n ɪ l ə ʔ aɪ s k̚ k ɹ i m 
/home/isaac/Projects/Thesis/data/timit/data/TRAIN/DR4/MSRG0/SI1851.WAV,h# y ux m iy nx ih gcl g ey m w ix th kcl k aa r dcl z h#, j ʉ m i ɾ̃ ɪ ɡ̚ ɡ eɪ m w ɨ θ k̚ k ɑ ɹ d̚ z 
/home/isaac/Projects/Thesis/data/timit/data/TRAIN/DR4/MSRG0/SX231.WAV,h# ay aa nx axr m ay m aa m h#, aɪ ɑ ɾ̃ ɚ m aɪ m ɑ m 
/home/isaac/Projects/Thesis/data/timit/data/TRAIN/DR4/MLBC0/SX69.WAV,h# q iy q y er epi r ey z ix n z aw tcl d ao r z ax n dh ax pcl p ao r tcl ch s tcl t eh pcl p s h#, ʔ i ʔ j ɝ  ɹ eɪ z ɨ n z aʊ t̚ d ɔ ɹ z ə n ð ə p̚ p ɔ ɹ t̚ tʃ s t̚ t ɛ p̚ p s 
/home/isaac/Projects/Thesis/data/timit/data/TRAIN/DR4/MLBC0/SX249.WAV,h# q ay ey tcl q eh v r iy oy s tcl t axr aa n ao r ax z pcl p l ey tcl t h#, ʔ aɪ eɪ t̚ ʔ ɛ v ɹ i ɔɪ s t̚ t ɚ ɑ n ɔ ɹ ə z p̚ p l eɪ t̚ t 
/home/isaac/Projects/Thesis/data/timit/data/TRAIN/DR4/MLBC0/SX429.WAV,h# q ah tcl t ux th pcl p ey s tcl t ux bcl sh uh dcl b iy s kcl k w iy z dcl d f r ax m dh ax bcl b aa dx ax m h#, ʔ ʌ t̚ t ʉ θ p̚ p eɪ s t̚ t ʉ b̚ ʃ ʊ d̚ b i s k̚ k w i z d̚ d f ɹ ə m ð ə b̚ b ɑ ɾ ə m 
/home/isaac/Projects/Thesis/data/timit/data/TRAIN/DR4/MLBC0/SX339.WAV,h# d ix dcl d sh ao n kcl k eh tcl ch dh eh tcl b ih gcl g ux s epi w ax th aw tcl hv eh l pcl p h#, d ɨ d̚ d ʃ ɔ n k̚ k ɛ t̚ tʃ ð ɛ t̚ b ɪ ɡ̚ ɡ ʉ s  w ə θ aʊ t̚ ɦ ɛ l p̚ p 
/home/isaac/Projects/Thesis/data/timit/data/TRAIN/DR4/MLBC0/SI1869.WAV,h# hh iy r ow dcl d l ow ao n dh ax m ey er z n eh kcl k h#, h i ɹ oʊ d̚ d l oʊ ɔ n ð ə m eɪ ɝ z n ɛ k̚ k 
/home/isaac/Projects/Thesis/data/timit/data/TRAIN/DR4/MLBC0/SI1239.WAV,h# dh ah s f aa r dh iy ix dcl v ae n s ax z m ey dcl d ix bcl b ih n aa l m ax s tcl t ix n tcl t ay axr l iy ix l ao ng f ah ng k sh epi n el l ay n s h#, ð ʌ s f ɑ ɹ ð i ɨ d̚ v æ n s ə z m eɪ d̚ d ɨ b̚ b ɪ n ɑ l m ə s t̚ t ɨ n t̚ t aɪ ɚ l i ɨ l ɔ ŋ f ʌ ŋ k ʃ  n l̩ l aɪ n s 
/home/isaac/Projects/Thesis/data/timit/data/TRAIN/DR4/MLBC0/SI609.WAV,h# dh ax pcl p ah bcl b l ix kcl k ix z n aw q aa r m dcl d w ax th s ax-h f ix s tcl t ix kcl k ey sh ix n q eh n ux m axr ix s kcl k em pcl p iy dx iy ng m iy dcl d iy ah h#, ð ə p̚ p ʌ b̚ b l ɨ k̚ k ɨ z n aʊ ʔ ɑ ɹ m d̚ d w ə θ s ə̥ f ɨ s t̚ t ɨ k̚ k eɪ ʃ ɨ n ʔ ɛ n ʉ m ɚ ɨ s k̚ k m̩ p̚ p i ɾ i ŋ m i d̚ d i ʌ 
/home/isaac/Projects/Thesis/data/timit/data/TRAIN/DR4/MLBC0/SX159.WAV,h# dh ax gcl g ah v axr n m ix n tcl s ao q ao th axr ix z ey sh en ah v ix s ih dx ix s en sh ix pcl p h#, ð ə ɡ̚ ɡ ʌ v ɚ n m ɨ n t̚ s ɔ ʔ ɔ θ ɚ ɨ z eɪ ʃ n̩ ʌ v ɨ s ɪ ɾ ɨ s n̩ ʃ ɨ p̚ p 
/home/isaac/Projects/Thesis/data/timit/data/TRAIN/DR4/FBAS0/SX397.WAV,h# t ih m tcl t ey kcl k sh iy l ah tcl t ix s iy m ux v iy z tcl t w ay s ax w iy kcl k h#, t ɪ m t̚ t eɪ k̚ k ʃ i l ʌ t̚ t ɨ s i m ʉ v i z t̚ t w aɪ s ə w i k̚ k 
/home/isaac/Projects/Thesis/data/timit/data/TRAIN/DR4/FBAS0/SI2066.WAV,h# hh iy s ao ix pcl p ay eh tcl s ay z dcl m ae n pau w ix th ix gcl g r ay ih ng s pcl p ey dcl b ih er dcl d pau q ae nx ae n ah n y ux zh el iy l aa r dcl jh hh eh dcl d h#, h i s ɔ ɨ p̚ p aɪ ɛ t̚ s aɪ z d̚ m æ n  w ɨ θ ɨ ɡ̚ ɡ ɹ aɪ ɪ ŋ s p̚ p eɪ d̚ b ɪ ɝ d̚ d  ʔ æ ɾ̃ æ n ʌ n j ʉ ʒ l̩ i l ɑ ɹ d̚ dʒ h ɛ d̚ d 
/home/isaac/Projects/Thesis/data/timit/data/TRAIN/DR4/FBAS0/SX307.WAV,h# dh ix m iy dx iy n ih z n aw ax dcl jh er n dcl d h#, ð ɨ m i ɾ i n ɪ z n aʊ ə d̚ dʒ ɝ n d̚ d 
/home/isaac/Projects/Thesis/data/timit/data/TRAIN/DR4/FBAS0/SX37.WAV,h# k r ih dx ih kcl k ax l q ah kcl k w ih pcl m ih n tcl n iy dcl d z pcl p r aa pcl p axr m ay n tcl n ah n tcl s h#, k ɹ ɪ ɾ ɪ k̚ k ə l ʔ ʌ k̚ k w ɪ p̚ m ɪ n t̚ n i d̚ d z p̚ p ɹ ɑ p̚ p ɚ m aɪ n t̚ n ʌ n t̚ s 
/home/isaac/Projects/Thesis/data/timit/data/TRAIN/DR4/FBAS0/SX127.WAV,h# dh ih q eh m pcl p r ax hh ae dx ah m iy n tcl t eh m pcl p axr h#, ð ɪ ʔ ɛ m p̚ p ɹ ə h æ ɾ ʌ m i n t̚ t ɛ m p̚ p ɚ 
/home/isaac/Projects/Thesis/data/timit/data/TRAIN/DR4/FBAS0/SX217.WAV,h# hh aw pcl p er m n ah n tcl t pau q aa r dh eh r eh kcl k axr dcl d z h#, h aʊ p̚ p ɝ m n ʌ n t̚ t  ʔ ɑ ɹ ð ɛ ɹ ɛ k̚ k ɚ d̚ d z 
/home/isaac/Projects/Thesis/data/timit/data/TRAIN/DR4/FBAS0/SI1387.WAV,h# s eh v r ax l f ae kcl t axr s pau k ax n tcl t r ih bcl b ih tcl ih dcl d tcl t ix dh ih sh tcl ch ay n dcl jh h#, s ɛ v ɹ ə l f æ k̚ t ɚ s  k ə n t̚ t ɹ ɪ b̚ b ɪ t̚ ɪ d̚ d t̚ t ɨ ð ɪ ʃ t̚ tʃ aɪ n d̚ dʒ 
/home/isaac/Projects/Thesis/data/timit/data/TRAIN/DR4/FBAS0/SI1472.WAV,h# sh iy gcl g r iy dx ih dcl d hh axr hv ah z bcl b en dcl d z kcl k aa l iy gcl g z epi w ix s m aa l ix ng pcl p el ay tcl n ih s pau q ao f r ih n ah th ih ng h#, ʃ i ɡ̚ ɡ ɹ i ɾ ɪ d̚ d h ɚ ɦ ʌ z b̚ b n̩ d̚ d z k̚ k ɑ l i ɡ̚ ɡ z  w ɨ s m ɑ l ɨ ŋ p̚ p l̩ aɪ t̚ n ɪ s  ʔ ɔ f ɹ ɪ n ʌ θ ɪ ŋ 
/home/isaac/Projects/Thesis/data/timit/data/TRAIN/DR4/MJPM1/SX131.WAV,h# w iy pcl p l ae n ax bcl b ih l ah n ux bcl b eh v axr zh p l ae n tcl h#, w i p̚ p l æ n ə b̚ b ɪ l ʌ n ʉ b̚ b ɛ v ɚ ʒ p l æ n t̚ 
/home/isaac/Projects/Thesis/data/timit/data/TRAIN/DR4/MJPM1/SI2280.WAV,h# m eh nx iy sh ey pcl p s ih n bcl b ae tcl t ah bcl b z h#, m ɛ ɾ̃ i ʃ eɪ p̚ p s ɪ n b̚ b æ t̚ t ʌ b̚ b z 
/home/isaac/Projects/Thesis/data/timit/data/TRAIN/DR4/MJPM1/SX41.WAV,h# eh dx ih kcl k eh tcl pau m ae n dcl d ey tcl s kcl k ax m pcl p l ay ix n s epi w ix th ix gcl z ih s tcl t ix n r eh gcl el ey sh en epi s h#, ɛ ɾ ɪ k̚ k ɛ t̚  m æ n d̚ d eɪ t̚ s k̚ k ə m p̚ p l aɪ ɨ n s  w ɨ θ ɨ ɡ̚ z ɪ s t̚ t ɨ n ɹ ɛ ɡ̚ l̩ eɪ ʃ n̩  s 
/home/isaac/Projects/Thesis/data/timit/data/TRAIN/DR4/MJPM1/SX311.WAV,h# m ay dx ix z ay axr dx axr s ih m pcl p el gcl g ih m iy w ah n ih n f ao m n ix pcl p ae axr gcl r ae f ao n ax-h s ah bcl jh ax-h kcl h#, m aɪ ɾ ɨ z aɪ ɚ ɾ ɚ s ɪ m p̚ p l̩ ɡ̚ ɡ ɪ m i w ʌ n ɪ n f ɔ m n ɨ p̚ p æ ɚ ɡ̚ ɹ æ f ɔ n ə̥ s ʌ b̚ dʒ ə̥ k̚ 
/home/isaac/Projects/Thesis/data/timit/data/TRAIN/DR4/MJPM1/SX401.WAV,h# dh tcl t ae kcl s kcl k ae bcl b r ow kcl d aw n ix n kcl k ao z ix tcl t r ae f ix kcl jh ae m h#, ð t̚ t æ k̚ s k̚ k æ b̚ b ɹ oʊ k̚ d aʊ n ɨ n k̚ k ɔ z ɨ t̚ t ɹ æ f ɨ k̚ dʒ æ m 
/home/isaac/Projects/Thesis/data/timit/data/TRAIN/DR4/MJPM1/SI1897.WAV,h# sh iy s ey m dcl d ih er tcl t ey dx ix dcl h#, ʃ i s eɪ m d̚ d ɪ ɝ t̚ t eɪ ɾ ɨ d̚ 
/home/isaac/Projects/Thesis/data/timit/data/TRAIN/DR4/MJPM1/SI761.WAV,h# p ey pcl p axr w ey tcl m ey bcl b iy pcl p er s en el ay z dcl d ow n bcl b ae kcl hh w ay l kcl k l ey ih z l eh dh axr hv aa r dcl h#, p eɪ p̚ p ɚ w eɪ t̚ m eɪ b̚ b i p̚ p ɝ s n̩ l̩ aɪ z d̚ d oʊ n b̚ b æ k̚ h w aɪ l k̚ k l eɪ ɪ z l ɛ ð ɚ ɦ ɑ ɹ d̚ 
/home/isaac/Projects/Thesis/data/timit/data/TRAIN/DR4/MJPM1/SX221.WAV,h# k ao r iy ix tcl t ae kcl tcl dh ix pcl p r aa dcl jh ix kcl w ix th eh kcl s tcl t axr dcl d tcl t er m ax n ey sh en h#, k ɔ ɹ i ɨ t̚ t æ k̚ t̚ ð ɨ p̚ p ɹ ɑ d̚ dʒ ɨ k̚ w ɨ θ ɛ k̚ s t̚ t ɚ d̚ d t̚ t ɝ m ə n eɪ ʃ n̩ 
/home/isaac/Projects/Thesis/data/timit/data/TRAIN/DR4/MAEB0/SX450.WAV,h# r oy ih gcl n ao r dcl dh ix s pcl p er iy ih s dcl d ey dx ix pcl p oy s ix n dcl d r ao ix ng dh ix gcl g r ae f h#, ɹ ɔɪ ɪ ɡ̚ n ɔ ɹ d̚ ð ɨ s p̚ p ɝ i ɪ s d̚ d eɪ ɾ ɨ p̚ p ɔɪ s ɨ n d̚ d ɹ ɔ ɨ ŋ ð ɨ ɡ̚ ɡ ɹ æ f 
/home/isaac/Projects/Thesis/data/timit/data/TRAIN/DR4/MAEB0/SI990.WAV,h# q ae n dcl dh iy z hv aa r dx iy tcl t r ae l axr z aa r n aa dx ah n ax pcl p r iy sh iy ey dx ix dcl t ax-h dcl d ey h#, ʔ æ n d̚ ð i z ɦ ɑ ɹ ɾ i t̚ t ɹ æ l ɚ z ɑ ɹ n ɑ ɾ ʌ n ə p̚ p ɹ i ʃ i eɪ ɾ ɨ d̚ t ə̥ d̚ d eɪ 
/home/isaac/Projects/Thesis/data/timit/data/TRAIN/DR4/MAEB0/SX270.WAV,h# q aa r hv aa l eh dcl d ey ey pcl p r ix n z ax v ey l ax bcl b el tcl t uw ah s h#, ʔ ɑ ɹ ɦ ɑ l ɛ d̚ d eɪ eɪ p̚ p ɹ ɨ n z ə v eɪ l ə b̚ b l̩ t̚ t u ʌ s 
/home/isaac/Projects/Thesis/data/timit/data/TRAIN/DR4/MAEB0/SI2250.WAV,h# q ao l y ow w ih sh f el th ih ng kcl k ix ng w ow n tcl ch ey n dcl jh dh ey eh tcl t h#, ʔ ɔ l j oʊ w ɪ ʃ f l̩ θ ɪ ŋ k̚ k ɨ ŋ w oʊ n t̚ tʃ eɪ n d̚ dʒ ð eɪ ɛ t̚ t 
/home/isaac/Projects/Thesis/data/timit/data/TRAIN/DR4/MAEB0/SX90.WAV,h# dh ix th ih ng kcl k er z ax-h f ey m ax s kcl k ah l pcl ch axr h#, ð ɨ θ ɪ ŋ k̚ k ɝ z ə̥ f eɪ m ə s k̚ k ʌ l p̚ tʃ ɚ 
/home/isaac/Projects/Thesis/data/timit/data/TRAIN/DR4/MAEB0/SI1411.WAV,h# r ix z aa l v dh eh tcl dh iy ae nx ix s l ey v r iy s ih nx ix m ah n ix z bcl b iy kcl k ah m ix ng r aa pcl p f axr r eh z ax l ux dx ae kcl sh en h#, ɹ ɨ z ɑ l v ð ɛ t̚ ð i æ ɾ̃ ɨ s l eɪ v ɹ i s ɪ ɾ̃ ɨ m ʌ n ɨ z b̚ b i k̚ k ʌ m ɨ ŋ ɹ ɑ p̚ p f ɚ ɹ ɛ z ə l ʉ ɾ æ k̚ ʃ n̩ 
/home/isaac/Projects/Thesis/data/timit/data/TRAIN/DR4/MAEB0/SX180.WAV,h# ao l m ow s tcl t ao l kcl k ao l ih dcl jh ix z aa r n ae kcl k ow eh dcl jh ax-h kcl k ey sh epi n el h#, ɔ l m oʊ s t̚ t ɔ l k̚ k ɔ l ɪ d̚ dʒ ɨ z ɑ ɹ n æ k̚ k oʊ ɛ d̚ dʒ ə̥ k̚ k eɪ ʃ  n l̩ 
/home/isaac/Projects/Thesis/data/timit/data/TRAIN/DR4/MAEB0/SX360.WAV,h# q ay q ah s ux m ao r sh tcl ch axr w el dcl d eh m ix dcl jh epi dh ih sh ih pcl s hh ah l h#, ʔ aɪ ʔ ʌ s ʉ m ɔ ɹ ʃ t̚ tʃ ɚ w l̩ d̚ d ɛ m ɨ d̚ dʒ  ð ɪ ʃ ɪ p̚ s h ʌ l 
/home/isaac/Projects/Thesis/data/timit/data/TRAIN/DR4/MARW0/SI1906.WAV,h# dh ey hv eh dcl ch ow z ax n dh ih s epi n ay q p er pcl p ax s epi l ix h#, ð eɪ ɦ ɛ d̚ tʃ oʊ z ə n ð ɪ s  n aɪ ʔ p ɝ p̚ p ə s  l ɨ 
/home/isaac/Projects/Thesis/data/timit/data/TRAIN/DR4/MARW0/SX16.WAV,h# ax r ow l ax v w aa axr l ey n ih axr dh ax w ao l h#, ə ɹ oʊ l ə v w ɑ ɚ l eɪ n ɪ ɚ ð ə w ɔ l 
/home/isaac/Projects/Thesis/data/timit/data/TRAIN/DR4/MARW0/SI1276.WAV,h# l ae n dcl b ey s tcl t r ey dx aa r w uh dcl ix hv eh l pcl p w ax dh ih s tcl t ae s kcl k h#, l æ n d̚ b eɪ s t̚ t ɹ eɪ ɾ ɑ ɹ w ʊ d̚ ɨ ɦ ɛ l p̚ p w ə ð ɪ s t̚ t æ s k̚ k 
/home/isaac/Projects/Thesis/data/timit/data/TRAIN/DR4/MARW0/SX286.WAV,h# ih n eh v r iy m ey dcl jh axr kcl k l ow v axr l iy f pau t r ae f ix kcl k s ah m tcl t ay m z gcl g eh t s bcl b ae kcl d ah pcl h#, ɪ n ɛ v ɹ i m eɪ d̚ dʒ ɚ k̚ k l oʊ v ɚ l i f  t ɹ æ f ɨ k̚ k s ʌ m t̚ t aɪ m z ɡ̚ ɡ ɛ t s b̚ b æ k̚ d ʌ p̚ 
/home/isaac/Projects/Thesis/data/timit/data/TRAIN/DR4/MARW0/SX376.WAV,h# w ih m ax n m ey n eh v axr bcl b ix kcl k ah m kcl k em pcl p l iy q l iy kcl k w el dx ax m eh n h#, w ɪ m ə n m eɪ n ɛ v ɚ b̚ b ɨ k̚ k ʌ m k̚ k m̩ p̚ p l i ʔ l i k̚ k w l̩ ɾ ə m ɛ n 
/home/isaac/Projects/Thesis/data/timit/data/TRAIN/DR4/MARW0/SX349.WAV,h# dh pcl p r iy s kcl k ux l axr kcl k uh dcl en v er bcl b el aa z hh axr f ih l ih n z pau ax bcl b aw tcl dh eh r m er dcl jh en tcl s iy kcl k ix n dcl d ih sh en z h#, ð p̚ p ɹ i s k̚ k ʉ l ɚ k̚ k ʊ d̚ n̩ v ɝ b̚ b l̩ ɑ z h ɚ f ɪ l ɪ n z  ə b̚ b aʊ t̚ ð ɛ ɹ m ɝ d̚ dʒ n̩ t̚ s i k̚ k ɨ n d̚ d ɪ ʃ n̩ z 
/home/isaac/Projects/Thesis/data/timit/data/TRAIN/DR4/MARW0/SI646.WAV,h# n ay s iy v ix n ih f ax tcl t r aa f uh l gcl g ao dx iy h#, n aɪ s i v ɨ n ɪ f ə t̚ t ɹ ɑ f ʊ l ɡ̚ ɡ ɔ ɾ i 
/home/isaac/Projects/Thesis/data/timit/data/TRAIN/DR4/MARW0/SX106.WAV,h# q ax hv ux dcl jh tcl t ey pcl p ix s tcl t r iy pau hh ah ng ix n axr hv ao l w ey h#, ʔ ə ɦ ʉ d̚ dʒ t̚ t eɪ p̚ p ɨ s t̚ t ɹ i  h ʌ ŋ ɨ n ɚ ɦ ɔ l w eɪ 
/home/isaac/Projects/Thesis/data/timit/data/TRAIN/DR4/MJEE0/SX67.WAV,h# l ae s tcl t y ih axr z gcl g ae sh ao r dx ix dcl jh kcl k ao s tcl t iy pcl p pcl p r ay s ax-h n kcl k r iy s ax-h s h#, l æ s t̚ t j ɪ ɚ z ɡ̚ ɡ æ ʃ ɔ ɹ ɾ ɨ d̚ dʒ k̚ k ɔ s t̚ t i p̚ p p̚ p ɹ aɪ s ə̥ n k̚ k ɹ i s ə̥ s 
/home/isaac/Projects/Thesis/data/timit/data/TRAIN/DR4/MJEE0/SI1867.WAV,h# dh eh n ix l ae s tcl dh ix dcl d aa r kcl k n ix s bcl b ix gcl ae n tcl t ix dcl d ax-h s aa l v h#, ð ɛ n ɨ l æ s t̚ ð ɨ d̚ d ɑ ɹ k̚ k n ɨ s b̚ b ɨ ɡ̚ æ n t̚ t ɨ d̚ d ə̥ s ɑ l v 
/home/isaac/Projects/Thesis/data/timit/data/TRAIN/DR4/MJEE0/SI1237.WAV,h# w iy m ey s ey ix v s ah m ah n f ao r tcl ch en ih tcl t s dh eh tcl dh ey w axr n eh v axr y ah ng h#, w i m eɪ s eɪ ɨ v s ʌ m ʌ n f ɔ ɹ t̚ tʃ n̩ ɪ t̚ t s ð ɛ t̚ ð eɪ w ɚ n ɛ v ɚ j ʌ ŋ 
/home/isaac/Projects/Thesis/data/timit/data/TRAIN/DR4/MJEE0/SX157.WAV,h# r iy m ux v dh ax s pcl p l ix nx er w ix th ix pcl p eh axr ix tcl t w iy z axr z h#, ɹ i m ʉ v ð ə s p̚ p l ɨ ɾ̃ ɝ w ɨ θ ɨ p̚ p ɛ ɚ ɨ t̚ t w i z ɚ z 
/home/isaac/Projects/Thesis/data/timit/data/TRAIN/DR4/MJEE0/SX427.WAV,h# q eh v r iy kcl k ae bcl n iy dcl d z r iy pcl p ey q en pau q ao f tcl t ix n h#, ʔ ɛ v ɹ i k̚ k æ b̚ n i d̚ d z ɹ i p̚ p eɪ ʔ n̩  ʔ ɔ f t̚ t ɨ n 
/home/isaac/Projects/Thesis/data/timit/data/TRAIN/DR4/MJEE0/SX247.WAV,h# dh ix s ih gcl er eh tcl s en dh ix kcl k l ey ae sh tcl t r ey ow v axr f l ow dx ao n tcl t ix dh ax ow kcl t ey bcl el h#, ð ɨ s ɪ ɡ̚ ɝ ɛ t̚ s n̩ ð ɨ k̚ k l eɪ æ ʃ t̚ t ɹ eɪ oʊ v ɚ f l oʊ ɾ ɔ n t̚ t ɨ ð ə oʊ k̚ t eɪ b̚ l̩ 
/home/isaac/Projects/Thesis/data/timit/data/TRAIN/DR4/MJEE0/SX337.WAV,h# b aa bcl b ae n d ix dcl jh dcl b ow th w uw n z w ax th ax s kcl k ih l ax v ax dcl d aa kcl k tcl t axr h#, b ɑ b̚ b æ n d ɨ d̚ dʒ d̚ b oʊ θ w u n z w ə θ ə s k̚ k ɪ l ə v ə d̚ d ɑ k̚ k t̚ t ɚ 
/home/isaac/Projects/Thesis/data/timit/data/TRAIN/DR4/MJEE0/SI607.WAV,h# m er s ix n axr iy pau t er m ah v aa nx er h#, m ɝ s ɨ n ɚ i  t ɝ m ʌ v ɑ ɾ̃ ɝ 
/home/isaac/Projects/Thesis/data/timit/data/TRAIN/DR4/FLHD0/SX264.WAV,h# w iy s ao q ey tcl t ay n iy ay s ih kcl k el z bcl b iy l ow aa r uw f h#, w i s ɔ ʔ eɪ t̚ t aɪ n i aɪ s ɪ k̚ k l̩ z b̚ b i l oʊ ɑ ɹ u f 
/home/isaac/Projects/Thesis/data/timit/data/TRAIN/DR4/FLHD0/SX174.WAV,h# dh ax hh ao nx ih dcl d hv aw s epi w ax z ix hv ih tcl pau d ux dx uw aw tcl s tcl t eh n iy ng ao dx iy ow v ih zh ax w ax l ax f eh kcl k s h#, ð ə h ɔ ɾ̃ ɪ d̚ d ɦ aʊ s  w ə z ɨ ɦ ɪ t̚  d ʉ ɾ u aʊ t̚ s t̚ t ɛ n i ŋ ɔ ɾ i oʊ v ɪ ʒ ə w ə l ə f ɛ k̚ k s 
/home/isaac/Projects/Thesis/data/timit/data/TRAIN/DR4/FLHD0/SI1974.WAV,h# ax z ih f dcl d r ao n bcl b ay ax w ay er dh iy eh n ix m iy f l uw ih n tcl t ax-h dh eh m h#, ə z ɪ f d̚ d ɹ ɔ n b̚ b aɪ ə w aɪ ɝ ð i ɛ n ɨ m i f l u ɪ n t̚ t ə̥ ð ɛ m 
/home/isaac/Projects/Thesis/data/timit/data/TRAIN/DR4/FLHD0/SX354.WAV,h# ax l oy y er w ah z ax pcl p oy nx ih dcl t ix q eh kcl k s ix kcl k y ux hv er w ih l h#, ə l ɔɪ j ɝ w ʌ z ə p̚ p ɔɪ ɾ̃ ɪ d̚ t ɨ ʔ ɛ k̚ k s ɨ k̚ k j ʉ ɦ ɝ w ɪ l 
/home/isaac/Projects/Thesis/data/timit/data/TRAIN/DR4/FLHD0/SX444.WAV,h# dh ix tcl t aa dcl l er f aw n dcl d ix kcl k l ae m sh eh l n ih r dh ix kcl k ae m pcl p s ay tcl t h#, ð ɨ t̚ t ɑ d̚ l ɝ f aʊ n d̚ d ɨ k̚ k l æ m ʃ ɛ l n ɪ ɹ ð ɨ k̚ k æ m p̚ p s aɪ t̚ t 
/home/isaac/Projects/Thesis/data/timit/data/TRAIN/DR4/FLHD0/SI1344.WAV,h# ix kcl k s pcl p er ih m ih n tcl w ix th aw dx ix f ih kcl k s tcl n ah m bcl b er ax v tcl t r ay l z h#, ɨ k̚ k s p̚ p ɝ ɪ m ɪ n t̚ w ɨ θ aʊ ɾ ɨ f ɪ k̚ k s t̚ n ʌ m b̚ b ɝ ə v t̚ t ɹ aɪ l z 
/home/isaac/Projects/Thesis/data/timit/data/TRAIN/DR4/FLHD0/SX84.WAV,h# k ow aa pcl p er ey sh en ax l ao ng w ax th ah n dcl d axr s tcl t ae n ix ng ax l iy v iy ey tcl d s pcl p ux ix tcl t h#, k oʊ ɑ p̚ p ɝ eɪ ʃ n̩ ə l ɔ ŋ w ə θ ʌ n d̚ d ɚ s t̚ t æ n ɨ ŋ ə l i v i eɪ t̚ d s p̚ p ʉ ɨ t̚ t 
/home/isaac/Projects/Thesis/data/timit/data/TRAIN/DR4/FLHD0/SI1827.WAV,h# m ey bcl b iy ih tcl w ax dcl d w er kcl k dh iy ah dh axr w ey h#, m eɪ b̚ b i ɪ t̚ w ə d̚ d w ɝ k̚ k ð i ʌ ð ɚ w eɪ 
/home/isaac/Projects/Thesis/data/timit/data/TRAIN/DR4/MGAG0/SX421.WAV,h# dh ow z hh ux tcl t iy tcl ch v ae y ux z f er s tcl t ax bcl b aa l ix sh tcl ch iy dx ix ng h#, ð oʊ z h ʉ t̚ t i t̚ tʃ v æ j ʉ z f ɝ s t̚ t ə b̚ b ɑ l ɨ ʃ t̚ tʃ i ɾ ɨ ŋ 
/home/isaac/Projects/Thesis/data/timit/data/TRAIN/DR4/MGAG0/SX331.WAV,h# dh ax-h bcl b ix gcl d aa gcl l uh v tcl t ix tcl ch ux aa n ih ow l dcl d r ae gcl d aa l h#, ð ə̥ b̚ b ɨ ɡ̚ d ɑ ɡ̚ l ʊ v t̚ t ɨ t̚ tʃ ʉ ɑ n ɪ oʊ l d̚ d ɹ æ ɡ̚ d ɑ l 
/home/isaac/Projects/Thesis/data/timit/data/TRAIN/DR4/MGAG0/SI691.WAV,h# b ix tcl dh ih s q eh s el tcl t er ix kcl d aa kcl t axr n w ax z l ao s tcl en dh ax sh ah f el tcl t ah kcl k w ay axr s pcl p eh sh el pcl p aw axr z h#, b ɨ t̚ ð ɪ s ʔ ɛ s l̩ t̚ t ɝ ɨ k̚ d ɑ k̚ t ɚ n w ə z l ɔ s t̚ n̩ ð ə ʃ ʌ f l̩ t̚ t ʌ k̚ k w aɪ ɚ s p̚ p ɛ ʃ l̩ p̚ p aʊ ɚ z 
/home/isaac/Projects/Thesis/data/timit/data/TRAIN/DR4/MGAG0/SX61.WAV,h# ch ao kcl k l ih q en r ow z ix z n eh v axr f ey l ax z ax r ow m ae nx ix kcl g ih f tcl t h#, tʃ ɔ k̚ k l ɪ ʔ n̩ ɹ oʊ z ɨ z n ɛ v ɚ f eɪ l ə z ə ɹ oʊ m æ ɾ̃ ɨ k̚ ɡ ɪ f t̚ t 
/home/isaac/Projects/Thesis/data/timit/data/TRAIN/DR4/MGAG0/SX241.WAV,h# dh ax hv aa l w ey q ow pcl p ix n z ih n tcl t ah ey hh ux dcl jh tcl ch ey m bcl b axr h#, ð ə ɦ ɑ l w eɪ ʔ oʊ p̚ p ɨ n z ɪ n t̚ t ʌ eɪ h ʉ d̚ dʒ t̚ tʃ eɪ m b̚ b ɚ 
/home/isaac/Projects/Thesis/data/timit/data/TRAIN/DR4/MGAG0/SX151.WAV,h# dh ix pcl p r iy v iy ih s pcl p iy kcl k axr pcl p axr z eh nx ih dx ix m bcl b ih gcl y ux ax s r ix z ah l tcl s h#, ð ɨ p̚ p ɹ i v i ɪ s p̚ p i k̚ k ɚ p̚ p ɚ z ɛ ɾ̃ ɪ ɾ ɨ m b̚ b ɪ ɡ̚ j ʉ ə s ɹ ɨ z ʌ l t̚ s 
/home/isaac/Projects/Thesis/data/timit/data/TRAIN/DR4/MGAG0/SI645.WAV,h# hh iy ih gcl n ao r z gcl g ay dcl b uh kcl k f ae kcl k s h#, h i ɪ ɡ̚ n ɔ ɹ z ɡ̚ ɡ aɪ d̚ b ʊ k̚ k f æ k̚ k s 
/home/isaac/Projects/Thesis/data/timit/data/TRAIN/DR4/MGAG0/SI1321.WAV,h# dh eh er q aa pcl t ax m el hv ux m ih dx ix tcl t iy r ax-h kcl k w ay axr m axr n s f axr v eh r iy ih s q ey dcl jh ix n tcl s epi w eh nx eh er bcl b ao r n h#, ð ɛ ɝ ʔ ɑ p̚ t ə m l̩ ɦ ʉ m ɪ ɾ ɨ t̚ t i ɹ ə̥ k̚ k w aɪ ɚ m ɚ n s f ɚ v ɛ ɹ i ɪ s ʔ eɪ d̚ dʒ ɨ n t̚ s  w ɛ ɾ̃ ɛ ɝ b̚ b ɔ ɹ n 
/home/isaac/Projects/Thesis/data/timit/data/TRAIN/DR4/MTRT0/SI1227.WAV,h# f axr m ey ih q pau s pcl p ow kcl s ax v ao r dx er q ix n dcl d ix gcl g r iy l eh dcl t ix dh iy q aw w axr dcl d r ih ax m pau q ax v ix kcl k aa m ax n m ae n h#, f ɚ m eɪ ɪ ʔ  s p̚ p oʊ k̚ s ə v ɔ ɹ ɾ ɝ ʔ ɨ n d̚ d ɨ ɡ̚ ɡ ɹ i l ɛ d̚ t ɨ ð i ʔ aʊ w ɚ d̚ d ɹ ɪ ə m  ʔ ə v ɨ k̚ k ɑ m ə n m æ n 
/home/isaac/Projects/Thesis/data/timit/data/TRAIN/DR4/MTRT0/SX237.WAV,h# dh ix kcl k uw ih axr w ah z ix dcl d ao r f h#, ð ɨ k̚ k u ɪ ɚ w ʌ z ɨ d̚ d ɔ ɹ f 
/home/isaac/Projects/Thesis/data/timit/data/TRAIN/DR4/MTRT0/SX147.WAV,h# k ax-h r eh kcl t eh kcl k s kcl k ux sh ix n ax v m ay ix n s tcl t r ah kcl sh ix n z ix z kcl k r ux sh el h#, k ə̥ ɹ ɛ k̚ t ɛ k̚ k s k̚ k ʉ ʃ ɨ n ə v m aɪ ɨ n s t̚ t ɹ ʌ k̚ ʃ ɨ n z ɨ z k̚ k ɹ ʉ ʃ l̩ 
/home/isaac/Projects/Thesis/data/timit/data/TRAIN/DR4/MTRT0/SX254.WAV,h# d ix dh ey ax l aw q ey th iy ix s ix n tcl ch er tcl ch h#, d ɨ ð eɪ ə l aʊ ʔ eɪ θ i ɨ s ɨ n t̚ tʃ ɝ t̚ tʃ 
/home/isaac/Projects/Thesis/data/timit/data/TRAIN/DR4/MTRT0/SX417.WAV,h# v eh l ix l aa dcl jh y ih axr l iy s eh l ax bcl b r ey tcl t s dh ax f er s tcl k ae f bcl b ao r n h#, v ɛ l ɨ l ɑ d̚ dʒ j ɪ ɚ l i s ɛ l ə b̚ b ɹ eɪ t̚ t s ð ə f ɝ s t̚ k æ f b̚ b ɔ ɹ n 
/home/isaac/Projects/Thesis/data/timit/data/TRAIN/DR4/MTRT0/SI597.WAV,h# dh ax m ow m ax nx ix v tcl t r ux th ih z dh ax m ow m ax nx ax v kcl k r ay s ix s h#, ð ə m oʊ m ə ɾ̃ ɨ v t̚ t ɹ ʉ θ ɪ z ð ə m oʊ m ə ɾ̃ ə v k̚ k ɹ aɪ s ɨ s 
/home/isaac/Projects/Thesis/data/timit/data/TRAIN/DR4/MTRT0/SI1857.WAV,h# n ow gcl g er l w uh dcl g ow dh ih s f aa r tcl t ix f uw l ax m ae n s ow sh iy kcl k ix dcl k ih l ax m h#, n oʊ ɡ̚ ɡ ɝ l w ʊ d̚ ɡ oʊ ð ɪ s f ɑ ɹ t̚ t ɨ f u l ə m æ n s oʊ ʃ i k̚ k ɨ d̚ k ɪ l ə m 
/home/isaac/Projects/Thesis/data/timit/data/TRAIN/DR4/MTRT0/SX57.WAV,h# dh ix pcl p r aw l axr w ao r ix s kcl k iy m ae s kcl f axr dx ix s gcl g ay z h#, ð ɨ p̚ p ɹ aʊ l ɚ w ɔ ɹ ɨ s k̚ k i m æ s k̚ f ɚ ɾ ɨ s ɡ̚ ɡ aɪ z 
/home/isaac/Projects/Thesis/data/timit/data/TRAIN/DR4/MJXL0/SI1795.WAV,h# hh iy sh r ah gcl d kcl k ae zh uh ax l iy h#, h i ʃ ɹ ʌ ɡ̚ d k̚ k æ ʒ ʊ ə l i 
/home/isaac/Projects/Thesis/data/timit/data/TRAIN/DR4/MJXL0/SX452.WAV,h# ih n dcl d ax v eh l ax pcl p ix ng f ih l m eh nx iy tcl t aa kcl k s ix kcl k eh m ax kcl k el z axr y ux z dcl d h#, ɪ n d̚ d ə v ɛ l ə p̚ p ɨ ŋ f ɪ l m ɛ ɾ̃ i t̚ t ɑ k̚ k s ɨ k̚ k ɛ m ə k̚ k l̩ z ɚ j ʉ z d̚ d 
/home/isaac/Projects/Thesis/data/timit/data/TRAIN/DR4/MJXL0/SI1172.WAV,h# hh iy w aa z bcl b ih z ix hv iy s eh dcl pau q ih n hh ae v ix ng s ah m w ah n s ax bcl m ih tcl t uh ax m ah ng kcl k iy gcl g l ae n dcl d aa pcl p er ey sh ix n h#, h i w ɑ z b̚ b ɪ z ɨ ɦ i s ɛ d̚  ʔ ɪ n h æ v ɨ ŋ s ʌ m w ʌ n s ə b̚ m ɪ t̚ t ʊ ə m ʌ ŋ k̚ k i ɡ̚ ɡ l æ n d̚ d ɑ p̚ p ɝ eɪ ʃ ɨ n 
/home/isaac/Projects/Thesis/data/timit/data/TRAIN/DR4/MJXL0/SX92.WAV,h# ax l aa r dcl jh hv aw s hh ow l dcl n iy dcl z l aa tcl s ax v ax pcl p l ay ix n s ix z h#, ə l ɑ ɹ d̚ dʒ ɦ aʊ s h oʊ l d̚ n i d̚ z l ɑ t̚ s ə v ə p̚ p l aɪ ɨ n s ɨ z 
/home/isaac/Projects/Thesis/data/timit/data/TRAIN/DR4/MJXL0/SX182.WAV,h# th ih kcl g l ux pau ux z dcl d aw dx ax v dh ax tcl t ux bcl h#, θ ɪ k̚ ɡ l ʉ  ʉ z d̚ d aʊ ɾ ə v ð ə t̚ t ʉ b̚ 
/home/isaac/Projects/Thesis/data/timit/data/TRAIN/DR4/MJXL0/SI542.WAV,h# sh iy kcl k ey m bcl b ae kcl k dh iy ah dh axr dcl d ey tcl t ax r iy ix sh er m iy h#, ʃ i k̚ k eɪ m b̚ b æ k̚ k ð i ʌ ð ɚ d̚ d eɪ t̚ t ə ɹ i ɨ ʃ ɝ m i 
/home/isaac/Projects/Thesis/data/timit/data/TRAIN/DR4/MJXL0/SX362.WAV,h# dh iy ix n oy ix ng r ae kcl k ux n s l ih pcl t ix n tcl t ux f ih l z gcl g aa r dcl en q eh v r iy n ay tcl h#, ð i ɨ n ɔɪ ɨ ŋ ɹ æ k̚ k ʉ n s l ɪ p̚ t ɨ n t̚ t ʉ f ɪ l z ɡ̚ ɡ ɑ ɹ d̚ n̩ ʔ ɛ v ɹ i n aɪ t̚ 
/home/isaac/Projects/Thesis/data/timit/data/TRAIN/DR4/MJXL0/SX272.WAV,h# q ax l aw q iy tcl ch tcl ch ay l dcl t ax hv ae v ax nx ay s pcl p aa pcl h#, ʔ ə l aʊ ʔ i t̚ tʃ t̚ tʃ aɪ l d̚ t ə ɦ æ v ə ɾ̃ aɪ s p̚ p ɑ p̚ 
/home/isaac/Projects/Thesis/data/timit/data/TRAIN/DR4/MJRH0/SI1125.WAV,h# b ah dx ih n eh v r ix pcl p er iy ix dcl d ax q ih tcl hv ix z bcl b eh n hv y ux m ax n ix z ax m h#, b ʌ ɾ ɪ n ɛ v ɹ ɨ p̚ p ɝ i ɨ d̚ d ə ʔ ɪ t̚ ɦ ɨ z b̚ b ɛ n ɦ j ʉ m ə n ɨ z ə m 
/home/isaac/Projects/Thesis/data/timit/data/TRAIN/DR4/MJRH0/SX45.WAV,h# q ix dcl d ih sh en eh n s ax bcl t r ae kcl sh en aa r l er n dcl s kcl k ih l z h#, ʔ ɨ d̚ d ɪ ʃ n̩ ɛ n s ə b̚ t ɹ æ k̚ ʃ n̩ ɑ ɹ l ɝ n d̚ s k̚ k ɪ l z 
/home/isaac/Projects/Thesis/data/timit/data/TRAIN/DR4/MJRH0/SI1755.WAV,h# q ow n l iy dh eh n pau d ih dcl hh iy dcl d ix s ay dcl hh iy dcl d ih dx ix n q w aa n q w ah n h#, ʔ oʊ n l i ð ɛ n  d ɪ d̚ h i d̚ d ɨ s aɪ d̚ h i d̚ d ɪ ɾ ɨ n ʔ w ɑ n ʔ w ʌ n 
/home/isaac/Projects/Thesis/data/timit/data/TRAIN/DR4/MJRH0/SX405.WAV,h# q ah v kcl k ao r sh ux kcl k ix n hv ae v ah n ah dh axr tcl t ux nx ax f ih sh s ae n w ix tcl ch h#, ʔ ʌ v k̚ k ɔ ɹ ʃ ʉ k̚ k ɨ n ɦ æ v ʌ n ʌ ð ɚ t̚ t ʉ ɾ̃ ə f ɪ ʃ s æ n w ɨ t̚ tʃ 
/home/isaac/Projects/Thesis/data/timit/data/TRAIN/DR4/MJRH0/SX315.WAV,h# b aa bcl f aw n m ao r kcl k l ae m z q ix tcl dh ix q ow sh en z q eh dcl jh h#, b ɑ b̚ f aʊ n m ɔ ɹ k̚ k l æ m z ʔ ɨ t̚ ð ɨ ʔ oʊ ʃ n̩ z ʔ ɛ d̚ dʒ 
/home/isaac/Projects/Thesis/data/timit/data/TRAIN/DR4/MJRH0/SX135.WAV,h# t eh q n ix kcl k el r ay dx axr z kcl k ix n ax bcl b r iy v iy ey q ix n bcl b ih bcl l iy aa gcl g axr f iy z h#, t ɛ ʔ n ɨ k̚ k l̩ ɹ aɪ ɾ ɚ z k̚ k ɨ n ə b̚ b ɹ i v i eɪ ʔ ɨ n b̚ b ɪ b̚ l i ɑ ɡ̚ ɡ ɚ f i z 
/home/isaac/Projects/Thesis/data/timit/data/TRAIN/DR4/MJRH0/SI1840.WAV,h# dh ix gcl g uh dcl m ae n tcl ch aa r dx el dcl d ax pcl p r iy sh ax dx ih v l iy pau ix n dcl d iy s ay dx ix dcl dh ax tcl t r ih pcl w ax z epi w er th hh ix z tcl t ay m h#, ð ɨ ɡ̚ ɡ ʊ d̚ m æ n t̚ tʃ ɑ ɹ ɾ l̩ d̚ d ə p̚ p ɹ i ʃ ə ɾ ɪ v l i  ɨ n d̚ d i s aɪ ɾ ɨ d̚ ð ə t̚ t ɹ ɪ p̚ w ə z  w ɝ θ h ɨ z t̚ t aɪ m 
/home/isaac/Projects/Thesis/data/timit/data/TRAIN/DR4/MJRH0/SX225.WAV,h# k iy pcl dh ax th axr m aa m ax dx er q ah nx er y axr tcl t ah ng h#, k i p̚ ð ə θ ɚ m ɑ m ə ɾ ɝ ʔ ʌ ɾ̃ ɝ j ɚ t̚ t ʌ ŋ 
/home/isaac/Projects/Thesis/data/timit/data/TRAIN/DR4/MPRT0/SI580.WAV,h# t uw ao f ah n ax n l eh s iy hh eh l z dh eh m dh ey pcl p ae s ih m bcl b ay h#, t u ɔ f ʌ n ə n l ɛ s i h ɛ l z ð ɛ m ð eɪ p̚ p æ s ɪ m b̚ b aɪ 
/home/isaac/Projects/Thesis/data/timit/data/TRAIN/DR4/MPRT0/SI1210.WAV,h# hh ae z w iy ax bcl s er v m ao r ax l ao eh n f ih z ix kcl k el l ao dh ey ix pcl p ih axr q eh z bcl b iy ix ng ih nx eh v ix dx ax bcl b el h#, h æ z w i ə b̚ s ɝ v m ɔ ɹ ə l ɔ ɛ n f ɪ z ɨ k̚ k l̩ l ɔ ð eɪ ɨ p̚ p ɪ ɚ ʔ ɛ z b̚ b i ɨ ŋ ɪ ɾ̃ ɛ v ɨ ɾ ə b̚ b l̩ 
/home/isaac/Projects/Thesis/data/timit/data/TRAIN/DR4/MPRT0/SX400.WAV,h# jh ah s tcl d r aa pcl n ow dx ix s ix z ix n iy s ah dcl jh eh sh en bcl b aa kcl k s h#, dʒ ʌ s t̚ d ɹ ɑ p̚ n oʊ ɾ ɨ s ɨ z ɨ n i s ʌ d̚ dʒ ɛ ʃ n̩ b̚ b ɑ k̚ k s 
/home/isaac/Projects/Thesis/data/timit/data/TRAIN/DR4/MPRT0/SI495.WAV,h# dh ey q iy dh axr w ao kcl t axr w axr dcl d r ih v ax n h#, ð eɪ ʔ i ð ɚ w ɔ k̚ t ɚ w ɚ d̚ d ɹ ɪ v ə n 
/home/isaac/Projects/Thesis/data/timit/data/TRAIN/DR4/MPRT0/SX310.WAV,h# dh ax hh uh dx ax dh ax dcl jh iy pcl p w ah s tcl t iy m ix ng ix n dh ax hh aa tcl s ah n h#, ð ə h ʊ ɾ ə ð ə d̚ dʒ i p̚ p w ʌ s t̚ t i m ɨ ŋ ɨ n ð ə h ɑ t̚ s ʌ n 
/home/isaac/Projects/Thesis/data/timit/data/TRAIN/DR4/MPRT0/SX40.WAV,h# s tcl t ih m y ux l ey dx ix ng dcl d ix s kcl k ah sh en z kcl k iy pcl s tcl t ux dx ix n tcl s q ax tcl t eh n epi sh en h#, s t̚ t ɪ m j ʉ l eɪ ɾ ɨ ŋ d̚ d ɨ s k̚ k ʌ ʃ n̩ z k̚ k i p̚ s t̚ t ʉ ɾ ɨ n t̚ s ʔ ə t̚ t ɛ n  ʃ n̩ 
/home/isaac/Projects/Thesis/data/timit/data/TRAIN/DR4/MPRT0/SX130.WAV,h# hh iy q ey tcl f ao r eh kcl s tcl t r ax q eh gcl z f axr bcl b r eh kcl f ix s tcl t h#, h i ʔ eɪ t̚ f ɔ ɹ ɛ k̚ s t̚ t ɹ ə ʔ ɛ ɡ̚ z f ɚ b̚ b ɹ ɛ k̚ f ɨ s t̚ t 
/home/isaac/Projects/Thesis/data/timit/data/TRAIN/DR4/MPRT0/SX220.WAV,h# dh ax m ow s r iy s ix n tcl jh ih ax l aa dcl jh ax-h kcl k el s er v ey f aw n s ay z epi m ix kcl k ae kcl t ih v ix dx ix h#, ð ə m oʊ s ɹ i s ɨ n t̚ dʒ ɪ ə l ɑ d̚ dʒ ə̥ k̚ k l̩ s ɝ v eɪ f aʊ n s aɪ z  m ɨ k̚ k æ k̚ t ɪ v ɨ ɾ ɨ 
/home/isaac/Projects/Thesis/data/timit/data/TRAIN/DR4/MLEL0/SX166.WAV,h# b ay aa l ax dcl jh ix s tcl y ux z r ey dx iy ow ae kcl t ix v ay s ix tcl t ow pcl p s tcl t ix s tcl t ah dx iy m ay kcl k r ow ao r gcl g ix n ix z em z h#, b aɪ ɑ l ə d̚ dʒ ɨ s t̚ j ʉ z ɹ eɪ ɾ i oʊ æ k̚ t ɨ v aɪ s ɨ t̚ t oʊ p̚ p s t̚ t ɨ s t̚ t ʌ ɾ i m aɪ k̚ k ɹ oʊ ɔ ɹ ɡ̚ ɡ ɨ n ɨ z m̩ z 
/home/isaac/Projects/Thesis/data/timit/data/TRAIN/DR4/MLEL0/SX346.WAV,h# dh iy bcl b eh r ih kcl k ux dx ix r iy kcl k ao l dcl d f r ax m dh ax s er pcl p ax n tcl s pcl p oy z en ax s f ae ng gcl g s h#, ð i b̚ b ɛ ɹ ɪ k̚ k ʉ ɾ ɨ ɹ i k̚ k ɔ l d̚ d f ɹ ə m ð ə s ɝ p̚ p ə n t̚ s p̚ p ɔɪ z n̩ ə s f æ ŋ ɡ̚ ɡ s 
/home/isaac/Projects/Thesis/data/timit/data/TRAIN/DR4/MLEL0/SI1876.WAV,h# q ey v oy s pcl p ow kcl n ih r ix tcl hv ae n dcl d h#, ʔ eɪ v ɔɪ s p̚ p oʊ k̚ n ɪ ɹ ɨ t̚ ɦ æ n d̚ d 
/home/isaac/Projects/Thesis/data/timit/data/TRAIN/DR4/MLEL0/SI616.WAV,h# hh iy ih n dcl jh eh kcl t ih dcl m ow r v ay tcl t ae l ax tcl t iy ih n tcl t ux dh ix s kcl k ao r dh eh n ih tcl hv ae z r ix v iy l dx ix n m ih n iy y ih axr z h#, h i ɪ n d̚ dʒ ɛ k̚ t ɪ d̚ m oʊ ɹ v aɪ t̚ t æ l ə t̚ t i ɪ n t̚ t ʉ ð ɨ s k̚ k ɔ ɹ ð ɛ n ɪ t̚ ɦ æ z ɹ ɨ v i l ɾ ɨ n m ɪ n i j ɪ ɚ z 
/home/isaac/Projects/Thesis/data/timit/data/TRAIN/DR4/MLEL0/SX256.WAV,h# dh iy ay r ey tcl q ae kcl t axr s tcl t aa m pcl t ax w ey q ih dx iy aa dx ix kcl k l iy h#, ð i aɪ ɹ eɪ t̚ ʔ æ k̚ t ɚ s t̚ t ɑ m p̚ t ə w eɪ ʔ ɪ ɾ i ɑ ɾ ɨ k̚ k l i 
/home/isaac/Projects/Thesis/data/timit/data/TRAIN/DR4/MLEL0/SX76.WAV,h# jh eh n q l iy pcl p l ey s dcl jh ih m z f ow m s kcl k ah l pcl sh axr ix n dh ax bcl b aa kcl k s h#, dʒ ɛ n ʔ l i p̚ p l eɪ s d̚ dʒ ɪ m z f oʊ m s k̚ k ʌ l p̚ ʃ ɚ ɨ n ð ə b̚ b ɑ k̚ k s 
/home/isaac/Projects/Thesis/data/timit/data/TRAIN/DR4/MLEL0/SX436.WAV,h# p l iy s ih ng dcl jh eh s tcl dh ax kcl k l ah bcl th iy m h#, p l i s ɪ ŋ d̚ dʒ ɛ s t̚ ð ə k̚ k l ʌ b̚ θ i m 
/home/isaac/Projects/Thesis/data/timit/data/TRAIN/DR4/MLEL0/SI1246.WAV,h# hh iy w ah z pau dh ah s eh n q er l iy ae n s pcl p ax-h kcl t ae kcl k ax l axr v ih kcl t ax m h#, h i w ʌ z  ð ʌ s ɛ n ʔ ɝ l i æ n s p̚ p ə̥ k̚ t æ k̚ k ə l ɚ v ɪ k̚ t ə m 
/home/isaac/Projects/Thesis/data/timit/data/TRAIN/DR4/FDKN0/SX271.WAV,h# b iy kcl k eh r f el n aa tcl t ix pcl p l aw ow v r ix dh ix f l aw axr bcl b eh dcl d z h#, b i k̚ k ɛ ɹ f l̩ n ɑ t̚ t ɨ p̚ p l aʊ oʊ v ɹ ɨ ð ɨ f l aʊ ɚ b̚ b ɛ d̚ d z 
/home/isaac/Projects/Thesis/data/timit/data/TRAIN/DR4/FDKN0/SX451.WAV,h# dh ih th ih kcl k eh l m epi f ao r ix s tcl t w ix z epi n ih r l iy ow v axr w eh l m dcl d bcl b ay dcl d ah tcl ch eh l m dcl d ix z iy z h#, ð ɪ θ ɪ k̚ k ɛ l m  f ɔ ɹ ɨ s t̚ t w ɨ z  n ɪ ɹ l i oʊ v ɚ w ɛ l m d̚ d b̚ b aɪ d̚ d ʌ t̚ tʃ ɛ l m d̚ d ɨ z i z 
/home/isaac/Projects/Thesis/data/timit/data/TRAIN/DR4/FDKN0/SI1711.WAV,h# dh eh r gcl g oy n tcl t ix l aw s epi m iy ah pcl p gcl g uh dcl h#, ð ɛ ɹ ɡ̚ ɡ ɔɪ n t̚ t ɨ l aʊ s  m i ʌ p̚ p ɡ̚ ɡ ʊ d̚ 
/home/isaac/Projects/Thesis/data/timit/data/TRAIN/DR4/FDKN0/SI1202.WAV,h# hh ih z aa r tcl t ih s ix kcl k ix q k aa m pcl p l ix sh epi m ax n tcl s gcl g eh r ix n tcl t iy dcl d hv ix m q ix n tcl t r iy ix n dcl d ix q eh n iy s ow sh epi el gcl g ae dh ix r ix ng h#, h ɪ z ɑ ɹ t̚ t ɪ s ɨ k̚ k ɨ ʔ k ɑ m p̚ p l ɨ ʃ  m ə n t̚ s ɡ̚ ɡ ɛ ɹ ɨ n t̚ t i d̚ d ɦ ɨ m ʔ ɨ n t̚ t ɹ i ɨ n d̚ d ɨ ʔ ɛ n i s oʊ ʃ  l̩ ɡ̚ ɡ æ ð ɨ ɹ ɨ ŋ 
/home/isaac/Projects/Thesis/data/timit/data/TRAIN/DR4/FDKN0/SX181.WAV,h# r ih tcl ch l uh kcl t f axr s pcl p aa dx ax dcl hv ay iy n eh z eh n dcl jh ae gcl g w aa er z aa n ax s ax f aa r iy h#, ɹ ɪ t̚ tʃ l ʊ k̚ t f ɚ s p̚ p ɑ ɾ ə d̚ ɦ aɪ i n ɛ z ɛ n d̚ dʒ æ ɡ̚ ɡ w ɑ ɝ z ɑ n ə s ə f ɑ ɹ i 
/home/isaac/Projects/Thesis/data/timit/data/TRAIN/DR4/FDKN0/SI1081.WAV,h# q aw axr s ix kcl k s eh s axr z epi w el hh ae v ix n iy z iy axr tcl t ae epi s kcl k h#, ʔ aʊ ɚ s ɨ k̚ k s ɛ s ɚ z  w l̩ h æ v ɨ n i z i ɚ t̚ t æ  s k̚ k 
/home/isaac/Projects/Thesis/data/timit/data/TRAIN/DR4/FDKN0/SX361.WAV,h# dh ih s pcl p iy tcl ch s ix m pcl p ow z iy ix m ay tcl b ix gcl g ih n m ah n dcl d ey h#, ð ɪ s p̚ p i t̚ tʃ s ɨ m p̚ p oʊ z i ɨ m aɪ t̚ b ɨ ɡ̚ ɡ ɪ n m ʌ n d̚ d eɪ 
/home/isaac/Projects/Thesis/data/timit/data/TRAIN/DR4/FDKN0/SX91.WAV,h# dh ih m ih s pcl p r ih m pcl p r ax v ow kcl t ix n ix m iy dx iy ih tcl d ix s kcl k l ey m axr h#, ð ɪ m ɪ s p̚ p ɹ ɪ m p̚ p ɹ ə v oʊ k̚ t ɨ n ɨ m i ɾ i ɪ t̚ d ɨ s k̚ k l eɪ m ɚ 
/home/isaac/Projects/Thesis/data/timit/data/TRAIN/DR4/MKAM0/SX56.WAV,h# q ae kcl k ix dcl d eh m ix kcl k q ae pcl t ax-h tcl t ux dcl g ih r ix n tcl t iy zh y ao r dcl ax pcl p l ow m ax h#, ʔ æ k̚ k ɨ d̚ d ɛ m ɨ k̚ k ʔ æ p̚ t ə̥ t̚ t ʉ d̚ ɡ ɪ ɹ ɨ n t̚ t i ʒ j ɔ ɹ d̚ ə p̚ p l oʊ m ə 
/home/isaac/Projects/Thesis/data/timit/data/TRAIN/DR4/MKAM0/SX326.WAV,h# s tcl t iy v kcl k ax l eh kcl k s epi r eh r q eh n aa l v kcl k oy n z h#, s t̚ t i v k̚ k ə l ɛ k̚ k s  ɹ ɛ ɹ ʔ ɛ n ɑ l v k̚ k ɔɪ n z 
/home/isaac/Projects/Thesis/data/timit/data/TRAIN/DR4/MKAM0/SX416.WAV,h# q ah hh y ux dcl jh pcl p aw axr q aw dx ix dcl jh epi r er l iy ix kcl k er z h#, ʔ ʌ h j ʉ d̚ dʒ p̚ p aʊ ɚ ʔ aʊ ɾ ɨ d̚ dʒ  ɹ ɝ l i ɨ k̚ k ɝ z 
/home/isaac/Projects/Thesis/data/timit/data/TRAIN/DR4/MKAM0/SX236.WAV,h# k l ih axr pcl p axr n ah n s iy ey sh ix n q ix z ax pcl p r iy sh iy ey dx ix dcl h#, k l ɪ ɚ p̚ p ɚ n ʌ n s i eɪ ʃ ɨ n ʔ ɨ z ə p̚ p ɹ i ʃ i eɪ ɾ ɨ d̚ 
/home/isaac/Projects/Thesis/data/timit/data/TRAIN/DR4/MKAM0/SI1250.WAV,h# q eh v ix dx ix n s dh eh tcl q ah dh axr s ao r s ax z ax f ay nx ae n s iy n q ax r q ah n ax v ey l bcl el pau m ah s tcl b iy pcl p axr v ay dx ix dcl h#, ʔ ɛ v ɨ ɾ ɨ n s ð ɛ t̚ ʔ ʌ ð ɚ s ɔ ɹ s ə z ə f aɪ ɾ̃ æ n s i n ʔ ə ɹ ʔ ʌ n ə v eɪ l b̚ l̩  m ʌ s t̚ b i p̚ p ɚ v aɪ ɾ ɨ d̚ 
/home/isaac/Projects/Thesis/data/timit/data/TRAIN/DR4/MKAM0/SI1316.WAV,h# s pcl p ey s pcl p r ow bcl b z hh eh v y iy l d ix dcl d l ih dx el q ix n f axr m ey sh ix n h#, s p̚ p eɪ s p̚ p ɹ oʊ b̚ b z h ɛ v j i l d ɨ d̚ d l ɪ ɾ l̩ ʔ ɨ n f ɚ m eɪ ʃ ɨ n 
/home/isaac/Projects/Thesis/data/timit/data/TRAIN/DR4/MKAM0/SI1465.WAV,h# dh ix s pcl p r aa s eh s pau ix z ix s pcl p eh sh l iy dcl d ih f ax-h kcl k el tcl t pau s ix n s dcl jh ay r ow dcl d r ih f tcl t iy n pau ix z tcl t ix pcl p ax kcl k l iy r ae n dcl d ax m h#, ð ɨ s p̚ p ɹ ɑ s ɛ s  ɨ z ɨ s p̚ p ɛ ʃ l i d̚ d ɪ f ə̥ k̚ k l̩ t̚ t  s ɨ n s d̚ dʒ aɪ ɹ oʊ d̚ d ɹ ɪ f t̚ t i n  ɨ z t̚ t ɨ p̚ p ə k̚ k l i ɹ æ n d̚ d ə m 
/home/isaac/Projects/Thesis/data/timit/data/TRAIN/DR4/MKAM0/SX146.WAV,h# s ih kcl k l ax kcl k el pcl p r ow gcl g r ae m z pau w el n eh v axr kcl k em pcl p ay l h#, s ɪ k̚ k l ə k̚ k l̩ p̚ p ɹ oʊ ɡ̚ ɡ ɹ æ m z  w l̩ n ɛ v ɚ k̚ k m̩ p̚ p aɪ l 
/home/isaac/Projects/Thesis/data/timit/data/TRAIN/DR4/MLJH0/SI694.WAV,h# dh iy n ux bcl b er th pau ih z epi m axr ae kcl k y ix l ax s pau q eh n m ax s tcl t ih r iy ax s h#, ð i n ʉ b̚ b ɝ θ  ɪ z  m ɚ æ k̚ k j ɨ l ə s  ʔ ɛ n m ə s t̚ t ɪ ɹ i ə s 
/home/isaac/Projects/Thesis/data/timit/data/TRAIN/DR4/MLJH0/SX424.WAV,h# t aa pcl p z iy nx ah z pau r eh r l ix hv ae v kcl k r uh kcl k ix dcl s tcl t eh ax m s h#, t ɑ p̚ p z i ɾ̃ ʌ z  ɹ ɛ ɹ l ɨ ɦ æ v k̚ k ɹ ʊ k̚ k ɨ d̚ s t̚ t ɛ ə m s 
/home/isaac/Projects/Thesis/data/timit/data/TRAIN/DR4/MLJH0/SX64.WAV,h# r eh gcl y ix l axr q ax tcl t ih n dcl d eh n s q ix s eh l dcl d ah m r ix kcl k w ay axr dcl d h#, ɹ ɛ ɡ̚ j ɨ l ɚ ʔ ə t̚ t ɪ n d̚ d ɛ n s ʔ ɨ s ɛ l d̚ d ʌ m ɹ ɨ k̚ k w aɪ ɚ d̚ d 
/home/isaac/Projects/Thesis/data/timit/data/TRAIN/DR4/MLJH0/SX244.WAV,h# hh er bcl b z bcl b er th dcl d ey pau q ax kcl k er z pau f r iy kcl k w ax n q l iy pau ao n th ih ng k s gcl g ih v ih n h#, h ɝ b̚ b z b̚ b ɝ θ d̚ d eɪ  ʔ ə k̚ k ɝ z  f ɹ i k̚ k w ə n ʔ l i  ɔ n θ ɪ ŋ k s ɡ̚ ɡ ɪ v ɪ n 
/home/isaac/Projects/Thesis/data/timit/data/TRAIN/DR4/MLJH0/SI1422.WAV,h# dh eh r q aa r m ih n iy s ah tcl ch pau k aa m pcl p ax n tcl t ax n q l iy pau ax n aa nx ax m ah s pcl p ax f ao r m ax n s ih z pau q ax m ah n dh iy q er l iy axr pcl p ow eh m z h#, ð ɛ ɹ ʔ ɑ ɹ m ɪ n i s ʌ t̚ tʃ  k ɑ m p̚ p ə n t̚ t ə n ʔ l i  ə n ɑ ɾ̃ ə m ʌ s p̚ p ə f ɔ ɹ m ə n s ɪ z  ʔ ə m ʌ n ð i ʔ ɝ l i ɚ p̚ p oʊ ɛ m z 
/home/isaac/Projects/Thesis/data/timit/data/TRAIN/DR4/MLJH0/SX154.WAV,h# ao r n jh dcl jh ux s tcl t ey s tcl t f ah n iy pau q ae f tcl t axr tcl t ux th pcl p ey s tcl t h#, ɔ ɹ n dʒ d̚ dʒ ʉ s t̚ t eɪ s t̚ t f ʌ n i  ʔ æ f t̚ t ɚ t̚ t ʉ θ p̚ p eɪ s t̚ t 
/home/isaac/Projects/Thesis/data/timit/data/TRAIN/DR4/MLJH0/SI1324.WAV,h# q ih dx ih z ey hv ae pcl p iy pau bcl b ah z ih n pau k r aw dcl d h#, ʔ ɪ ɾ ɪ z eɪ ɦ æ p̚ p i  b̚ b ʌ z ɪ n  k ɹ aʊ d̚ d 
/home/isaac/Projects/Thesis/data/timit/data/TRAIN/DR4/MLJH0/SX334.WAV,h# ao f tcl t ih n y ix l gcl g ih tcl b ae kcl m ao r dh eh n y ux pcl p uh dx ih ax n h#, ɔ f t̚ t ɪ n j ɨ l ɡ̚ ɡ ɪ t̚ b æ k̚ m ɔ ɹ ð ɛ n j ʉ p̚ p ʊ ɾ ɪ ə n 
/home/isaac/Projects/Thesis/data/timit/data/TRAIN/DR4/MJAC0/SI2148.WAV,h# l uh kcl k s ah m w axr eh l s h#, l ʊ k̚ k s ʌ m w ɚ ɛ l s 
/home/isaac/Projects/Thesis/data/timit/data/TRAIN/DR4/MJAC0/SX307.WAV,h# dh ix m iy dx iy ng ih z n aw axr dcl jh er n dcl d h#, ð ɨ m i ɾ i ŋ ɪ z n aʊ ɚ d̚ dʒ ɝ n d̚ d 
/home/isaac/Projects/Thesis/data/timit/data/TRAIN/DR4/MJAC0/SX431.WAV,h# dh ix f ih f dcl jh y aa r kcl k ix n tcl t ey n z bcl b ih gcl g pau jh ux s iy pcl p iy tcl ch ix s h#, ð ɨ f ɪ f d̚ dʒ j ɑ ɹ k̚ k ɨ n t̚ t eɪ n z b̚ b ɪ ɡ̚ ɡ  dʒ ʉ s i p̚ p i t̚ tʃ ɨ s 
/home/isaac/Projects/Thesis/data/timit/data/TRAIN/DR4/MJAC0/SX71.WAV,h# p ao r kcl k ux pcl p ay n s pau r iy z eh m b el s iy er tcl ch ix n s h#, p ɔ ɹ k̚ k ʉ p̚ p aɪ n s  ɹ i z ɛ m b l̩ s i ɝ t̚ tʃ ɨ n s 
/home/isaac/Projects/Thesis/data/timit/data/TRAIN/DR4/MJAC0/SI1331.WAV,h# n ow f ix s ih kcl k y l ey sh ih n z q er s eh n tcl s axr dcl d iy f eh kcl k s w axr f aw n dcl d h#, n oʊ f ɨ s ɪ k̚ k j l eɪ ʃ ɪ n z ʔ ɝ s ɛ n t̚ s ɚ d̚ d i f ɛ k̚ k s w ɚ f aʊ n d̚ d 
/home/isaac/Projects/Thesis/data/timit/data/TRAIN/DR4/MJAC0/SI701.WAV,h# dh eh r er pcl p iy pcl p el hv ux tcl t r ae v el l ao ng dcl d ih s tcl t ix n tcl s ax z tcl t uh sh er m ay kcl k ix tcl t ih n y ux dx ih gcl z ih s tcl t ix n s h#, ð ɛ ɹ ɝ p̚ p i p̚ p l̩ ɦ ʉ t̚ t ɹ æ v l̩ l ɔ ŋ d̚ d ɪ s t̚ t ɨ n t̚ s ə z t̚ t ʊ ʃ ɝ m aɪ k̚ k ɨ t̚ t ɪ n j ʉ ɾ ɪ ɡ̚ z ɪ s t̚ t ɨ n s 
/home/isaac/Projects/Thesis/data/timit/data/TRAIN/DR4/MJAC0/SX251.WAV,h# w iy q ae pcl p l ay q ao dx axr tcl t ao r ix m aa dx ax l ix ng tcl t ix kcl k em pcl p ux dx axr s pcl p iy tcl ch r eh kcl k ix gcl n ih sh ix n h#, w i ʔ æ p̚ p l aɪ ʔ ɔ ɾ ɚ t̚ t ɔ ɹ ɨ m ɑ ɾ ə l ɨ ŋ t̚ t ɨ k̚ k m̩ p̚ p ʉ ɾ ɚ s p̚ p i t̚ tʃ ɹ ɛ k̚ k ɨ ɡ̚ n ɪ ʃ ɨ n 
/home/isaac/Projects/Thesis/data/timit/data/TRAIN/DR4/MJAC0/SX341.WAV,h# dh ax hv ay s ix kcl k y er dx iy pcl p r ih z ax n w ax s axr aw n d ix dcl b ax bcl b aa r bcl w ay axr h#, ð ə ɦ aɪ s ɨ k̚ k j ɝ ɾ i p̚ p ɹ ɪ z ə n w ə s ɚ aʊ n d ɨ d̚ b ə b̚ b ɑ ɹ b̚ w aɪ ɚ 
/home/isaac/Projects/Thesis/data/timit/data/TRAIN/DR4/FLKM0/SI686.WAV,h# ah dh er z epi w er q ax f ih m axr el h#, ʌ ð ɝ z  w ɝ ʔ ə f ɪ m ɚ l̩ 
/home/isaac/Projects/Thesis/data/timit/data/TRAIN/DR4/FLKM0/SI620.WAV,h# hh ih z pcl p ax-h tcl t r ey ix l q ah v ax n q eh dcl jh iy hv eh dcl d ix n dh ix kcl k l aw dcl z q aa r tcl t ix s tcl t pau ix z v er tcl ch el iy f l ao l ax s h#, h ɪ z p̚ p ə̥ t̚ t ɹ eɪ ɨ l ʔ ʌ v ə n ʔ ɛ d̚ dʒ i ɦ ɛ d̚ d ɨ n ð ɨ k̚ k l aʊ d̚ z ʔ ɑ ɹ t̚ t ɨ s t̚ t  ɨ z v ɝ t̚ tʃ l̩ i f l ɔ l ə s 
/home/isaac/Projects/Thesis/data/timit/data/TRAIN/DR4/FLKM0/SX350.WAV,h# m ih nx iy w eh l th iy tcl t ay kcl k ux n z pau s pcl p l er dcl jh dcl d ih n bcl b ao tcl b ow th ix y aa tcl t q eh n ax s kcl k ux n axr h#, m ɪ ɾ̃ i w ɛ l θ i t̚ t aɪ k̚ k ʉ n z  s p̚ p l ɝ d̚ dʒ d̚ d ɪ n b̚ b ɔ t̚ b oʊ θ ɨ j ɑ t̚ t ʔ ɛ n ə s k̚ k ʉ n ɚ 
/home/isaac/Projects/Thesis/data/timit/data/TRAIN/DR4/FLKM0/SX260.WAV,h# r ih m eh m bcl b er tcl t uw ah l aw q ay dcl d eh nx ix kcl k el tcl t w ih n z tcl t ix q eh n tcl t axr f r iy l iy h#, ɹ ɪ m ɛ m b̚ b ɝ t̚ t u ʌ l aʊ ʔ aɪ d̚ d ɛ ɾ̃ ɨ k̚ k l̩ t̚ t w ɪ n z t̚ t ɨ ʔ ɛ n t̚ t ɚ f ɹ i l i 
/home/isaac/Projects/Thesis/data/timit/data/TRAIN/DR4/FLKM0/SI1880.WAV,h# hh iy pcl p ih kcl t ah pcl dh ax pcl p aw dx axr kcl k ae nx ax s tcl t er q ih n r ae n q aw tcl t h#, h i p̚ p ɪ k̚ t ʌ p̚ ð ə p̚ p aʊ ɾ ɚ k̚ k æ ɾ̃ ə s t̚ t ɝ ʔ ɪ n ɹ æ n ʔ aʊ t̚ t 
/home/isaac/Projects/Thesis/data/timit/data/TRAIN/DR4/FLKM0/SX116.WAV,h# k l ae s pcl p dh ax s kcl k r ux ix n y axr l eh f tcl t hh ae y ax n dcl d h#, k l æ s p̚ p ð ə s k̚ k ɹ ʉ ɨ n j ɚ l ɛ f t̚ t h æ j ə n d̚ d 
/home/isaac/Projects/Thesis/data/timit/data/TRAIN/DR4/FLKM0/SX440.WAV,h# dh iy q ae dcl d v axr tcl t ay z iy ng v er s ax v pcl p l ih m ix th v axr ay ix tcl t iy s tcl t ao r n eh v axr tcl ch ey n dcl jh ix z h#, ð i ʔ æ d̚ d v ɚ t̚ t aɪ z i ŋ v ɝ s ə v p̚ p l ɪ m ɨ θ v ɚ aɪ ɨ t̚ t i s t̚ t ɔ ɹ n ɛ v ɚ t̚ tʃ eɪ n d̚ dʒ ɨ z 
/home/isaac/Projects/Thesis/data/timit/data/TRAIN/DR4/FLKM0/SX80.WAV,h# ih tcl t s q ih l iy gcl g el tcl t ax-h pcl p ow s tcl d ey tcl t ix tcl ch eh kcl k h#, ɪ t̚ t s ʔ ɪ l i ɡ̚ ɡ l̩ t̚ t ə̥ p̚ p oʊ s t̚ d eɪ t̚ t ɨ t̚ tʃ ɛ k̚ k 
/home/isaac/Projects/Thesis/data/timit/data/TRAIN/DR4/FJWB1/SI795.WAV,h# hh w ih n sh eh dcl dh ey l iy v r ah s tcl t w aa r kcl k s h#, h w ɪ n ʃ ɛ d̚ ð eɪ l i v ɹ ʌ s t̚ t w ɑ ɹ k̚ k s 
/home/isaac/Projects/Thesis/data/timit/data/TRAIN/DR4/FJWB1/SX435.WAV,h# dh ax r ih tcl sh uh dx uh n v eh s tcl t ax m bcl b l ae kcl z axr kcl k aa n epi z ax s tcl t eh dx ah s tcl t aa l ix sh ux z h#, ð ə ɹ ɪ t̚ ʃ ʊ ɾ ʊ n v ɛ s t̚ t ə m b̚ b l æ k̚ z ɚ k̚ k ɑ n  z ə s t̚ t ɛ ɾ ʌ s t̚ t ɑ l ɨ ʃ ʉ z 
/home/isaac/Projects/Thesis/data/timit/data/TRAIN/DR4/FJWB1/SX255.WAV,h# m aa ay dcl d ih l m ao r nx ix ng bcl b ix gcl g ih z w ax th hh aa q kcl k ao f iy h#, m ɑ aɪ d̚ d ɪ l m ɔ ɹ ɾ̃ ɨ ŋ b̚ b ɨ ɡ̚ ɡ ɪ z w ə θ h ɑ ʔ k̚ k ɔ f i 
/home/isaac/Projects/Thesis/data/timit/data/TRAIN/DR4/FJWB1/SI748.WAV,h# t ax-h pcl p axr pcl p eh r m ah s tcl t er dcl k r iy m bcl b l eh n m ah s tcl t axr dcl w ax th ax n ah f epi w ao dx axr tcl t m ey kcl k ix th ih n pcl p ey s tcl t h#, t ə̥ p̚ p ɚ p̚ p ɛ ɹ m ʌ s t̚ t ɝ d̚ k ɹ i m b̚ b l ɛ n m ʌ s t̚ t ɚ d̚ w ə θ ə n ʌ f  w ɔ ɾ ɚ t̚ t m eɪ k̚ k ɨ θ ɪ n p̚ p eɪ s t̚ t 
/home/isaac/Projects/Thesis/data/timit/data/TRAIN/DR4/FJWB1/SX345.WAV,h# t r ih sh s ao q aw er z ix n aw axr z ix m ux v iy s ae dx axr dx ey h#, t ɹ ɪ ʃ s ɔ ʔ aʊ ɝ z ɨ n aʊ ɚ z ɨ m ʉ v i s æ ɾ ɚ ɾ eɪ 
/home/isaac/Projects/Thesis/data/timit/data/TRAIN/DR4/FJWB1/SX165.WAV,h# dh ix q iy z ix gcl g ow ix ng z ow ao l dcl jh ix s tcl r axr l ae kcl s th r uh aw tcl dh ax v ax w ih dcl ch h#, ð ɨ ʔ i z ɨ ɡ̚ ɡ oʊ ɨ ŋ z oʊ ɔ l d̚ dʒ ɨ s t̚ ɹ ɚ l æ k̚ s θ ɹ ʊ aʊ t̚ ð ə v ə w ɪ d̚ tʃ 
/home/isaac/Projects/Thesis/data/timit/data/TRAIN/DR4/FJWB1/SI2055.WAV,h# k ae q s iy m t ax l ow kcl k ey q l ae n m aa r kcl k s ix n dh ih s epi n ow h#, k æ ʔ s i m t ə l oʊ k̚ k eɪ ʔ l æ n m ɑ ɹ k̚ k s ɨ n ð ɪ s  n oʊ 
/home/isaac/Projects/Thesis/data/timit/data/TRAIN/DR4/FJWB1/SX75.WAV,h# f ih l dh ae tcl k eh n tcl t iy n w uh tcl t f r eh sh pcl p r ih ng w ao dx axr h#, f ɪ l ð æ t̚ k ɛ n t̚ t i n w ʊ t̚ t f ɹ ɛ ʃ p̚ p ɹ ɪ ŋ w ɔ ɾ ɚ 
/home/isaac/Projects/Thesis/data/timit/data/TRAIN/DR4/MMGC0/SX45.WAV,h# q eh dcl d ih sh ix n q ae n s ax bcl t r ae kcl sh ix n aa r l er n dcl s kcl k ih l z h#, ʔ ɛ d̚ d ɪ ʃ ɨ n ʔ æ n s ə b̚ t ɹ æ k̚ ʃ ɨ n ɑ ɹ l ɝ n d̚ s k̚ k ɪ l z 
/home/isaac/Projects/Thesis/data/timit/data/TRAIN/DR4/MMGC0/SI1305.WAV,h# ih f dh ey er n aa tcl ih l ih pcl s oy dcl z dh ix kcl k ix n kcl k l ux zh ix n z w el bcl b iy ih r iy z en ix bcl b el ax pcl p r aa kcl k s ix m ey sh en h#, ɪ f ð eɪ ɝ n ɑ t̚ ɪ l ɪ p̚ s ɔɪ d̚ z ð ɨ k̚ k ɨ n k̚ k l ʉ ʒ ɨ n z w l̩ b̚ b i ɪ ɹ i z n̩ ɨ b̚ b l̩ ə p̚ p ɹ ɑ k̚ k s ɨ m eɪ ʃ n̩ 
/home/isaac/Projects/Thesis/data/timit/data/TRAIN/DR4/MMGC0/SI1935.WAV,h# ih n m ay pcl p l ey s y ux dcl d f aa l ax s ah tcl ch ix dcl v ay s ix zh ux gcl g ih v m iy h#, ɪ n m aɪ p̚ p l eɪ s j ʉ d̚ d f ɑ l ə s ʌ t̚ tʃ ɨ d̚ v aɪ s ɨ ʒ ʉ ɡ̚ ɡ ɪ v m i 
/home/isaac/Projects/Thesis/data/timit/data/TRAIN/DR4/MMGC0/SI2184.WAV,h# iy dh ix dh ae tcl pau ao r axr v eh tcl t axr n eh r iy ix n h#, i ð ɨ ð æ t̚  ɔ ɹ ɚ v ɛ t̚ t ɚ n ɛ ɹ i ɨ n 
/home/isaac/Projects/Thesis/data/timit/data/TRAIN/DR4/MMGC0/SX405.WAV,h# ah v kcl k ao r sh ux kcl k ih n hv ae v ax n ah dh ix tcl t ux n ah f ih sh s ae n dcl d w ix tcl ch h#, ʌ v k̚ k ɔ ɹ ʃ ʉ k̚ k ɪ n ɦ æ v ə n ʌ ð ɨ t̚ t ʉ n ʌ f ɪ ʃ s æ n d̚ d w ɨ t̚ tʃ 
/home/isaac/Projects/Thesis/data/timit/data/TRAIN/DR4/MMGC0/SX315.WAV,h# b aa bcl f aw n m ao r kcl k l ae m z ix tcl dh iy ow sh ix n z eh dcl jh h#, b ɑ b̚ f aʊ n m ɔ ɹ k̚ k l æ m z ɨ t̚ ð i oʊ ʃ ɨ n z ɛ d̚ dʒ 
/home/isaac/Projects/Thesis/data/timit/data/TRAIN/DR4/MMGC0/SX135.WAV,h# t eh kcl n ix kcl k el r ay dx axr z kcl k ix nx ix bcl b r iy v iy ey dx ix n bcl b ih bcl b l ih aa gcl g axr f iy z h#, t ɛ k̚ n ɨ k̚ k l̩ ɹ aɪ ɾ ɚ z k̚ k ɨ ɾ̃ ɨ b̚ b ɹ i v i eɪ ɾ ɨ n b̚ b ɪ b̚ b l ɪ ɑ ɡ̚ ɡ ɚ f i z 
/home/isaac/Projects/Thesis/data/timit/data/TRAIN/DR4/MMGC0/SX225.WAV,h# k iy pcl th ax-h th er m aa m ax tcl t axr q ah n dcl d axr y axr tcl t ah ng h#, k i p̚ θ ə̥ θ ɝ m ɑ m ə t̚ t ɚ ʔ ʌ n d̚ d ɚ j ɚ t̚ t ʌ ŋ 
/home/isaac/Projects/Thesis/data/timit/data/TRAIN/DR4/MLJC0/SX235.WAV,h# q ay q aa tcl ix m ay z q ao l ax kcl k aw n tcl s ih n m ay y ey dcl jh en s iy h#, ʔ aɪ ʔ ɑ t̚ ɨ m aɪ z ʔ ɔ l ə k̚ k aʊ n t̚ s ɪ n m aɪ j eɪ d̚ dʒ n̩ s i 
/home/isaac/Projects/Thesis/data/timit/data/TRAIN/DR4/MLJC0/SX325.WAV,h# dh ix f uh l m ux n sh ow n bcl b r ay tcl l iy dh eh tcl n ay tcl t h#, ð ɨ f ʊ l m ʉ n ʃ oʊ n b̚ b ɹ aɪ t̚ l i ð ɛ t̚ n aɪ t̚ t 
/home/isaac/Projects/Thesis/data/timit/data/TRAIN/DR4/MLJC0/SX415.WAV,h# m ux v dh ix gcl g aa r bcl b ix dcl jh epi n ih r axr tcl t ix dh ax l aa r dcl jh w ih n dcl d ow h#, m ʉ v ð ɨ ɡ̚ ɡ ɑ ɹ b̚ b ɨ d̚ dʒ  n ɪ ɹ ɚ t̚ t ɨ ð ə l ɑ ɹ d̚ dʒ w ɪ n d̚ d oʊ 
/home/isaac/Projects/Thesis/data/timit/data/TRAIN/DR4/MLJC0/SI595.WAV,h# dh eh r pcl p r ay v ey sh ix n z axr ao m ow s tcl t bcl b iy y aa nx ix n dcl d er r ix n s h#, ð ɛ ɹ p̚ p ɹ aɪ v eɪ ʃ ɨ n z ɚ ɔ m oʊ s t̚ t b̚ b i j ɑ ɾ̃ ɨ n d̚ d ɝ ɹ ɨ n s 
/home/isaac/Projects/Thesis/data/timit/data/TRAIN/DR4/MLJC0/SI1225.WAV,h# dh ix tcl t r ae dcl jh ix kcl k s tcl t ey dcl jh pau ix z ey pcl p l ae tcl f ao r m ix kcl k s tcl t eh n ix eng pcl p r ix kcl k eh r iy ix s epi l ix pau b ix tcl t w ih n hv eh v ax nx ax n hv eh l h#, ð ɨ t̚ t ɹ æ d̚ dʒ ɨ k̚ k s t̚ t eɪ d̚ dʒ  ɨ z eɪ p̚ p l æ t̚ f ɔ ɹ m ɨ k̚ k s t̚ t ɛ n ɨ ŋ̍ p̚ p ɹ ɨ k̚ k ɛ ɹ i ɨ s  l ɨ  b ɨ t̚ t w ɪ n ɦ ɛ v ə ɾ̃ ə n ɦ ɛ l 
/home/isaac/Projects/Thesis/data/timit/data/TRAIN/DR4/MLJC0/SI1855.WAV,h# p iy pcl p el n eh v axr l ih v f axr eh v axr h#, p i p̚ p l̩ n ɛ v ɚ l ɪ v f ɚ ɛ v ɚ 
/home/isaac/Projects/Thesis/data/timit/data/TRAIN/DR4/MLJC0/SX55.WAV,h# dh ax l ae kcl k ax v hh iy tcl k aa m pcl p ah n d ix dcl dh ax tcl t ih n ix n tcl t s gcl g r iy v ix n s ix s h#, ð ə l æ k̚ k ə v h i t̚ k ɑ m p̚ p ʌ n d ɨ d̚ ð ə t̚ t ɪ n ɨ n t̚ t s ɡ̚ ɡ ɹ i v ɨ n s ɨ s 
/home/isaac/Projects/Thesis/data/timit/data/TRAIN/DR4/MLJC0/SX145.WAV,h# t ux m ah tcl ch kcl k er iy aa s ix tcl t iy kcl k ix ng g ih tcl y ux ix n tcl t ux tcl t r ah bcl b el h#, t ʉ m ʌ t̚ tʃ k̚ k ɝ i ɑ s ɨ t̚ t i k̚ k ɨ ŋ ɡ ɪ t̚ j ʉ ɨ n t̚ t ʉ t̚ t ɹ ʌ b̚ b l̩ 
/home/isaac/Projects/Thesis/data/timit/data/TRAIN/DR4/FPAF0/SX424.WAV,h# t aa pcl z iy n y ix z epi r eh r l ix hv eh v kcl k r uh kcl k ix tcl t s tcl t ey ae m z h#, t ɑ p̚ z i n j ɨ z  ɹ ɛ ɹ l ɨ ɦ ɛ v k̚ k ɹ ʊ k̚ k ɨ t̚ t s t̚ t eɪ æ m z 
/home/isaac/Projects/Thesis/data/timit/data/TRAIN/DR4/FPAF0/SX64.WAV,h# r eh gcl g ih dx axr ix tcl t ih n ix n tcl s ix s epi eh l dcl d ax m r ix kcl k w aa axr dcl h#, ɹ ɛ ɡ̚ ɡ ɪ ɾ ɚ ɨ t̚ t ɪ n ɨ n t̚ s ɨ s  ɛ l d̚ d ə m ɹ ɨ k̚ k w ɑ ɚ d̚ 
/home/isaac/Projects/Thesis/data/timit/data/TRAIN/DR4/FPAF0/SI1054.WAV,h# q ah kcl k aa n s eh pcl t ix v r ix s pcl p aa n tcl s ax bcl b ih l ax tcl t iy ix z ix n pcl p r aa s eh s ax v aa r tcl t ix kcl k y ix l ey sh epi en ax n ax s tcl t ae bcl b l ix sh epi em tcl t h#, ʔ ʌ k̚ k ɑ n s ɛ p̚ t ɨ v ɹ ɨ s p̚ p ɑ n t̚ s ə b̚ b ɪ l ə t̚ t i ɨ z ɨ n p̚ p ɹ ɑ s ɛ s ə v ɑ ɹ t̚ t ɨ k̚ k j ɨ l eɪ ʃ  n̩ ə n ə s t̚ t æ b̚ b l ɨ ʃ  m̩ t̚ t 
/home/isaac/Projects/Thesis/data/timit/data/TRAIN/DR4/FPAF0/SX244.WAV,h# hh aa r bcl b z bcl b er th dcl d ey kcl k axr s f r ih kcl k w ax l ix ao n epi th ay ng kcl k s gcl g ix v ix ng h#, h ɑ ɹ b̚ b z b̚ b ɝ θ d̚ d eɪ k̚ k ɚ s f ɹ ɪ k̚ k w ə l ɨ ɔ n  θ aɪ ŋ k̚ k s ɡ̚ ɡ ɨ v ɨ ŋ 
/home/isaac/Projects/Thesis/data/timit/data/TRAIN/DR4/FPAF0/SX154.WAV,h# q ao r ix n dcl jh dcl jh ux s tcl t ey s tcl f ah n iy ae f tcl t axr tcl t ux th pcl p ey s tcl t h#, ʔ ɔ ɹ ɨ n d̚ dʒ d̚ dʒ ʉ s t̚ t eɪ s t̚ f ʌ n i æ f t̚ t ɚ t̚ t ʉ θ p̚ p eɪ s t̚ t 
/home/isaac/Projects/Thesis/data/timit/data/TRAIN/DR4/FPAF0/SI1684.WAV,h# sh iy ae s kcl w ax th axr r eh pcl p axr tcl t ao r ix el gcl g l iy m ix nx axr ay h#, ʃ i æ s k̚ w ə θ ɚ ɹ ɛ p̚ p ɚ t̚ t ɔ ɹ ɨ l̩ ɡ̚ ɡ l i m ɨ ɾ̃ ɚ aɪ 
/home/isaac/Projects/Thesis/data/timit/data/TRAIN/DR4/FPAF0/SX334.WAV,h# q aa f ax n y el gcl g eh tcl b ae kcl m ao r dh ix n y ix pcl p uh dx ih ix n h#, ʔ ɑ f ə n j l̩ ɡ̚ ɡ ɛ t̚ b æ k̚ m ɔ ɹ ð ɨ n j ɨ p̚ p ʊ ɾ ɪ ɨ n 
/home/isaac/Projects/Thesis/data/timit/data/TRAIN/DR4/FPAF0/SI2314.WAV,h# b ah dx eh v r iy bcl b ah dx iy kcl k aa l zh ix dcl jh ux n y axr h#, b ʌ ɾ ɛ v ɹ i b̚ b ʌ ɾ i k̚ k ɑ l ʒ ɨ d̚ dʒ ʉ n j ɚ 
/home/isaac/Projects/Thesis/data/timit/data/TRAIN/DR4/MJLB0/SX356.WAV,h# d ay ae n m ey s pcl p l er dcl jh em bcl b aa tcl t axr kcl k oy z n eh kcl k l ax s h#, d aɪ æ n m eɪ s p̚ p l ɝ d̚ dʒ m̩ b̚ b ɑ t̚ t ɚ k̚ k ɔɪ z n ɛ k̚ k l ə s 
/home/isaac/Projects/Thesis/data/timit/data/TRAIN/DR4/MJLB0/SX176.WAV,h# b ay ng ix th er bcl b r eh dcl d hv ao r s epi kcl k w aa axr z q ix n tcl t uw ih sh en eh kcl k s pcl p axr tcl t iy z h#, b aɪ ŋ ɨ θ ɝ b̚ b ɹ ɛ d̚ d ɦ ɔ ɹ s  k̚ k w ɑ ɚ z ʔ ɨ n t̚ t u ɪ ʃ n̩ ɛ k̚ k s p̚ p ɚ t̚ t i z 
/home/isaac/Projects/Thesis/data/timit/data/TRAIN/DR4/MJLB0/SX266.WAV,h# w ix th dcl d r ao q ow n l iy ax z m ah tcl ch epi m ah n iy eh zh ux n iy dcl d h#, w ɨ θ d̚ d ɹ ɔ ʔ oʊ n l i ə z m ʌ t̚ tʃ  m ʌ n i ɛ ʒ ʉ n i d̚ d 
/home/isaac/Projects/Thesis/data/timit/data/TRAIN/DR4/MJLB0/SI986.WAV,h# q ae m pcl b ay tcl s w axr q iy z bcl b aa pcl p l ay ng l ix kcl k w ax dcl b l uw ix ng h#, ʔ æ m p̚ b aɪ t̚ s w ɚ ʔ i z b̚ b ɑ p̚ p l aɪ ŋ l ɨ k̚ k w ə d̚ b l u ɨ ŋ 
/home/isaac/Projects/Thesis/data/timit/data/TRAIN/DR4/MJLB0/SI1616.WAV,h# hh ix dcl d ih q en f ih gcl g er hv er ix dx ao l pau q ae n ih f iy f aw n d aw tcl q ax w uh m ah n pau q ih dcl b iy bcl b ae q h#, h ɨ d̚ d ɪ ʔ n̩ f ɪ ɡ̚ ɡ ɝ ɦ ɝ ɨ ɾ ɔ l  ʔ æ n ɪ f i f aʊ n d aʊ t̚ ʔ ə w ʊ m ʌ n  ʔ ɪ d̚ b i b̚ b æ ʔ 
/home/isaac/Projects/Thesis/data/timit/data/TRAIN/DR4/MJLB0/SX86.WAV,h# hh ix s pcl p ae n ih kcl k aa s tcl t ux m z axr kcl k w ay tcl k ax l axr f el h#, h ɨ s p̚ p æ n ɪ k̚ k ɑ s t̚ t ʉ m z ɚ k̚ k w aɪ t̚ k ə l ɚ f l̩ 
/home/isaac/Projects/Thesis/data/timit/data/TRAIN/DR4/MJLB0/SX446.WAV,h# t aa m ax s th ih ng kcl s ax l aa r dcl jh axr kcl k l ae m pcl s aa l v z ax-h pcl p r aa bcl b l em h#, t ɑ m ə s θ ɪ ŋ k̚ s ə l ɑ ɹ d̚ dʒ ɚ k̚ k l æ m p̚ s ɑ l v z ə̥ p̚ p ɹ ɑ b̚ b l m̩ 
/home/isaac/Projects/Thesis/data/timit/data/TRAIN/DR4/MJLB0/SI2246.WAV,h# r ih l bcl b r ay dx ax l ao ng dh ow z l ay n zh ix m ay tcl s ey h#, ɹ ɪ l b̚ b ɹ aɪ ɾ ə l ɔ ŋ ð oʊ z l aɪ n ʒ ɨ m aɪ t̚ s eɪ 
/home/isaac/Projects/Thesis/data/timit/data/TRAIN/DR4/MJDC0/SX351.WAV,h# dh en ux s ax bcl er bcl en ay tcl s epi w er kcl t hh aa r dx ao n r iy f er bcl ix sh ix ng dh axr ow l dx axr hv ow m h#, ð n̩ ʉ s ə b̚ ɝ b̚ n̩ aɪ t̚ s  w ɝ k̚ t h ɑ ɹ ɾ ɔ n ɹ i f ɝ b̚ ɨ ʃ ɨ ŋ ð ɚ oʊ l ɾ ɚ ɦ oʊ m 
/home/isaac/Projects/Thesis/data/timit/data/TRAIN/DR4/MJDC0/SI2165.WAV,h# n ow r ih l iy r ay dx ix z r ey ng h#, n oʊ ɹ ɪ l i ɹ aɪ ɾ ɨ z ɹ eɪ ŋ 
/home/isaac/Projects/Thesis/data/timit/data/TRAIN/DR4/MJDC0/SX171.WAV,h# dh ix dcl d ay ix gcl n ow s ix s epi w ax z ix s kcl k er ix dcl jh iy ng hv aw eh v er hv iy w ax z n aa q ow v axr l ix w er ix dcl h#, ð ɨ d̚ d aɪ ɨ ɡ̚ n oʊ s ɨ s  w ə z ɨ s k̚ k ɝ ɨ d̚ dʒ i ŋ ɦ aʊ ɛ v ɝ ɦ i w ə z n ɑ ʔ oʊ v ɚ l ɨ w ɝ ɨ d̚ 
/home/isaac/Projects/Thesis/data/timit/data/TRAIN/DR4/MJDC0/SX441.WAV,h# d ow n l uh kcl f axr gcl g r ux pcl v ae y ix bcl el z ix nx ax bcl b ae ng kcl v ao l tcl h#, d oʊ n l ʊ k̚ f ɚ ɡ̚ ɡ ɹ ʉ p̚ v æ j ɨ b̚ l̩ z ɨ ɾ̃ ə b̚ b æ ŋ k̚ v ɔ l t̚ 
/home/isaac/Projects/Thesis/data/timit/data/TRAIN/DR4/MJDC0/SX261.WAV,h# d ux y ux hv ae dh iy y eh l ow q oy m ix n q r eh dx iy h#, d ʉ j ʉ ɦ æ ð i j ɛ l oʊ ʔ ɔɪ m ɨ n ʔ ɹ ɛ ɾ i 
/home/isaac/Projects/Thesis/data/timit/data/TRAIN/DR4/MJDC0/SI1161.WAV,h# w ax dh iy tcl ch s ao ng hv iy gcl ey v er bcl el f uh q n ow tcl s h#, w ə ð i t̚ tʃ s ɔ ŋ ɦ i ɡ̚ eɪ v ɝ b̚ l̩ f ʊ ʔ n oʊ t̚ s 
/home/isaac/Projects/Thesis/data/timit/data/TRAIN/DR4/MJDC0/SI531.WAV,h# hh iy s pcl p ow kcl bcl r iy f l iy pau s eh n s ax-h bcl b l iy tcl t ux dh ax pcl p oy n q pau q ix n w ax th aw q ao r axr tcl t ao axr kcl k el f l ao r ix sh ix z h#, h i s p̚ p oʊ k̚ b̚ ɹ i f l i  s ɛ n s ə̥ b̚ b l i t̚ t ʉ ð ə p̚ p ɔɪ n ʔ  ʔ ɨ n w ə θ aʊ ʔ ɔ ɹ ɚ t̚ t ɔ ɚ k̚ k l̩ f l ɔ ɹ ɨ ʃ ɨ z 
/home/isaac/Projects/Thesis/data/timit/data/TRAIN/DR4/MJDC0/SX81.WAV,h# ix s ih m pcl p aa s bcl b el ax dcl d iy l w ax bcl y axr aa kcl k axr s iy h#, ɨ s ɪ m p̚ p ɑ s b̚ b l̩ ə d̚ d i l w ə b̚ j ɚ ɑ k̚ k ɚ s i 
/home/isaac/Projects/Thesis/data/timit/data/TRAIN/DR4/MNET0/SI816.WAV,h# dcl d ux dh ih s eh kcl k s axr s ay s ih kcl s tcl t ay m iy tcl ch kcl k l ae s pcl p ih r ix dcl d h#, d̚ d ʉ ð ɪ s ɛ k̚ k s ɚ s aɪ s ɪ k̚ s t̚ t aɪ m i t̚ tʃ k̚ k l æ s p̚ p ɪ ɹ ɨ d̚ d 
/home/isaac/Projects/Thesis/data/timit/data/TRAIN/DR4/MNET0/SX186.WAV,h# w uh dx ax tcl t aa m bcl b oy ao f tcl t ax n pcl p l ey aw tcl d ao axr z h#, w ʊ ɾ ə t̚ t ɑ m b̚ b ɔɪ ɔ f t̚ t ə n p̚ p l eɪ aʊ t̚ d ɔ ɚ z 
/home/isaac/Projects/Thesis/data/timit/data/TRAIN/DR4/MNET0/SX276.WAV,h# jh aa n z bcl b r ah dh axr r ix pcl p ey nx ih dcl dh ix gcl g axr aa dcl jh dcl d ao axr h#, dʒ ɑ n z b̚ b ɹ ʌ ð ɚ ɹ ɨ p̚ p eɪ ɾ̃ ɪ d̚ ð ɨ ɡ̚ ɡ ɚ ɑ d̚ dʒ d̚ d ɔ ɚ 
/home/isaac/Projects/Thesis/data/timit/data/TRAIN/DR4/MNET0/SX6.WAV,h# b r aa tcl s ah n sh aa n sh ih m axr z ao n dh ix ow sh en h#, b ɹ ɑ t̚ s ʌ n ʃ ɑ n ʃ ɪ m ɚ z ɔ n ð ɨ oʊ ʃ n̩ 
/home/isaac/Projects/Thesis/data/timit/data/TRAIN/DR4/MNET0/SI1446.WAV,h# q ih n er l ix axr y ih axr z ix pcl p r eh z ax v ey sh en ax f uw dcl d w ah z ax s ih n sh l ix r ix l ey dx ix dcl t ix s axr v ay v el h#, ʔ ɪ n ɝ l ɨ ɚ j ɪ ɚ z ɨ p̚ p ɹ ɛ z ə v eɪ ʃ n̩ ə f u d̚ d w ʌ z ə s ɪ n ʃ l ɨ ɹ ɨ l eɪ ɾ ɨ d̚ t ɨ s ɚ v aɪ v l̩ 
/home/isaac/Projects/Thesis/data/timit/data/TRAIN/DR4/MNET0/SX366.WAV,h# w ix l y ux pcl p l iy z kcl k en f er m gcl g ah v axr n tcl p aa l ax s ih r ix gcl g aa r dx ix ng w ey s tcl t r ix m uw v el h#, w ɨ l j ʉ p̚ p l i z k̚ k n̩ f ɝ m ɡ̚ ɡ ʌ v ɚ n t̚ p ɑ l ə s ɪ ɹ ɨ ɡ̚ ɡ ɑ ɹ ɾ ɨ ŋ w eɪ s t̚ t ɹ ɨ m u v l̩ 
/home/isaac/Projects/Thesis/data/timit/data/TRAIN/DR4/MNET0/SI2076.WAV,h# y ux gcl ow nx ax gcl g ih m iy ih zh r ih ng kcl f eh l ax h#, j ʉ ɡ̚ oʊ ɾ̃ ə ɡ̚ ɡ ɪ m i ɪ ʒ ɹ ɪ ŋ k̚ f ɛ l ə 
/home/isaac/Projects/Thesis/data/timit/data/TRAIN/DR4/MNET0/SX96.WAV,h# m ae s kcl k axr ey dcl p aa r dx ix z tcl t ae kcl s epi w ah n z ix m ae dcl jh ix n ey sh en h#, m æ s k̚ k ɚ eɪ d̚ p ɑ ɹ ɾ ɨ z t̚ t æ k̚ s  w ʌ n z ɨ m æ d̚ dʒ ɨ n eɪ ʃ n̩ 
/home/isaac/Projects/Thesis/data/timit/data/TRAIN/DR4/MDMA0/SX170.WAV,h# dh ax m ay ih n iy ow kcl k l ae s ix kcl k s kcl k aa l axr dcl d ix s ax pcl p ih axr dcl d w aa l s er v ey ix ng ax q ey n sh ix n tcl r ux ax n z h#, ð ə m aɪ ɪ n i oʊ k̚ k l æ s ɨ k̚ k s k̚ k ɑ l ɚ d̚ d ɨ s ə p̚ p ɪ ɚ d̚ d w ɑ l s ɝ v eɪ ɨ ŋ ə ʔ eɪ n ʃ ɨ n t̚ ɹ ʉ ə n z 
/home/isaac/Projects/Thesis/data/timit/data/TRAIN/DR4/MDMA0/SI1430.WAV,h# ae tcl n ow tcl t ay m w axr q ae l dcl jh iy f aw n dcl d ix n ax m ih kcl k s tcl t epi l ih kcl k axr h#, æ t̚ n oʊ t̚ t aɪ m w ɚ ʔ æ l d̚ dʒ i f aʊ n d̚ d ɨ n ə m ɪ k̚ k s t̚ t  l ɪ k̚ k ɚ 
/home/isaac/Projects/Thesis/data/timit/data/TRAIN/DR4/MDMA0/SX350.WAV,h# m eh n iy w ah l th iy tcl t ay kcl k ux n s pcl p l er dcl jh dcl d q ae n dcl b ao tcl b ow th ix y aa tcl q eh nx ax s kcl k ux nx axr h#, m ɛ n i w ʌ l θ i t̚ t aɪ k̚ k ʉ n s p̚ p l ɝ d̚ dʒ d̚ d ʔ æ n d̚ b ɔ t̚ b oʊ θ ɨ j ɑ t̚ ʔ ɛ ɾ̃ ə s k̚ k ʉ ɾ̃ ɚ 
/home/isaac/Projects/Thesis/data/timit/data/TRAIN/DR4/MDMA0/SX260.WAV,h# r ix m eh m bcl b axr tcl t ux ax l aw ay dcl d eh nx ix kcl k el tcl t w ih n z tcl t ux q eh n tcl t axr f r iy l iy h#, ɹ ɨ m ɛ m b̚ b ɚ t̚ t ʉ ə l aʊ aɪ d̚ d ɛ ɾ̃ ɨ k̚ k l̩ t̚ t w ɪ n z t̚ t ʉ ʔ ɛ n t̚ t ɚ f ɹ i l i 
/home/isaac/Projects/Thesis/data/timit/data/TRAIN/DR4/MDMA0/SI1238.WAV,h# hh aw ao n er th dcl d ix y ux m ae nx ix dcl jh ix tcl h#, h aʊ ɔ n ɝ θ d̚ d ɨ j ʉ m æ ɾ̃ ɨ d̚ dʒ ɨ t̚ 
/home/isaac/Projects/Thesis/data/timit/data/TRAIN/DR4/MDMA0/SI2060.WAV,h# th ae ng kcl k y ux pau sh iy s eh dcl d ix pau d ah s tcl t ih ng hv axr s eh l f ao f h#, θ æ ŋ k̚ k j ʉ  ʃ i s ɛ d̚ d ɨ  d ʌ s t̚ t ɪ ŋ ɦ ɚ s ɛ l f ɔ f 
/home/isaac/Projects/Thesis/data/timit/data/TRAIN/DR4/MDMA0/SX440.WAV,h# dh iy ae dcl v axr tcl t ay z ix ng v er s ax v pcl p l ih m ih th f axr ay ix dx iy s tcl t ao r n eh v axr tcl ch ey n jh ix z h#, ð i æ d̚ v ɚ t̚ t aɪ z ɨ ŋ v ɝ s ə v p̚ p l ɪ m ɪ θ f ɚ aɪ ɨ ɾ i s t̚ t ɔ ɹ n ɛ v ɚ t̚ tʃ eɪ n dʒ ɨ z 
/home/isaac/Projects/Thesis/data/timit/data/TRAIN/DR4/MDMA0/SX80.WAV,h# q ix tcl t s ix l iy gcl g ih l tcl t ax pcl p ow s tcl d ey dx ix tcl ch eh kcl k h#, ʔ ɨ t̚ t s ɨ l i ɡ̚ ɡ ɪ l t̚ t ə p̚ p oʊ s t̚ d eɪ ɾ ɨ t̚ tʃ ɛ k̚ k 
/home/isaac/Projects/Thesis/data/timit/data/TRAIN/DR4/MTAS0/SI2015.WAV,h# dh ax l ay f bcl b ow tcl s epi w axr s tcl t ah kcl k f ae s tcl t h#, ð ə l aɪ f b̚ b oʊ t̚ s  w ɚ s t̚ t ʌ k̚ k f æ s t̚ t 
/home/isaac/Projects/Thesis/data/timit/data/TRAIN/DR4/MTAS0/SX125.WAV,h# w eh s tcl ch eh s tcl t axr ix z ax kcl k aw nx iy ix n ux y ao r kcl k h#, w ɛ s t̚ tʃ ɛ s t̚ t ɚ ɨ z ə k̚ k aʊ ɾ̃ i ɨ n ʉ j ɔ ɹ k̚ k 
/home/isaac/Projects/Thesis/data/timit/data/TRAIN/DR4/MTAS0/SI1385.WAV,h# m aa r kcl k ix q sh uh bcl b iy kcl k ah m ao r kcl k em pcl p eh dx ax dx ix v ix z kcl k en s ux m axr z bcl ix kcl k ah m ao r s ax l eh kcl t ix v h#, m ɑ ɹ k̚ k ɨ ʔ ʃ ʊ b̚ b i k̚ k ʌ m ɔ ɹ k̚ k m̩ p̚ p ɛ ɾ ə ɾ ɨ v ɨ z k̚ k n̩ s ʉ m ɚ z b̚ ɨ k̚ k ʌ m ɔ ɹ s ə l ɛ k̚ t ɨ v 
/home/isaac/Projects/Thesis/data/timit/data/TRAIN/DR4/MTAS0/SI755.WAV,h# ax-h kcl k w ih q m ax n tcl pau b ey s ix kcl p aa dx axr iy s tcl t ux dx iy ow ax kcl k w ix q m ax n h#, ə̥ k̚ k w ɪ ʔ m ə n t̚  b eɪ s ɨ k̚ p ɑ ɾ ɚ i s t̚ t ʉ ɾ i oʊ ə k̚ k w ɨ ʔ m ə n 
/home/isaac/Projects/Thesis/data/timit/data/TRAIN/DR4/MTAS0/SX215.WAV,h# dh ax-h s er m ax n eh m f ax s ay z ax n iy dcl d f axr f er m axr dx ix v ae kcl sh en h#, ð ə̥ s ɝ m ə n ɛ m f ə s aɪ z ə n i d̚ d f ɚ f ɝ m ɚ ɾ ɨ v æ k̚ ʃ n̩ 
/home/isaac/Projects/Thesis/data/timit/data/TRAIN/DR4/MTAS0/SX35.WAV,h# hh eh l pcl s eh l ax bcl b r ey q y axr bcl b r ah dh axr s ax-h kcl k s eh s h#, h ɛ l p̚ s ɛ l ə b̚ b ɹ eɪ ʔ j ɚ b̚ b ɹ ʌ ð ɚ s ə̥ k̚ k s ɛ s 
/home/isaac/Projects/Thesis/data/timit/data/TRAIN/DR4/MTAS0/SX305.WAV,h# k aa dx ix jh tcl ch iy z epi w ix tcl ch ay z ix z dcl d ax l ih sh ix s h#, k ɑ ɾ ɨ dʒ t̚ tʃ i z  w ɨ t̚ tʃ aɪ z ɨ z d̚ d ə l ɪ ʃ ɨ s 
/home/isaac/Projects/Thesis/data/timit/data/TRAIN/DR4/MTAS0/SX395.WAV,h# ax tcl t uh kcl k hh axr w er dcl d f ao axr q b ax dx ix sh iy r ih l iy gcl g ow ng w ix th ux h#, ə t̚ t ʊ k̚ k h ɚ w ɝ d̚ d f ɔ ɚ ʔ b ə ɾ ɨ ʃ i ɹ ɪ l i ɡ̚ ɡ oʊ ŋ w ɨ θ ʉ 
/home/isaac/Projects/Thesis/data/timit/data/TRAIN/DR4/MRFL0/SI526.WAV,h# w iy kcl k eng gcl g r ae dcl jh el ey tcl dh iy eh n tcl t ay axr m eh m b axr sh ih pcl pau q ao n ix tcl s epi r eh kcl k axr dx ix v gcl g uh dcl l eh dcl jh ix s epi l ey sh en h#, w i k̚ k ŋ̍ ɡ̚ ɡ ɹ æ d̚ dʒ l̩ eɪ t̚ ð i ɛ n t̚ t aɪ ɚ m ɛ m b ɚ ʃ ɪ p̚  ʔ ɔ n ɨ t̚ s  ɹ ɛ k̚ k ɚ ɾ ɨ v ɡ̚ ɡ ʊ d̚ l ɛ d̚ dʒ ɨ s  l eɪ ʃ n̩ 
/home/isaac/Projects/Thesis/data/timit/data/TRAIN/DR4/MRFL0/SX166.WAV,h# b ay ao l ah dcl jh ix s y ux z r ey dx iy ow ae kcl t ix v q ay s ix tcl t ow pcl p s ix s tcl t ah dx ix m ay kcl k r ow ao r gcl g en ix z ax m z h#, b aɪ ɔ l ʌ d̚ dʒ ɨ s j ʉ z ɹ eɪ ɾ i oʊ æ k̚ t ɨ v ʔ aɪ s ɨ t̚ t oʊ p̚ p s ɨ s t̚ t ʌ ɾ ɨ m aɪ k̚ k ɹ oʊ ɔ ɹ ɡ̚ ɡ n̩ ɨ z ə m z 
/home/isaac/Projects/Thesis/data/timit/data/TRAIN/DR4/MRFL0/SI1156.WAV,h# dh ih s ix z w ah tcl n ix s eh s ix tcl t ey tcl s dh ix n aa n s ix s tcl t ax m ae dx ix kcl k eh er kcl t er q ah v ix s ix s tcl t r aa nx ax m iy h#, ð ɪ s ɨ z w ʌ t̚ n ɨ s ɛ s ɨ t̚ t eɪ t̚ s ð ɨ n ɑ n s ɨ s t̚ t ə m æ ɾ ɨ k̚ k ɛ ɝ k̚ t ɝ ʔ ʌ v ɨ s ɨ s t̚ t ɹ ɑ ɾ̃ ə m i 
/home/isaac/Projects/Thesis/data/timit/data/TRAIN/DR4/MRFL0/SI1786.WAV,h# dh ax m ae n z q ay l ih dcl z f l ah dx er dcl d h#, ð ə m æ n z ʔ aɪ l ɪ d̚ z f l ʌ ɾ ɝ d̚ d 
/home/isaac/Projects/Thesis/data/timit/data/TRAIN/DR4/MRFL0/SX346.WAV,h# dh ix bcl b eh er kcl k ux dx axr r iy kcl k oy el dcl d f em dh ix s er pcl p ix n t s pcl p oy z ix n ih s f ae ng gcl z h#, ð ɨ b̚ b ɛ ɝ k̚ k ʉ ɾ ɚ ɹ i k̚ k ɔɪ l̩ d̚ d f m̩ ð ɨ s ɝ p̚ p ɨ n t s p̚ p ɔɪ z ɨ n ɪ s f æ ŋ ɡ̚ z 
/home/isaac/Projects/Thesis/data/timit/data/TRAIN/DR4/MRFL0/SX256.WAV,h# dh ix q ay r ey tcl q ae kcl t er s tcl t aa m pcl t ax w ey q ih dx iy aa dx ix kcl k l iy h#, ð ɨ ʔ aɪ ɹ eɪ t̚ ʔ æ k̚ t ɝ s t̚ t ɑ m p̚ t ə w eɪ ʔ ɪ ɾ i ɑ ɾ ɨ k̚ k l i 
/home/isaac/Projects/Thesis/data/timit/data/TRAIN/DR4/MRFL0/SX76.WAV,h# jh eh n q l iy pcl p l ey s dcl jh ih m z f ow m s kcl k ah l pcl p ch er pau ix n dh ax bcl b aa kcl k s h#, dʒ ɛ n ʔ l i p̚ p l eɪ s d̚ dʒ ɪ m z f oʊ m s k̚ k ʌ l p̚ p tʃ ɝ  ɨ n ð ə b̚ b ɑ k̚ k s 
/home/isaac/Projects/Thesis/data/timit/data/TRAIN/DR4/MRFL0/SX436.WAV,h# p l iy s ih ng dcl jh eh s dh ix kcl k l ah bcl b th iy m h#, p l i s ɪ ŋ d̚ dʒ ɛ s ð ɨ k̚ k l ʌ b̚ b θ i m 
/home/isaac/Projects/Thesis/data/timit/data/TRAIN/DR4/MPRK0/SX197.WAV,h# d r ao iy tcl ch gcl g r ae f q ao n ey n ux q ae kcl k s ix s h#, d ɹ ɔ i t̚ tʃ ɡ̚ ɡ ɹ æ f ʔ ɔ n eɪ n ʉ ʔ æ k̚ k s ɨ s 
/home/isaac/Projects/Thesis/data/timit/data/TRAIN/DR4/MPRK0/SI1727.WAV,h# ch eh kcl k dh iy ow v axr n ay dx er z ax q aw tcl t h#, tʃ ɛ k̚ k ð i oʊ v ɚ n aɪ ɾ ɝ z ə ʔ aʊ t̚ t 
/home/isaac/Projects/Thesis/data/timit/data/TRAIN/DR4/MPRK0/SI467.WAV,h# hh iy r ih l iy kcl k r ux s ix f ay dcl d hv ih m pau hh iy n ey l dcl d ih tcl f ao r ey y aa r dcl d l ao s h#, h i ɹ ɪ l i k̚ k ɹ ʉ s ɨ f aɪ d̚ d ɦ ɪ m  h i n eɪ l d̚ d ɪ t̚ f ɔ ɹ eɪ j ɑ ɹ d̚ d l ɔ s 
/home/isaac/Projects/Thesis/data/timit/data/TRAIN/DR4/MPRK0/SX107.WAV,h# b er th dcl d ey pcl p aa r dx iy z hh ae v kcl k ah pcl k ey kcl k s ih n ay s kcl k r iy m h#, b ɝ θ d̚ d eɪ p̚ p ɑ ɹ ɾ i z h æ v k̚ k ʌ p̚ k eɪ k̚ k s ɪ n aɪ s k̚ k ɹ i m 
/home/isaac/Projects/Thesis/data/timit/data/TRAIN/DR4/MPRK0/SX287.WAV,h# ih n dh ax l ao ng r ah n pau ih tcl p ey z tcl t ux bcl b ay kcl k w ao l ix tcl t iy kcl k l ow dh ix ng h#, ɪ n ð ə l ɔ ŋ ɹ ʌ n  ɪ t̚ p eɪ z t̚ t ʉ b̚ b aɪ k̚ k w ɔ l ɨ t̚ t i k̚ k l oʊ ð ɨ ŋ 
/home/isaac/Projects/Thesis/data/timit/data/TRAIN/DR4/MPRK0/SX377.WAV,h# sh iy ao l w ey z dcl jh ow kcl k s ax bcl b aw tcl t uw m ah tcl ch gcl g aa r l ix kcl k ix n ix z f ux dcl d h#, ʃ i ɔ l w eɪ z d̚ dʒ oʊ k̚ k s ə b̚ b aʊ t̚ t u m ʌ t̚ tʃ ɡ̚ ɡ ɑ ɹ l ɨ k̚ k ɨ n ɨ z f ʉ d̚ d 
/home/isaac/Projects/Thesis/data/timit/data/TRAIN/DR4/MPRK0/SI1097.WAV,h# hh ih z tcl t ao kcl t er n z tcl t ux w ah dx iy kcl k ao l z dh ax m eh s pau ao r s ah m tcl t ay m z dh ih s bcl b ah z ix ng kcl k en f y ux zh ix n h#, h ɪ z t̚ t ɔ k̚ t ɝ n z t̚ t ʉ w ʌ ɾ i k̚ k ɔ l z ð ə m ɛ s  ɔ ɹ s ʌ m t̚ t aɪ m z ð ɪ s b̚ b ʌ z ɨ ŋ k̚ k n̩ f j ʉ ʒ ɨ n 
/home/isaac/Projects/Thesis/data/timit/data/TRAIN/DR4/MPRK0/SX17.WAV,h# k aa r l l ih v z ix n ey l ay v l iy hv ow m h#, k ɑ ɹ l l ɪ v z ɨ n eɪ l aɪ v l i ɦ oʊ m 
/home/isaac/Projects/Thesis/data/timit/data/TRAIN/DR4/MRGM0/SI532.WAV,h# f er th ih ix tcl hv ae z ih s epi w er kcl k ah dx aw tcl s tcl t aa pcl p ih n q ae n aa kcl k iy hh w eh r ih dx ih z n aw gcl g eh r axr s ax n dcl d h#, f ɝ θ ɪ ɨ t̚ ɦ æ z ɪ s  w ɝ k̚ k ʌ ɾ aʊ t̚ s t̚ t ɑ p̚ p ɪ n ʔ æ n ɑ k̚ k i h w ɛ ɹ ɪ ɾ ɪ z n aʊ ɡ̚ ɡ ɛ ɹ ɚ s ə n d̚ d 
/home/isaac/Projects/Thesis/data/timit/data/TRAIN/DR4/MRGM0/SX442.WAV,h# s ax bcl b er bcl b iy ix n hv aw s epi w ay v dh pau q ao f tcl t ix n s ah f ax f r ah m pau dh ix gcl g ae ax bcl hh ae bcl ix tcl h#, s ə b̚ b ɝ b̚ b i ɨ n ɦ aʊ s  w aɪ v ð  ʔ ɔ f t̚ t ɨ n s ʌ f ə f ɹ ʌ m  ð ɨ ɡ̚ ɡ æ ə b̚ h æ b̚ ɨ t̚ 
/home/isaac/Projects/Thesis/data/timit/data/TRAIN/DR4/MRGM0/SX416.WAV,h# ey hv ux z pcl p aw ax q aw dx ix dcl jh pau r eh r l ix ax kcl k er z h#, eɪ ɦ ʉ z p̚ p aʊ ə ʔ aʊ ɾ ɨ d̚ dʒ  ɹ ɛ ɹ l ɨ ə k̚ k ɝ z 
/home/isaac/Projects/Thesis/data/timit/data/TRAIN/DR4/MRGM0/SI1792.WAV,h# w ay dcl d ow n tcl dh ey tcl t eh l m iy th eh m s eh l v z q ix f ih tcl b aa dh ax z dh eh ax m h#, w aɪ d̚ d oʊ n t̚ ð eɪ t̚ t ɛ l m i θ ɛ m s ɛ l v z ʔ ɨ f ɪ t̚ b ɑ ð ə z ð ɛ ə m 
/home/isaac/Projects/Thesis/data/timit/data/TRAIN/DR4/MRGM0/SX172.WAV,h# dh ix tcl t r ay ax m f ax n q pau w ao r iy ah q ix gcl g z ih bcl ih ix dcl pau n ay iy v hv eh r ow ow z ax m h#, ð ɨ t̚ t ɹ aɪ ə m f ə n ʔ  w ɔ ɹ i ʌ ʔ ɨ ɡ̚ ɡ z ɪ b̚ ɪ ɨ d̚  n aɪ i v ɦ ɛ ɹ oʊ oʊ z ə m 
/home/isaac/Projects/Thesis/data/timit/data/TRAIN/DR4/MRGM0/SX82.WAV,h# g uh dcl s er v ix sh uh dcl b iy r ix w ao r dx ix dcl b ay bcl b ih gcl t ih ax pcl p s h#, ɡ ʊ d̚ s ɝ v ɨ ʃ ʊ d̚ b i ɹ ɨ w ɔ ɹ ɾ ɨ d̚ b aɪ b̚ b ɪ ɡ̚ t ɪ ə p̚ p s 
/home/isaac/Projects/Thesis/data/timit/data/TRAIN/DR4/MRGM0/SI1162.WAV,h# t ux th iy ng z kcl k ix n tcl t r ih bcl b ux tcl t ux hv ih z pcl p aa pcl p y ix l eh r ix tcl t iy h#, t ʉ θ i ŋ z k̚ k ɨ n t̚ t ɹ ɪ b̚ b ʉ t̚ t ʉ ɦ ɪ z p̚ p ɑ p̚ p j ɨ l ɛ ɹ ɨ t̚ t i 
/home/isaac/Projects/Thesis/data/timit/data/TRAIN/DR4/MRGM0/SX262.WAV,h# k eh n dh iy ey dcl jh en s iy q ow v ax th r ow q ey l iy y ix n f ao s ix s h#, k ɛ n ð i eɪ d̚ dʒ n̩ s i ʔ oʊ v ə θ ɹ oʊ ʔ eɪ l i j ɨ n f ɔ s ɨ s 
/home/isaac/Projects/Thesis/data/timit/data/TRAIN/DR4/FBMJ0/SI1776.WAV,h# ax f r ey dcl d ix epi y uh l uw z epi y ao r dcl jh aa bcl b q ih f y ux dcl d ow n tcl k iy pcl p y ao r m aw th sh ah tcl t h#, ə f ɹ eɪ d̚ d ɨ  j ʊ l u z  j ɔ ɹ d̚ dʒ ɑ b̚ b ʔ ɪ f j ʉ d̚ d oʊ n t̚ k i p̚ p j ɔ ɹ m aʊ θ ʃ ʌ t̚ t 
/home/isaac/Projects/Thesis/data/timit/data/TRAIN/DR4/FBMJ0/SX156.WAV,h# q aw axr kcl k s pcl p ih r ix m eh n tcl s pau p aa z ix dx ix v aw tcl k ah m pau w ax z ah nx ix kcl s pcl p eh kcl t ix dcl h#, ʔ aʊ ɚ k̚ k s p̚ p ɪ ɹ ɨ m ɛ n t̚ s  p ɑ z ɨ ɾ ɨ v aʊ t̚ k ʌ m  w ə z ʌ ɾ̃ ɨ k̚ s p̚ p ɛ k̚ t ɨ d̚ 
/home/isaac/Projects/Thesis/data/timit/data/TRAIN/DR4/FBMJ0/SI516.WAV,h# s ah m ax bcl b z er v axr s pcl p eh kcl k y ix l ey dx ix dcl dh ix tcl dh ih s epi m ay tcl t bcl b iy hv ih z axr v ih n dcl jh aa n ih z hv ow m tcl t aw n h#, s ʌ m ə b̚ b z ɝ v ɚ s p̚ p ɛ k̚ k j ɨ l eɪ ɾ ɨ d̚ ð ɨ t̚ ð ɪ s  m aɪ t̚ t b̚ b i ɦ ɪ z ɚ v ɪ n d̚ dʒ ɑ n ɪ z ɦ oʊ m t̚ t aʊ n 
/home/isaac/Projects/Thesis/data/timit/data/TRAIN/DR4/FBMJ0/SI815.WAV,h# p uh sh pau bcl b ae kcl k ah pcl p q ix n r ix pcl p iy tcl t h#, p ʊ ʃ  b̚ b æ k̚ k ʌ p̚ p ʔ ɨ n ɹ ɨ p̚ p i t̚ t 
/home/isaac/Projects/Thesis/data/timit/data/TRAIN/DR4/FBMJ0/SX336.WAV,h# r aa bcl b epi m ey dcl d hv ah eng gcl g eh r ih ix n gcl g uw l aa sh f ax dcl d ih nx er pau q ix ng gcl g ux s bcl b eh r ih pcl p ay f ao dcl d ix z er tcl t h#, ɹ ɑ b̚ b  m eɪ d̚ d ɦ ʌ ŋ̍ ɡ̚ ɡ ɛ ɹ ɪ ɨ n ɡ̚ ɡ u l ɑ ʃ f ə d̚ d ɪ ɾ̃ ɝ  ʔ ɨ ŋ ɡ̚ ɡ ʉ s b̚ b ɛ ɹ ɪ p̚ p aɪ f ɔ d̚ d ɨ z ɝ t̚ t 
/home/isaac/Projects/Thesis/data/timit/data/TRAIN/DR4/FBMJ0/SX66.WAV,h# w iy gcl g aa tcl dcl d r eh n tcl ch tcl t f r ax m dh ih q ah nx ix nx ix r ah pcl t ix dcl r ey n h#, w i ɡ̚ ɡ ɑ t̚ d̚ d ɹ ɛ n t̚ tʃ t̚ t f ɹ ə m ð ɪ ʔ ʌ ɾ̃ ɨ ɾ̃ ɨ ɹ ʌ p̚ t ɨ d̚ ɹ eɪ n 
/home/isaac/Projects/Thesis/data/timit/data/TRAIN/DR4/FBMJ0/SX426.WAV,h# q ax m ao th z ih gcl g z ae gcl d ax l ao ng dh ax pcl p ae th r uw q ao t ow z gcl aa r dx en h#, ʔ ə m ɔ θ z ɪ ɡ̚ ɡ z æ ɡ̚ d ə l ɔ ŋ ð ə p̚ p æ θ ɹ u ʔ ɔ t oʊ z ɡ̚ ɑ ɹ ɾ n̩ 
/home/isaac/Projects/Thesis/data/timit/data/TRAIN/DR4/FBMJ0/SX246.WAV,h# hh aw ey n sh ix n tcl q ih z epi dh ih s ah bcl b w ey eh s kcl k y ix l ey dx axr h#, h aʊ eɪ n ʃ ɨ n t̚ ʔ ɪ z  ð ɪ s ʌ b̚ b w eɪ ɛ s k̚ k j ɨ l eɪ ɾ ɚ 
/home/isaac/Projects/Thesis/data/timit/data/TRAIN/DR4/FJXP0/SX312.WAV,h# dh ow z ae n s axr z el bcl b iy s tcl t r ey q f ao axr dx ih f y ux th iy ng kcl dh eh m th r ux kcl k eh r f el iy f er s tcl t h#, ð oʊ z æ n s ɚ z l̩ b̚ b i s t̚ t ɹ eɪ ʔ f ɔ ɚ ɾ ɪ f j ʉ θ i ŋ k̚ ð ɛ m θ ɹ ʉ k̚ k ɛ ɹ f l̩ i f ɝ s t̚ t 
/home/isaac/Projects/Thesis/data/timit/data/TRAIN/DR4/FJXP0/SX402.WAV,h# w el s er v r ux bcl b aa r bcl p ay q eh f tcl t axr r ey tcl ch el z tcl t aa kcl k h#, w l̩ s ɝ v ɹ ʉ b̚ b ɑ ɹ b̚ p aɪ ʔ ɛ f t̚ t ɚ ɹ eɪ t̚ tʃ l̩ z t̚ t ɑ k̚ k 
/home/isaac/Projects/Thesis/data/timit/data/TRAIN/DR4/FJXP0/SI1122.WAV,h# hh ih s ix kcl k s eh s er z hh eh v ix dcl d aa pcl t ix dcl dh iy aa pcl p ix z ih tcl ao l tcl t er nx ax tcl t ix v h#, h ɪ s ɨ k̚ k s ɛ s ɝ z h ɛ v ɨ d̚ d ɑ p̚ t ɨ d̚ ð i ɑ p̚ p ɨ z ɪ t̚ ɔ l t̚ t ɝ ɾ̃ ə t̚ t ɨ v 
/home/isaac/Projects/Thesis/data/timit/data/TRAIN/DR4/FJXP0/SX132.WAV,h# p ah bcl l ih s ix dx iy q ix n ow dx er r ay ix dx iy gcl g ow hv ae n d ix n hv ae n dcl h#, p ʌ b̚ l ɪ s ɨ ɾ i ʔ ɨ n oʊ ɾ ɝ ɹ aɪ ɨ ɾ i ɡ̚ ɡ oʊ ɦ æ n d ɨ n ɦ æ n d̚ 
/home/isaac/Projects/Thesis/data/timit/data/TRAIN/DR4/FJXP0/SI1752.WAV,h# ix n dh ax l ay dx ix dcl pau q ix n tcl t iy r ix axr hh iy s ao q eh dh er pau m eh nx ix n w ih m ix n s tcl t r ah gcl g l iy ng q ih n tcl t ux dh eh axr r ae f s h#, ɨ n ð ə l aɪ ɾ ɨ d̚  ʔ ɨ n t̚ t i ɹ ɨ ɚ h i s ɔ ʔ ɛ ð ɝ  m ɛ ɾ̃ ɨ n w ɪ m ɨ n s t̚ t ɹ ʌ ɡ̚ ɡ l i ŋ ʔ ɪ n t̚ t ʉ ð ɛ ɚ ɹ æ f s 
/home/isaac/Projects/Thesis/data/timit/data/TRAIN/DR4/FJXP0/SX222.WAV,h# y ax ao w ih z kcl k ah m ah pcl w ix th pcl p ae th ax l ao dcl jh ix kcl k el ax gcl g z ae m pcl p el z h#, j ə ɔ w ɪ z k̚ k ʌ m ʌ p̚ w ɨ θ p̚ p æ θ ə l ɔ d̚ dʒ ɨ k̚ k l̩ ə ɡ̚ ɡ z æ m p̚ p l̩ z 
/home/isaac/Projects/Thesis/data/timit/data/TRAIN/DR4/FJXP0/SI492.WAV,h# s ow hv iy hv ay dcl z dh ix m ey ix n ey z h#, s oʊ ɦ i ɦ aɪ d̚ z ð ɨ m eɪ ɨ n eɪ z 
/home/isaac/Projects/Thesis/data/timit/data/TRAIN/DR4/FJXP0/SX42.WAV,h# b ih bcl l ih kcl k el s kcl k aa l er z pau q aa r gcl g y ux hv ih s tcl t r iy h#, b ɪ b̚ l ɪ k̚ k l̩ s k̚ k ɑ l ɝ z  ʔ ɑ ɹ ɡ̚ ɡ j ʉ ɦ ɪ s t̚ t ɹ i 
/home/isaac/Projects/Thesis/data/timit/data/TRAIN/DR4/MFWK0/SX259.WAV,h# t ao r nx ey dx ow z ao f en d ix s tcl t r oy q ey kcl k axr z ax f aa r m l ae n dcl h#, t ɔ ɹ ɾ̃ eɪ ɾ oʊ z ɔ f n̩ d ɨ s t̚ t ɹ ɔɪ ʔ eɪ k̚ k ɚ z ə f ɑ ɹ m l æ n d̚ 
/home/isaac/Projects/Thesis/data/timit/data/TRAIN/DR4/MFWK0/SI1879.WAV,h# dh eh tcl t ah sh tcl t ao f ey tcl t ow dx el s tcl t ae m pcl p iy dcl h#, ð ɛ t̚ t ʌ ʃ t̚ t ɔ f eɪ t̚ t oʊ ɾ l̩ s t̚ t æ m p̚ p i d̚ 
/home/isaac/Projects/Thesis/data/timit/data/TRAIN/DR4/MFWK0/SI619.WAV,h# hh iy pcl p r ey z ih z epi m eh n iy ih n d ix v ih dcl jh uw el zh dcl jh eh nx axr ah s l iy h#, h i p̚ p ɹ eɪ z ɪ z  m ɛ n i ɪ n d ɨ v ɪ d̚ dʒ u l̩ ʒ d̚ dʒ ɛ ɾ̃ ɚ ʌ s l i 
/home/isaac/Projects/Thesis/data/timit/data/TRAIN/DR4/MFWK0/SX79.WAV,h# w ih y ux pcl p l iy z dcl d ix s kcl k r ay bcl dh iy ih dx iy aa dx ih kcl p axr dcl d ih kcl k ax-h m ax n tcl h#, w ɪ j ʉ p̚ p l i z d̚ d ɨ s k̚ k ɹ aɪ b̚ ð i ɪ ɾ i ɑ ɾ ɪ k̚ p ɚ d̚ d ɪ k̚ k ə̥ m ə n t̚ 
/home/isaac/Projects/Thesis/data/timit/data/TRAIN/DR4/MFWK0/SI1249.WAV,h# m ey bcl b iy tcl t w eh nx iy pau th er dx iy pau f ih f tcl t iy h#, m eɪ b̚ b i t̚ t w ɛ ɾ̃ i  θ ɝ ɾ i  f ɪ f t̚ t i 
/home/isaac/Projects/Thesis/data/timit/data/TRAIN/DR4/MFWK0/SX349.WAV,h# dh ix pcl p r iy s kcl k ux l er kcl k uh dx en v er bcl b el ay z hh er f iy l ih ng z ax bcl b aw tcl dh iy m er dcl jh en s iy kcl k ix n d ih sh ix n s h#, ð ɨ p̚ p ɹ i s k̚ k ʉ l ɝ k̚ k ʊ ɾ n̩ v ɝ b̚ b l̩ aɪ z h ɝ f i l ɪ ŋ z ə b̚ b aʊ t̚ ð i m ɝ d̚ dʒ n̩ s i k̚ k ɨ n d ɪ ʃ ɨ n s 
/home/isaac/Projects/Thesis/data/timit/data/TRAIN/DR4/MFWK0/SX439.WAV,h# dh eh tcl s tcl t ih ng iy ng v ey pcl p axr w ax z kcl k ao z dcl b ay kcl k l ao r ay dcl v ey pcl p axr ix z ey sh ix n h#, ð ɛ t̚ s t̚ t ɪ ŋ i ŋ v eɪ p̚ p ɚ w ə z k̚ k ɔ z d̚ b aɪ k̚ k l ɔ ɹ aɪ d̚ v eɪ p̚ p ɚ ɨ z eɪ ʃ ɨ n 
/home/isaac/Projects/Thesis/data/timit/data/TRAIN/DR4/MFWK0/SX169.WAV,h# hh aw w ix dcl jh ux ax v ae y uw ey tcl dh ih s ae l dcl jh ix bcl b r ey ix kcl k ix kcl k s pcl p r eh sh en h#, h aʊ w ɨ d̚ dʒ ʉ ə v æ j u eɪ t̚ ð ɪ s æ l d̚ dʒ ɨ b̚ b ɹ eɪ ɨ k̚ k ɨ k̚ k s p̚ p ɹ ɛ ʃ n̩ 
/home/isaac/Projects/Thesis/data/timit/data/TRAIN/DR4/MJWS0/SX333.WAV,h# ix n ae dx ah l q m ey ax l bcl b ae bcl ux n z tcl t iy th axr n aa tcl s ux dx ax bcl el f axr iy dx ix ng sh eh l f ih sh h#, ɨ n æ ɾ ʌ l ʔ m eɪ ə l b̚ b æ b̚ ʉ n z t̚ t i θ ɚ n ɑ t̚ s ʉ ɾ ə b̚ l̩ f ɚ i ɾ ɨ ŋ ʃ ɛ l f ɪ ʃ 
/home/isaac/Projects/Thesis/data/timit/data/TRAIN/DR4/MJWS0/SX63.WAV,h# k aa n tcl t ix n eh nx el dcl d r ih f tcl t ix z ix dcl jh iy ax l aa dcl jh ax-h kcl k el th ih r iy h#, k ɑ n t̚ t ɨ n ɛ ɾ̃ l̩ d̚ d ɹ ɪ f t̚ t ɨ z ɨ d̚ dʒ i ə l ɑ d̚ dʒ ə̥ k̚ k l̩ θ ɪ ɹ i 
/home/isaac/Projects/Thesis/data/timit/data/TRAIN/DR4/MJWS0/SI513.WAV,h# dh ih s ix z epi n ow s ax-h pcl p r ay z ix ng tcl t r ey tcl t f ao r ix bcl b ao l pcl p l ey axr h#, ð ɪ s ɨ z  n oʊ s ə̥ p̚ p ɹ aɪ z ɨ ŋ t̚ t ɹ eɪ t̚ t f ɔ ɹ ɨ b̚ b ɔ l p̚ p l eɪ ɚ 
/home/isaac/Projects/Thesis/data/timit/data/TRAIN/DR4/MJWS0/SX243.WAV,h# dh ey ao l ax gcl g r iy dh ix tcl dh iy q eh s ey pau ih z bcl b eh r l iy ih n tcl t eh l ix dcl jh ax bcl b el h#, ð eɪ ɔ l ə ɡ̚ ɡ ɹ i ð ɨ t̚ ð i ʔ ɛ s eɪ  ɪ z b̚ b ɛ ɹ l i ɪ n t̚ t ɛ l ɨ d̚ dʒ ə b̚ b l̩ 
/home/isaac/Projects/Thesis/data/timit/data/TRAIN/DR4/MJWS0/SX153.WAV,h# s kcl k ax l ae s tcl t ix kcl k q ae pcl t tcl t ux dx ih z dcl jh ah zh dcl d bcl b ah epi s tcl t ae n d axr dcl d ay z dcl d tcl t eh epi s tcl s h#, s k̚ k ə l æ s t̚ t ɨ k̚ k ʔ æ p̚ t t̚ t ʉ ɾ ɪ z d̚ dʒ ʌ ʒ d̚ d b̚ b ʌ  s t̚ t æ n d ɚ d̚ d aɪ z d̚ d t̚ t ɛ  s t̚ s 
/home/isaac/Projects/Thesis/data/timit/data/TRAIN/DR4/MJWS0/SI1143.WAV,h# m ow s tcl t ax sh er axr dcl d l iy q ay dcl d iy ax z axr ih n v ae y ux bcl b el h#, m oʊ s t̚ t ə ʃ ɝ ɚ d̚ d l i ʔ aɪ d̚ d i ə z ɚ ɪ n v æ j ʉ b̚ b l̩ 
/home/isaac/Projects/Thesis/data/timit/data/TRAIN/DR4/MJWS0/SX423.WAV,h# s epi m ae sh l ay tcl bcl b ah l bcl z q ix n dh eh axr kcl k ae sh v ae y ux w ih l dcl d ix m ih nx ix sh tcl t ux n ah th ix ng h#, s  m æ ʃ l aɪ t̚ b̚ b ʌ l b̚ z ʔ ɨ n ð ɛ ɚ k̚ k æ ʃ v æ j ʉ w ɪ l d̚ d ɨ m ɪ ɾ̃ ɨ ʃ t̚ t ʉ n ʌ θ ɨ ŋ 
/home/isaac/Projects/Thesis/data/timit/data/TRAIN/DR4/MJWS0/SI1773.WAV,h# dh eh r uw m l uh kcl t n ao r m el q ix n q iy v ix n kcl k aa m ax n pcl p l ey s h#, ð ɛ ɹ u m l ʊ k̚ t n ɔ ɹ m l̩ ʔ ɨ n ʔ i v ɨ n k̚ k ɑ m ə n p̚ p l eɪ s 
/home/isaac/Projects/Thesis/data/timit/data/TRAIN/DR4/MJMM0/SX355.WAV,h# d ao l f ax n z ah r ix n tcl t eh l ah dcl jh ix n tcl m axr r iy n m ae m el s h#, d ɔ l f ə n z ʌ ɹ ɨ n t̚ t ɛ l ʌ d̚ dʒ ɨ n t̚ m ɚ ɹ i n m æ m l̩ s 
/home/isaac/Projects/Thesis/data/timit/data/TRAIN/DR4/MJMM0/SI1885.WAV,h# dh ax m ah dcl w ae gcl g ix n hv eh dcl k aa tcl t f ay axr q ao l s ow h#, ð ə m ʌ d̚ w æ ɡ̚ ɡ ɨ n ɦ ɛ d̚ k ɑ t̚ t f aɪ ɚ ʔ ɔ l s oʊ 
/home/isaac/Projects/Thesis/data/timit/data/TRAIN/DR4/MJMM0/SX445.WAV,h# w ah dx ih z dh ax-h s l aa r dcl jh th ih ng bcl b ay dh ax q ay axr nx ix ng bcl b ao r dcl d h#, w ʌ ɾ ɪ z ð ə̥ s l ɑ ɹ d̚ dʒ θ ɪ ŋ b̚ b aɪ ð ə ʔ aɪ ɚ ɾ̃ ɨ ŋ b̚ b ɔ ɹ d̚ d 
/home/isaac/Projects/Thesis/data/timit/data/TRAIN/DR4/MJMM0/SI625.WAV,h# ax tcl t ay n iy hv ae n dcl f el n eh v axr dcl d ix dcl m ey kcl dh ax-h kcl k aa n s axr tcl h#, ə t̚ t aɪ n i ɦ æ n d̚ f l̩ n ɛ v ɚ d̚ d ɨ d̚ m eɪ k̚ ð ə̥ k̚ k ɑ n s ɚ t̚ 
/home/isaac/Projects/Thesis/data/timit/data/TRAIN/DR4/MJMM0/SX85.WAV,h# s ax m eh n tcl t ih z m eh zh axr dcl d ih n kcl k y ux bcl b ix kcl k y aa r dcl d s h#, s ə m ɛ n t̚ t ɪ z m ɛ ʒ ɚ d̚ d ɪ n k̚ k j ʉ b̚ b ɨ k̚ k j ɑ ɹ d̚ d s 
/home/isaac/Projects/Thesis/data/timit/data/TRAIN/DR4/MJMM0/SI1255.WAV,h# m ay s en s ih r w ih sh ix z dh eh tcl hv iy kcl k ax-h tcl t ih n y ux z tcl t ax-h q ae dcl d pau t ux dh ih sh r eh kcl k axr dx iy s eh tcl s hh ix r tcl t ax-h dx ey h#, m aɪ s n̩ s ɪ ɹ w ɪ ʃ ɨ z ð ɛ t̚ ɦ i k̚ k ə̥ t̚ t ɪ n j ʉ z t̚ t ə̥ ʔ æ d̚ d  t ʉ ð ɪ ʃ ɹ ɛ k̚ k ɚ ɾ i s ɛ t̚ s h ɨ ɹ t̚ t ə̥ ɾ eɪ 
/home/isaac/Projects/Thesis/data/timit/data/TRAIN/DR4/MJMM0/SX175.WAV,h# s ax v ih er m ay q ow pcl p iy ax kcl k ix n tcl t r ih bcl b ix dx ih dcl t axr r aa n z ih n f ih r iy ao axr dx iy kcl k aa m pcl p l eh kcl k s h#, s ə v ɪ ɝ m aɪ ʔ oʊ p̚ p i ə k̚ k ɨ n t̚ t ɹ ɪ b̚ b ɨ ɾ ɪ d̚ t ɚ ɹ ɑ n z ɪ n f ɪ ɹ i ɔ ɚ ɾ i k̚ k ɑ m p̚ p l ɛ k̚ k s 
/home/isaac/Projects/Thesis/data/timit/data/TRAIN/DR4/MJMM0/SX265.WAV,h# dh ax-h s ao ax z bcl b r ow kcl k ix n epi s ax tcl ch aa pcl p dh ax w uh dx ix n s tcl t eh dcl d h#, ð ə̥ s ɔ ə z b̚ b ɹ oʊ k̚ k ɨ n  s ə t̚ tʃ ɑ p̚ p ð ə w ʊ ɾ ɨ n s t̚ t ɛ d̚ d 
/home/isaac/Projects/Thesis/data/timit/data/TRAIN/DR4/FALR0/SX335.WAV,h# g ah s ao pcl p ay n t r iy z ix n r eh dcl w uh dcl z q ao n hv ix z epi w ao kcl k th r ux s ix kcl k oy ix n ae sh en el f ao axr s tcl t h#, ɡ ʌ s ɔ p̚ p aɪ n t ɹ i z ɨ n ɹ ɛ d̚ w ʊ d̚ z ʔ ɔ n ɦ ɨ z  w ɔ k̚ k θ ɹ ʉ s ɨ k̚ k ɔɪ ɨ n æ ʃ n̩ l̩ f ɔ ɚ s t̚ t 
/home/isaac/Projects/Thesis/data/timit/data/TRAIN/DR4/FALR0/SX65.WAV,h# ch ae l ix n jh iy tcl ch dcl jh uh nx axr el z ix n tcl t eh l ix dcl jh ix n tcl t s h#, tʃ æ l ɨ n dʒ i t̚ tʃ d̚ dʒ ʊ ɾ̃ ɚ l̩ z ɨ n t̚ t ɛ l ɨ d̚ dʒ ɨ n t̚ t s 
/home/isaac/Projects/Thesis/data/timit/data/TRAIN/DR4/FALR0/SI1325.WAV,h# k w ay dx ao f ax n hv ah n iy bcl b iy z f ao r m ax m ix dcl jh uh r ix dx iy aa n dh ax w ih l ow kcl k ae kcl k ix n s h#, k w aɪ ɾ ɔ f ə n ɦ ʌ n i b̚ b i z f ɔ ɹ m ə m ɨ d̚ dʒ ʊ ɹ ɨ ɾ i ɑ n ð ə w ɪ l oʊ k̚ k æ k̚ k ɨ n s 
/home/isaac/Projects/Thesis/data/timit/data/TRAIN/DR4/FALR0/SI1955.WAV,h# l ay kcl k iy n ah f w ax l ao l bcl b iy ah pcl p ao n tcl t aa pcl p ay s ah n dcl d aw n h#, l aɪ k̚ k i n ʌ f w ə l ɔ l b̚ b i ʌ p̚ p ɔ n t̚ t ɑ p̚ p aɪ s ʌ n d̚ d aʊ n 
/home/isaac/Projects/Thesis/data/timit/data/TRAIN/DR4/FALR0/SX425.WAV,h# m uw v iy z n eh v axr hv ae v ix n ah f v ih l ax n s h#, m u v i z n ɛ v ɚ ɦ æ v ɨ n ʌ f v ɪ l ə n s 
/home/isaac/Projects/Thesis/data/timit/data/TRAIN/DR4/FALR0/SX155.WAV,h# iy w ao dx axr kcl k ix n tcl t ey n dcl t ux m ah tcl ch kcl k l ao r iy n q ix n s tcl t ah ng hv ix z ay z h#, i w ɔ ɾ ɚ k̚ k ɨ n t̚ t eɪ n d̚ t ʉ m ʌ t̚ tʃ k̚ k l ɔ ɹ i n ʔ ɨ n s t̚ t ʌ ŋ ɦ ɨ z aɪ z 
/home/isaac/Projects/Thesis/data/timit/data/TRAIN/DR4/FALR0/SI695.WAV,h# dh iy n y ux bcl b axr th ih z ix m iy dx iy ix q eh n ih n s tcl t ix n tcl t ey n iy ix s h#, ð i n j ʉ b̚ b ɚ θ ɪ z ɨ m i ɾ i ɨ ʔ ɛ n ɪ n s t̚ t ɨ n t̚ t eɪ n i ɨ s 
/home/isaac/Projects/Thesis/data/timit/data/TRAIN/DR4/FALR0/SX245.WAV,h# d uh z hh ih n d ux q ih dx iy aa l ix dcl jh iy q aa nx axr kcl k aw z h#, d ʊ z h ɪ n d ʉ ʔ ɪ ɾ i ɑ l ɨ d̚ dʒ i ʔ ɑ ɾ̃ ɚ k̚ k aʊ z 
/home/isaac/Projects/Thesis/data/timit/data/TRAIN/DR4/MJSR0/SX344.WAV,h# ay n ow ay dcl d ih dcl en m iy tcl t hh er q er l iy ih n ah f h#, aɪ n oʊ aɪ d̚ d ɪ d̚ n̩ m i t̚ t h ɝ ʔ ɝ l i ɪ n ʌ f 
/home/isaac/Projects/Thesis/data/timit/data/TRAIN/DR4/MJSR0/SI2054.WAV,h# hh iy s epi l ih pcl t aw tcl t s ay dcl pau hh uh gcl ix n ax w ao l z ax v bcl b ih l dx ix ng z ix n dcl d aa dcl jh ix ng q ih n tcl t ux dcl d ao r w ey epi s h#, h i s  l ɪ p̚ t aʊ t̚ t s aɪ d̚  h ʊ ɡ̚ ɨ n ə w ɔ l z ə v b̚ b ɪ l ɾ ɨ ŋ z ɨ n d̚ d ɑ d̚ dʒ ɨ ŋ ʔ ɪ n t̚ t ʉ d̚ d ɔ ɹ w eɪ  s 
/home/isaac/Projects/Thesis/data/timit/data/TRAIN/DR4/MJSR0/SX74.WAV,h# q ae nx ow f ih sh el dcl d eh dcl l ay n kcl k ix n aa pcl b iy pcl p ow s pcl p ow n h#, ʔ æ ɾ̃ oʊ f ɪ ʃ l̩ d̚ d ɛ d̚ l aɪ n k̚ k ɨ n ɑ p̚ b i p̚ p oʊ s p̚ p oʊ n 
/home/isaac/Projects/Thesis/data/timit/data/TRAIN/DR4/MJSR0/SI794.WAV,h# y ux sh uh dcl d f er m l iy n s ih s dh ix tcl n ow bcl b aa bcl iy pcl p ih n z er hv eh r pcl p ih n z bcl b iy w ao r n q ix n dh ax w ao dx axr h#, j ʉ ʃ ʊ d̚ d f ɝ m l i n s ɪ s ð ɨ t̚ n oʊ b̚ b ɑ b̚ i p̚ p ɪ n z ɝ ɦ ɛ ɹ p̚ p ɪ n z b̚ b i w ɔ ɹ n ʔ ɨ n ð ə w ɔ ɾ ɚ 
/home/isaac/Projects/Thesis/data/timit/data/TRAIN/DR4/MJSR0/SX254.WAV,h# d ux dh ey ax l aw q ey th iy ix s ix n tcl ch er tcl ch h#, d ʉ ð eɪ ə l aʊ ʔ eɪ θ i ɨ s ɨ n t̚ tʃ ɝ t̚ tʃ 
/home/isaac/Projects/Thesis/data/timit/data/TRAIN/DR4/MJSR0/SX164.WAV,h# k y er aa s ix dx iy q ix n m iy dx iy aa kcl k ix tcl t iy pau s eh l em kcl k ow ix gcl z ih s tcl t h#, k j ɝ ɑ s ɨ ɾ i ʔ ɨ n m i ɾ i ɑ k̚ k ɨ t̚ t i  s ɛ l m̩ k̚ k oʊ ɨ ɡ̚ z ɪ s t̚ t 
/home/isaac/Projects/Thesis/data/timit/data/TRAIN/DR4/MJSR0/SX434.WAV,h# iy tcl ch tcl t ae gcl sh er l iy f ay n z ix bcl b ih gcl f ao n h#, i t̚ tʃ t̚ t æ ɡ̚ ʃ ɝ l i f aɪ n z ɨ b̚ b ɪ ɡ̚ f ɔ n 
/home/isaac/Projects/Thesis/data/timit/data/TRAIN/DR4/MJSR0/SI1424.WAV,h# ih tcl t hv ae dx eh s ux m dh ix tcl t eh axr f ay ng ix n er sh ix q ah v ix n ae n m ix n q m ae dx axr h#, ɪ t̚ t ɦ æ ɾ ɛ s ʉ m ð ɨ t̚ t ɛ ɚ f aɪ ŋ ɨ n ɝ ʃ ɨ ʔ ʌ v ɨ n æ n m ɨ n ʔ m æ ɾ ɚ 
/home/isaac/Projects/Thesis/data/timit/data/TRAIN/DR4/MBMA0/SI1852.WAV,h# s ux n s eh dcl dh ax hv ae f m ae n h#, s ʉ n s ɛ d̚ ð ə ɦ æ f m æ n 
/home/isaac/Projects/Thesis/data/timit/data/TRAIN/DR4/MBMA0/SX52.WAV,h# hh er kcl k l ae s ix kcl k el pcl p axr f ao r m ax n epi s gcl g ey n dcl k r ih dx ix kcl k ax l ax kcl k l ey m h#, h ɝ k̚ k l æ s ɨ k̚ k l̩ p̚ p ɚ f ɔ ɹ m ə n  s ɡ̚ ɡ eɪ n d̚ k ɹ ɪ ɾ ɨ k̚ k ə l ə k̚ k l eɪ m 
/home/isaac/Projects/Thesis/data/timit/data/TRAIN/DR4/MBMA0/SI1222.WAV,h# ax v aw dcl d q ey th iy ix s pau ao r f r iy th ih ng kcl k axr z q aa r s ow r eh axr q ih z tcl t ax-h bcl b iy ih kcl k y er iy aa s ix dx ix h#, ə v aʊ d̚ d ʔ eɪ θ i ɨ s  ɔ ɹ f ɹ i θ ɪ ŋ k̚ k ɚ z ʔ ɑ ɹ s oʊ ɹ ɛ ɚ ʔ ɪ z t̚ t ə̥ b̚ b i ɪ k̚ k j ɝ i ɑ s ɨ ɾ ɨ 
/home/isaac/Projects/Thesis/data/timit/data/TRAIN/DR4/MBMA0/SX322.WAV,h# ey l eh dh er hv ae n dcl b ae gcl w uh dcl b iy ix s ux dx ax bcl b el gcl g ih f tcl t h#, eɪ l ɛ ð ɝ ɦ æ n d̚ b æ ɡ̚ w ʊ d̚ b i ɨ s ʉ ɾ ə b̚ b l̩ ɡ̚ ɡ ɪ f t̚ t 
/home/isaac/Projects/Thesis/data/timit/data/TRAIN/DR4/MBMA0/SX412.WAV,h# g w eh n pcl p l ae nx ix dcl d gcl g r iy n bcl b iy n z q ih nx er v eh dcl jh tcl t ax-h bcl b el gcl g aa r dcl en h#, ɡ w ɛ n p̚ p l æ ɾ̃ ɨ d̚ d ɡ̚ ɡ ɹ i n b̚ b i n z ʔ ɪ ɾ̃ ɝ v ɛ d̚ dʒ t̚ t ə̥ b̚ b l̩ ɡ̚ ɡ ɑ ɹ d̚ n̩ 
/home/isaac/Projects/Thesis/data/timit/data/TRAIN/DR4/MBMA0/SX142.WAV,h# hh w ih tcl ch l ao ng aa r dx ih kcl k el w ax z ow pcl p ey kcl k ix n iy dx ix dcl k l eh axr f ix kcl k ey sh ix n h#, h w ɪ t̚ tʃ l ɔ ŋ ɑ ɹ ɾ ɪ k̚ k l̩ w ə z oʊ p̚ p eɪ k̚ k ɨ n i ɾ ɨ d̚ k l ɛ ɚ f ɨ k̚ k eɪ ʃ ɨ n 
/home/isaac/Projects/Thesis/data/timit/data/TRAIN/DR4/MBMA0/SX232.WAV,h# hh ih z f eh l y er tcl t uw q ow pcl p ax n dh ax s tcl t ao r bcl b ay ey tcl k ao s tcl t ix m hv ix z dcl jh aa bcl h#, h ɪ z f ɛ l j ɝ t̚ t u ʔ oʊ p̚ p ə n ð ə s t̚ t ɔ ɹ b̚ b aɪ eɪ t̚ k ɔ s t̚ t ɨ m ɦ ɨ z d̚ dʒ ɑ b̚ 
/home/isaac/Projects/Thesis/data/timit/data/TRAIN/DR4/MBMA0/SI592.WAV,h# hh uw w aa n tcl s dh ih s dcl d iy dcl d ah n h#, h u w ɑ n t̚ s ð ɪ s d̚ d i d̚ d ʌ n 
/home/isaac/Projects/Thesis/data/timit/data/TRAIN/DR4/MTRC0/SX170.WAV,h# dh iy m ay ih n pau n iy uw kcl k l ae s ix kcl s kcl k aa l axr dcl d ix s ax-h pcl p ih axr dcl hh w el s axr v ey iy n ey n tcl ch ix n q r uh ax n epi z h#, ð i m aɪ ɪ n  n i u k̚ k l æ s ɨ k̚ s k̚ k ɑ l ɚ d̚ d ɨ s ə̥ p̚ p ɪ ɚ d̚ h w l̩ s ɚ v eɪ i n eɪ n t̚ tʃ ɨ n ʔ ɹ ʊ ə n  z 
/home/isaac/Projects/Thesis/data/timit/data/TRAIN/DR4/MTRC0/SI1623.WAV,h# dh eh r w ix z epi m ah tcl ch ix m bcl b r ey s iy n pau m ah tcl ch ix kcl s kcl k l ey m iy ng h#, ð ɛ ɹ w ɨ z  m ʌ t̚ tʃ ɨ m b̚ b ɹ eɪ s i n  m ʌ t̚ tʃ ɨ k̚ s k̚ k l eɪ m i ŋ 
/home/isaac/Projects/Thesis/data/timit/data/TRAIN/DR4/MTRC0/SX273.WAV,h# d ih ae ng r ih bcl b oy ae n tcl sh axr dcl b ah tcl d ih dcl d en l uh kcl ah pcl h#, d ɪ æ ŋ ɹ ɪ b̚ b ɔɪ æ n t̚ ʃ ɚ d̚ b ʌ t̚ d ɪ d̚ d n̩ l ʊ k̚ ʌ p̚ 
/home/isaac/Projects/Thesis/data/timit/data/TRAIN/DR4/MTRC0/SX93.WAV,h# k ah dx ah s epi m aa l kcl k ao r nx er ao f iy tcl ch eh dcl jh h#, k ʌ ɾ ʌ s  m ɑ l k̚ k ɔ ɹ ɾ̃ ɝ ɔ f i t̚ tʃ ɛ d̚ dʒ 
/home/isaac/Projects/Thesis/data/timit/data/TRAIN/DR4/MTRC0/SX363.WAV,h# dh ix kcl k aw w aa nx er dcl d f r ah m dh ax f aa r m l ae nx ix n bcl b ax-h kcl k ey m l ao s tcl t h#, ð ɨ k̚ k aʊ w ɑ ɾ̃ ɝ d̚ d f ɹ ʌ m ð ə f ɑ ɹ m l æ ɾ̃ ɨ n b̚ b ə̥ k̚ k eɪ m l ɔ s t̚ t 
/home/isaac/Projects/Thesis/data/timit/data/TRAIN/DR4/MTRC0/SI589.WAV,h# w ah nx ax v dh ax pcl p r aa bcl b l ax m z ax s ow s ey dx ix w ix th iy gcl s pcl p r eh s epi w ey s tcl t eh m z f r ax n dh ix bcl b ey s ih kcl k aa dcl d iy ah h#, w ʌ ɾ̃ ə v ð ə p̚ p ɹ ɑ b̚ b l ə m z ə s oʊ s eɪ ɾ ɨ w ɨ θ i ɡ̚ s p̚ p ɹ ɛ s  w eɪ s t̚ t ɛ m z f ɹ ə n ð ɨ b̚ b eɪ s ɪ k̚ k ɑ d̚ d i ʌ 
/home/isaac/Projects/Thesis/data/timit/data/TRAIN/DR4/MTRC0/SI993.WAV,h# hh iy m eh tcl n ow bcl b aa dx ih hv iy n ux ao n dh ix s epi w ao kcl k h#, h i m ɛ t̚ n oʊ b̚ b ɑ ɾ ɪ ɦ i n ʉ ɔ n ð ɨ s  w ɔ k̚ k 
/home/isaac/Projects/Thesis/data/timit/data/TRAIN/DR4/MTRC0/SX183.WAV,h# w ay eh l s epi w uh dcl d ae n iy hh ah l aw ah dh er z tcl t ix gcl g ow h#, w aɪ ɛ l s  w ʊ d̚ d æ n i h ʌ l aʊ ʌ ð ɝ z t̚ t ɨ ɡ̚ ɡ oʊ 
/home/isaac/Projects/Thesis/data/timit/data/TRAIN/DR4/MMBS0/SI521.WAV,h# t r ae f ix kcl k f r iy kcl k w eh n q l ix hv eh z f ey l dcl t ax-h m eh zh er ah pcl t ix q ix n dcl jh ix n ih axr z r ow z iy y eh s tcl t ix m ax tcl s h#, t ɹ æ f ɨ k̚ k f ɹ i k̚ k w ɛ n ʔ l ɨ ɦ ɛ z f eɪ l d̚ t ə̥ m ɛ ʒ ɝ ʌ p̚ t ɨ ʔ ɨ n d̚ dʒ ɨ n ɪ ɚ z ɹ oʊ z i j ɛ s t̚ t ɨ m ə t̚ s 
/home/isaac/Projects/Thesis/data/timit/data/TRAIN/DR4/MMBS0/SX431.WAV,h# dh ax f ih th dcl jh aa r kcl k en tcl t ey n z bcl b ih gcl g dcl jh ux s iy pcl p iy tcl ch ix z h#, ð ə f ɪ θ d̚ dʒ ɑ ɹ k̚ k n̩ t̚ t eɪ n z b̚ b ɪ ɡ̚ ɡ d̚ dʒ ʉ s i p̚ p i t̚ tʃ ɨ z 
/home/isaac/Projects/Thesis/data/timit/data/TRAIN/DR4/MMBS0/SX71.WAV,h# p ao r kcl k y ux pcl p ay n z r iy z eh m bcl b el s iy q er tcl ch ix n epi z h#, p ɔ ɹ k̚ k j ʉ p̚ p aɪ n z ɹ i z ɛ m b̚ b l̩ s i ʔ ɝ t̚ tʃ ɨ n  z 
/home/isaac/Projects/Thesis/data/timit/data/TRAIN/DR4/MMBS0/SI1781.WAV,h# dh ax sh ae dx ow v ae nx ih sh tcl t h#, ð ə ʃ æ ɾ oʊ v æ ɾ̃ ɪ ʃ t̚ t 
/home/isaac/Projects/Thesis/data/timit/data/TRAIN/DR4/MMBS0/SI1151.WAV,h# f ao w ah tcl d ux dh iy y ux tcl t ow pcl p iy ix n z l ey bcl b er h#, f ɔ w ʌ t̚ d ʉ ð i j ʉ t̚ t oʊ p̚ p i ɨ n z l eɪ b̚ b ɝ 
/home/isaac/Projects/Thesis/data/timit/data/TRAIN/DR4/MMBS0/SX251.WAV,h# w iy ax pcl p l ay q ao dx ix tcl t ao r ix m aa dx el ix ng tcl t uw kcl k ax m pcl p y ux dx er s pcl p iy tcl ch epi r eh kcl k ix gcl n ih sh ix n h#, w i ə p̚ p l aɪ ʔ ɔ ɾ ɨ t̚ t ɔ ɹ ɨ m ɑ ɾ l̩ ɨ ŋ t̚ t u k̚ k ə m p̚ p j ʉ ɾ ɝ s p̚ p i t̚ tʃ  ɹ ɛ k̚ k ɨ ɡ̚ n ɪ ʃ ɨ n 
/home/isaac/Projects/Thesis/data/timit/data/TRAIN/DR4/MMBS0/SX341.WAV,h# dh ax hv ay s ix kcl k er axr dx iy pcl p r ih z ix n w ax s axr r aw n d ix dcl b ay bcl b aa r bcl b dcl d w ay axr h#, ð ə ɦ aɪ s ɨ k̚ k ɝ ɚ ɾ i p̚ p ɹ ɪ z ɨ n w ə s ɚ ɹ aʊ n d ɨ d̚ b aɪ b̚ b ɑ ɹ b̚ b d̚ d w aɪ ɚ 
/home/isaac/Projects/Thesis/data/timit/data/TRAIN/DR4/MMBS0/SX161.WAV,h# q ae z ax pcl p r iy kcl k ao sh ix n dh ix aw q l ao z bcl b ao tcl t gcl g ah n pcl p aw dcl d er f axr dh eh r s tcl t r ao ng hv ow l dcl d h#, ʔ æ z ə p̚ p ɹ i k̚ k ɔ ʃ ɨ n ð ɨ aʊ ʔ l ɔ z b̚ b ɔ t̚ t ɡ̚ ɡ ʌ n p̚ p aʊ d̚ d ɝ f ɚ ð ɛ ɹ s t̚ t ɹ ɔ ŋ ɦ oʊ l d̚ d 
/home/isaac/Projects/Thesis/data/timit/data/TRAIN/DR4/MGXP0/SX97.WAV,h# p ih ng gcl g w ax n z l ih v n ih axr dcl d ix q ay s ix pau q ae n q ao r tcl t ix kcl k h#, p ɪ ŋ ɡ̚ ɡ w ə n z l ɪ v n ɪ ɚ d̚ d ɨ ʔ aɪ s ɨ  ʔ æ n ʔ ɔ ɹ t̚ t ɨ k̚ k 
/home/isaac/Projects/Thesis/data/timit/data/TRAIN/DR4/MGXP0/SX7.WAV,h# n ah tcl th ix n ih z ae z pau ax f eh n s ix v pau eh z q ih n ax s en s h#, n ʌ t̚ θ ɨ n ɪ z æ z  ə f ɛ n s ɨ v  ɛ z ʔ ɪ n ə s n̩ s 
/home/isaac/Projects/Thesis/data/timit/data/TRAIN/DR4/MGXP0/SX187.WAV,h# dh ey q aw f tcl t ix n gcl g ow q aw tcl t pau q ix n dh ix q iy v n ix n h#, ð eɪ ʔ aʊ f t̚ t ɨ n ɡ̚ ɡ oʊ ʔ aʊ t̚ t  ʔ ɨ n ð ɨ ʔ i v n ɨ n 
/home/isaac/Projects/Thesis/data/timit/data/TRAIN/DR4/MGXP0/SX367.WAV,h# dh ix s er pcl p l ax s sh ux z pau w ax s ow l q eh dx ey dcl d ih s kcl k aw n tcl p r ay s h#, ð ɨ s ɝ p̚ p l ə s ʃ ʉ z  w ə s oʊ l ʔ ɛ ɾ eɪ d̚ d ɪ s k̚ k aʊ n t̚ p ɹ aɪ s 
/home/isaac/Projects/Thesis/data/timit/data/TRAIN/DR4/MGXP0/SI525.WAV,h# dh iy dcl d ix z ay axr q ix n ax bcl b ih l ix tcl t iy tcl t ux r iy dcl d pau aa ix m pcl p ao dx ix n ae s pcl p eh kcl s pau q ax v aw kcl k ah tcl ch er el ay f h#, ð i d̚ d ɨ z aɪ ɚ ʔ ɨ n ə b̚ b ɪ l ɨ t̚ t i t̚ t ʉ ɹ i d̚ d  ɑ ɨ m p̚ p ɔ ɾ ɨ n æ s p̚ p ɛ k̚ s  ʔ ə v aʊ k̚ k ʌ t̚ tʃ ɝ l̩ aɪ f 
/home/isaac/Projects/Thesis/data/timit/data/TRAIN/DR4/MGXP0/SX277.WAV,h# dh ix r ow z kcl k axr s ao dcl jh pau s epi m eh l dcl d s epi w iy tcl t h#, ð ɨ ɹ oʊ z k̚ k ɚ s ɔ d̚ dʒ  s  m ɛ l d̚ d s  w i t̚ t 
/home/isaac/Projects/Thesis/data/timit/data/TRAIN/DR4/MGXP0/SI1087.WAV,h# hh iy m ah s r ih axr ey n jh epi m ae dx uh s ow dx eh tcl t ux pcl p ax f ao m ax z dcl d ux n aa tcl b ah m pcl ax-h n tcl t ux iy tcl ch ah dh ax-h h#, h i m ʌ s ɹ ɪ ɚ eɪ n dʒ  m æ ɾ ʊ s oʊ ɾ ɛ t̚ t ʉ p̚ p ə f ɔ m ə z d̚ d ʉ n ɑ t̚ b ʌ m p̚ ə̥ n t̚ t ʉ i t̚ tʃ ʌ ð ə̥ 
/home/isaac/Projects/Thesis/data/timit/data/TRAIN/DR4/MGXP0/SI457.WAV,h# b ow f ih gcl g axr z pau w uh dcl g ow hh ay axr q ix n l ey dx ix y ih axr z h#, b oʊ f ɪ ɡ̚ ɡ ɚ z  w ʊ d̚ ɡ oʊ h aɪ ɚ ʔ ɨ n l eɪ ɾ ɨ j ɪ ɚ z 
/home/isaac/Projects/Thesis/data/timit/data/TRAIN/DR4/FSSB0/SI1712.WAV,h# y ux th ih ng kcl k s ah m bcl b aa dx iy ix z gcl g oy ng dcl d ix s tcl t ae n dcl d ah pcl p ix n ah q aa dx iy eh n tcl s eh m ey kcl g ih l tcl t ix f ey s eh z h#, j ʉ θ ɪ ŋ k̚ k s ʌ m b̚ b ɑ ɾ i ɨ z ɡ̚ ɡ ɔɪ ŋ d̚ d ɨ s t̚ t æ n d̚ d ʌ p̚ p ɨ n ʌ ʔ ɑ ɾ i ɛ n t̚ s ɛ m eɪ k̚ ɡ ɪ l t̚ t ɨ f eɪ s ɛ z 
/home/isaac/Projects/Thesis/data/timit/data/TRAIN/DR4/FSSB0/SX452.WAV,h# q eh n dcl d ih v eh l ax pcl p ih ng f ih l m ax pau m eh nx iy tcl t aa kcl k s ix kcl k eh m ax kcl k el z q aa r y ux z dcl d h#, ʔ ɛ n d̚ d ɪ v ɛ l ə p̚ p ɪ ŋ f ɪ l m ə  m ɛ ɾ̃ i t̚ t ɑ k̚ k s ɨ k̚ k ɛ m ə k̚ k l̩ z ʔ ɑ ɹ j ʉ z d̚ d 
/home/isaac/Projects/Thesis/data/timit/data/TRAIN/DR4/FSSB0/SX92.WAV,h# q ey l aa r dcl jh hv aw s hh ow l dcl d pau n iy dcl z l aa tcl s ax v ax pcl p l ay ix n s eh s h#, ʔ eɪ l ɑ ɹ d̚ dʒ ɦ aʊ s h oʊ l d̚ d  n i d̚ z l ɑ t̚ s ə v ə p̚ p l aɪ ɨ n s ɛ s 
/home/isaac/Projects/Thesis/data/timit/data/TRAIN/DR4/FSSB0/SX182.WAV,h# th ih kcl g l ux ix q ux z dcl d q aw dx ax v dh ix tcl t ux bcl b h#, θ ɪ k̚ ɡ l ʉ ɨ ʔ ʉ z d̚ d ʔ aʊ ɾ ə v ð ɨ t̚ t ʉ b̚ b 
/home/isaac/Projects/Thesis/data/timit/data/TRAIN/DR4/FSSB0/SI2342.WAV,h# n aa q w ax nx aa w ax z ix kcl k ih dcl d h#, n ɑ ʔ w ə ɾ̃ ɑ w ə z ɨ k̚ k ɪ d̚ d 
/home/isaac/Projects/Thesis/data/timit/data/TRAIN/DR4/FSSB0/SX362.WAV,h# dh iy ih n oy ih ng r ae kcl k ux n z pau s l ih pcl t q eh n tcl t ux f ih l z gcl g aa r dcl en q eh v r iy n ay tcl t h#, ð i ɪ n ɔɪ ɪ ŋ ɹ æ k̚ k ʉ n z  s l ɪ p̚ t ʔ ɛ n t̚ t ʉ f ɪ l z ɡ̚ ɡ ɑ ɹ d̚ n̩ ʔ ɛ v ɹ i n aɪ t̚ t 
/home/isaac/Projects/Thesis/data/timit/data/TRAIN/DR4/FSSB0/SX272.WAV,h# q ah l aw iy tcl ch tcl ch aa l dcl t eh hv ae v ax n ay s pcl p aa pcl p h#, ʔ ʌ l aʊ i t̚ tʃ t̚ tʃ ɑ l d̚ t ɛ ɦ æ v ə n aɪ s p̚ p ɑ p̚ p 
/home/isaac/Projects/Thesis/data/timit/data/TRAIN/DR4/FSSB0/SI1082.WAV,h# q ey n ux q ao r dx er q eh z epi th r ah s tcl t ih ng ih tcl s eh l f q eh n tcl t ux bcl b iy ih ng h#, ʔ eɪ n ʉ ʔ ɔ ɹ ɾ ɝ ʔ ɛ z  θ ɹ ʌ s t̚ t ɪ ŋ ɪ t̚ s ɛ l f ʔ ɛ n t̚ t ʉ b̚ b i ɪ ŋ 
/home/isaac/Projects/Thesis/data/timit/data/TRAIN/DR4/MSTF0/SX226.WAV,h# s tcl t eh f kcl k ix dcl b eh axr l iy hv ae n dcl el dh ax s ay kcl k el aa dcl jh kcl k el tcl t r aa m ax h#, s t̚ t ɛ f k̚ k ɨ d̚ b ɛ ɚ l i ɦ æ n d̚ l̩ ð ə s aɪ k̚ k l̩ ɑ d̚ dʒ k̚ k l̩ t̚ t ɹ ɑ m ə 
/home/isaac/Projects/Thesis/data/timit/data/TRAIN/DR4/MSTF0/SX316.WAV,h# dh ae tcl d ao gcl ch ey s ix s kcl k ae tcl t s epi m axr s ix l ix s l iy h#, ð æ t̚ d ɔ ɡ̚ tʃ eɪ s ɨ s k̚ k æ t̚ t s  m ɚ s ɨ l ɨ s l i 
/home/isaac/Projects/Thesis/data/timit/data/TRAIN/DR4/MSTF0/SI1396.WAV,h# t iy tcl ch er ax s ay m ix n tcl ix n ao r dx axr tcl t ux dcl d iy s eh gcl g axr gcl g ey tcl h#, t i t̚ tʃ ɝ ə s aɪ m ɨ n t̚ ɨ n ɔ ɹ ɾ ɚ t̚ t ʉ d̚ d i s ɛ ɡ̚ ɡ ɚ ɡ̚ ɡ eɪ t̚ 
/home/isaac/Projects/Thesis/data/timit/data/TRAIN/DR4/MSTF0/SX136.WAV,h# s ay n tcl t ix f ix kcl p r aa gcl g r eh s kcl k ah m z f axr m dh ax dcl d ax v eh l ax q m ix n ax v n ux tcl t ax kcl n iy kcl k s h#, s aɪ n t̚ t ɨ f ɨ k̚ p ɹ ɑ ɡ̚ ɡ ɹ ɛ s k̚ k ʌ m z f ɚ m ð ə d̚ d ə v ɛ l ə ʔ m ɨ n ə v n ʉ t̚ t ə k̚ n i k̚ k s 
/home/isaac/Projects/Thesis/data/timit/data/TRAIN/DR4/MSTF0/SX46.WAV,h# dh ae tcl p ih tcl p aa kcl k ix tcl w ax z kcl k ao tcl r eh dcl d hh ae n dcl d ix dcl h#, ð æ t̚ p ɪ t̚ p ɑ k̚ k ɨ t̚ w ə z k̚ k ɔ t̚ ɹ ɛ d̚ d h æ n d̚ d ɨ d̚ 
/home/isaac/Projects/Thesis/data/timit/data/TRAIN/DR4/MSTF0/SI766.WAV,h# s eh dx ax s ay dcl t ax-h dcl d r ay th axr ax l iy h#, s ɛ ɾ ə s aɪ d̚ t ə̥ d̚ d ɹ aɪ θ ɚ ə l i 
/home/isaac/Projects/Thesis/data/timit/data/TRAIN/DR4/MSTF0/SX406.WAV,h# dh eh w ah z ax dcl jh ay gcl g ae nx ix kcl k w aa s pcl p pau n eh kcl k s tcl t ax q er v iy ng z bcl b ih gcl t aa pcl p hh ae tcl h#, ð ɛ w ʌ z ə d̚ dʒ aɪ ɡ̚ ɡ æ ɾ̃ ɨ k̚ k w ɑ s p̚ p  n ɛ k̚ k s t̚ t ə ʔ ɝ v i ŋ z b̚ b ɪ ɡ̚ t ɑ p̚ p h æ t̚ 
/home/isaac/Projects/Thesis/data/timit/data/TRAIN/DR4/MSTF0/SI852.WAV,h# ix f ux y ux s pcl p aa r kcl k ix ng ax tcl t eh n dcl ax n tcl s pau k eh n ey bcl b iy r ax pcl p l ey s tcl b ay q ao dx ax m aa dx ix kcl p aa r kcl k eng gcl g ey tcl t s h#, ɨ f ʉ j ʉ s p̚ p ɑ ɹ k̚ k ɨ ŋ ə t̚ t ɛ n d̚ ə n t̚ s  k ɛ n eɪ b̚ b i ɹ ə p̚ p l eɪ s t̚ b aɪ ʔ ɔ ɾ ə m ɑ ɾ ɨ k̚ p ɑ ɹ k̚ k ŋ̍ ɡ̚ ɡ eɪ t̚ t s 
/home/isaac/Projects/Thesis/data/timit/data/TRAIN/DR4/FCAG0/SI1641.WAV,h# w axr y ux ix n l ah v w ax th ae tcl g er el h#, w ɚ j ʉ ɨ n l ʌ v w ə θ æ t̚ ɡ ɝ l̩ 
/home/isaac/Projects/Thesis/data/timit/data/TRAIN/DR4/FCAG0/SX333.WAV,h# eh n ih dcl d ah l tcl m ey l bcl b ae bcl b uw n z tcl t iy th q aa r n aa q s ux dx ix bcl b el f axr q iy dx ix ng sh eh l f ih sh h#, ɛ n ɪ d̚ d ʌ l t̚ m eɪ l b̚ b æ b̚ b u n z t̚ t i θ ʔ ɑ ɹ n ɑ ʔ s ʉ ɾ ɨ b̚ b l̩ f ɚ ʔ i ɾ ɨ ŋ ʃ ɛ l f ɪ ʃ 
/home/isaac/Projects/Thesis/data/timit/data/TRAIN/DR4/FCAG0/SX63.WAV,h# k aa q n eh nx el dcl d r ih f tcl t q ix z ix dcl jh iy ix l aa dcl jh ix kcl k el th iy axr ix h#, k ɑ ʔ n ɛ ɾ̃ l̩ d̚ d ɹ ɪ f t̚ t ʔ ɨ z ɨ d̚ dʒ i ɨ l ɑ d̚ dʒ ɨ k̚ k l̩ θ i ɚ ɨ 
/home/isaac/Projects/Thesis/data/timit/data/TRAIN/DR4/FCAG0/SI2133.WAV,h# hh ih r dh eh dx ih dcl n aa tcl n iy dcl t ix bcl b iy eng gcl g eh dx ow z h#, h ɪ ɹ ð ɛ ɾ ɪ d̚ n ɑ t̚ n i d̚ t ɨ b̚ b i ŋ̍ ɡ̚ ɡ ɛ ɾ oʊ z 
/home/isaac/Projects/Thesis/data/timit/data/TRAIN/DR4/FCAG0/SX243.WAV,h# dh ey ao l ax gcl g r iy dh ix tcl dh ix eh s ey ih z bcl b eh r l iy ix n tcl t eh l ax dcl jh ix bcl b el h#, ð eɪ ɔ l ə ɡ̚ ɡ ɹ i ð ɨ t̚ ð ɨ ɛ s eɪ ɪ z b̚ b ɛ ɹ l i ɨ n t̚ t ɛ l ə d̚ dʒ ɨ b̚ b l̩ 
/home/isaac/Projects/Thesis/data/timit/data/TRAIN/DR4/FCAG0/SX153.WAV,h# s kcl k ax l ae s tcl t ix kcl k ae pcl t ix tcl t ux dx ix z dcl jh ah dcl jh dcl b ay s tcl t ae n axr dx ay z dcl t eh s h#, s k̚ k ə l æ s t̚ t ɨ k̚ k æ p̚ t ɨ t̚ t ʉ ɾ ɨ z d̚ dʒ ʌ d̚ dʒ d̚ b aɪ s t̚ t æ n ɚ ɾ aɪ z d̚ t ɛ s 
/home/isaac/Projects/Thesis/data/timit/data/TRAIN/DR4/FCAG0/SI1503.WAV,h# b aa dh ax l uh kcl k ah v ih m hv ix w ah z ix n tcl dh ae tcl f aa r gcl g ao n h#, b ɑ ð ə l ʊ k̚ k ʌ v ɪ m ɦ ɨ w ʌ z ɨ n t̚ ð æ t̚ f ɑ ɹ ɡ̚ ɡ ɔ n 
/home/isaac/Projects/Thesis/data/timit/data/TRAIN/DR4/FCAG0/SX423.WAV,h# s m ae sh l ay tcl b ah bcl b z ax n dh axr kcl k ae sh v ae y ux w el dcl d ax m ih nx ih sh tcl t ix n ah th ix ng h#, s m æ ʃ l aɪ t̚ b ʌ b̚ b z ə n ð ɚ k̚ k æ ʃ v æ j ʉ w l̩ d̚ d ə m ɪ ɾ̃ ɪ ʃ t̚ t ɨ n ʌ θ ɨ ŋ 
/home/isaac/Projects/Thesis/data/timit/data/TRAIN/DR4/MSFH0/SX226.WAV,h# s tcl t eh f kcl k ix dcl b eh axr l iy hh ae n dcl d el dh ax s ay kcl k el aa dcl jh ax-h kcl k el tcl t r aa m ax h#, s t̚ t ɛ f k̚ k ɨ d̚ b ɛ ɚ l i h æ n d̚ d l̩ ð ə s aɪ k̚ k l̩ ɑ d̚ dʒ ə̥ k̚ k l̩ t̚ t ɹ ɑ m ə 
/home/isaac/Projects/Thesis/data/timit/data/TRAIN/DR4/MSFH0/SI1738.WAV,h# n ow s ay n z pau q ah v dh iy z pau n ow gcl g r ow s hh eh m er dcl jh ax v l ah ng z hh aa r tcl b r ey n ao r sh tcl t ah m ix kcl k h#, n oʊ s aɪ n z  ʔ ʌ v ð i z  n oʊ ɡ̚ ɡ ɹ oʊ s h ɛ m ɝ d̚ dʒ ə v l ʌ ŋ z h ɑ ɹ t̚ b ɹ eɪ n ɔ ɹ ʃ t̚ t ʌ m ɨ k̚ k 
/home/isaac/Projects/Thesis/data/timit/data/TRAIN/DR4/MSFH0/SI586.WAV,h# w ah n q iy v ix n gcl g ey v m ay l ih el dcl d ao gcl g ax bcl b ih s kcl k ix tcl h#, w ʌ n ʔ i v ɨ n ɡ̚ ɡ eɪ v m aɪ l ɪ l̩ d̚ d ɔ ɡ̚ ɡ ə b̚ b ɪ s k̚ k ɨ t̚ 
/home/isaac/Projects/Thesis/data/timit/data/TRAIN/DR4/MSFH0/SI1216.WAV,h# l eh dx ah s pau n aw gcl g ih s em th ao tcl t ux dh ix s ow l h#, l ɛ ɾ ʌ s  n aʊ ɡ̚ ɡ ɪ s m̩ θ ɔ t̚ t ʉ ð ɨ s oʊ l 
/home/isaac/Projects/Thesis/data/timit/data/TRAIN/DR4/MSFH0/SX316.WAV,h# dh eh tcl d ao gcl ch ey s ix z kcl k ae tcl t s pau m er s ix s epi l ix h#, ð ɛ t̚ d ɔ ɡ̚ tʃ eɪ s ɨ z k̚ k æ t̚ t s  m ɝ s ɨ s  l ɨ 
/home/isaac/Projects/Thesis/data/timit/data/TRAIN/DR4/MSFH0/SX136.WAV,h# s ay n tcl t ih f ix kcl epi p r aa gcl g r ih s kcl k ah m z f em dh ax dcl d ax v eh l m eh n q ah v n ux tcl t eh kcl n iy kcl k s h#, s aɪ n t̚ t ɪ f ɨ k̚  p ɹ ɑ ɡ̚ ɡ ɹ ɪ s k̚ k ʌ m z f m̩ ð ə d̚ d ə v ɛ l m ɛ n ʔ ʌ v n ʉ t̚ t ɛ k̚ n i k̚ k s 
/home/isaac/Projects/Thesis/data/timit/data/TRAIN/DR4/MSFH0/SX46.WAV,h# dh eh tcl p ih kcl p aa kcl k eh tcl w ax z kcl k ao q r eh dcl d hh ae n dcl d ix dcl h#, ð ɛ t̚ p ɪ k̚ p ɑ k̚ k ɛ t̚ w ə z k̚ k ɔ ʔ ɹ ɛ d̚ d h æ n d̚ d ɨ d̚ 
/home/isaac/Projects/Thesis/data/timit/data/TRAIN/DR4/MSFH0/SX406.WAV,h# dh axr w ah z ix dcl jh ay gcl g ae n ix kcl k w aa s pcl pau n eh kcl k s tcl t ix q er v ix ng z bcl b ih gcl t aa pcl hh ae tcl t h#, ð ɚ w ʌ z ɨ d̚ dʒ aɪ ɡ̚ ɡ æ n ɨ k̚ k w ɑ s p̚  n ɛ k̚ k s t̚ t ɨ ʔ ɝ v ɨ ŋ z b̚ b ɪ ɡ̚ t ɑ p̚ h æ t̚ t 
/home/isaac/Projects/Thesis/data/timit/data/TRAIN/DR4/MJLS0/SX16.WAV,h# ah r ow l ax v w ay er l ey n ih axr dh ax w ao l h#, ʌ ɹ oʊ l ə v w aɪ ɝ l eɪ n ɪ ɚ ð ə w ɔ l 
/home/isaac/Projects/Thesis/data/timit/data/TRAIN/DR4/MJLS0/SI1096.WAV,h# hh iy w ao r axr bcl b r aw n ih tcl s pcl p ao r tcl sh er tcl w ix th n ow tcl t ay h#, h i w ɔ ɹ ɚ b̚ b ɹ aʊ n ɪ t̚ s p̚ p ɔ ɹ t̚ ʃ ɝ t̚ w ɨ θ n oʊ t̚ t aɪ 
/home/isaac/Projects/Thesis/data/timit/data/TRAIN/DR4/MJLS0/SX286.WAV,h# ix n q eh v r ix m ey dcl jh axr kcl k l ow v axr l iy f pau tcl t r ae f ix kcl k s ah m tcl t ay m z gcl g eh tcl s bcl b ae kcl t ah pcl h#, ɨ n ʔ ɛ v ɹ ɨ m eɪ d̚ dʒ ɚ k̚ k l oʊ v ɚ l i f  t̚ t ɹ æ f ɨ k̚ k s ʌ m t̚ t aɪ m z ɡ̚ ɡ ɛ t̚ s b̚ b æ k̚ t ʌ p̚ 
/home/isaac/Projects/Thesis/data/timit/data/TRAIN/DR4/MJLS0/SX376.WAV,h# w ih m ix n m ey n eh v er bcl b iy kcl k ah m kcl k ax m pcl p l iy tcl l iy q iy kcl k w el tcl t ax m eh n h#, w ɪ m ɨ n m eɪ n ɛ v ɝ b̚ b i k̚ k ʌ m k̚ k ə m p̚ p l i t̚ l i ʔ i k̚ k w l̩ t̚ t ə m ɛ n 
/home/isaac/Projects/Thesis/data/timit/data/TRAIN/DR4/MJLS0/SI466.WAV,h# dh eh n w iy dcl r ih l iy hh ae v s ah m pcl p l ey s tcl t ix gcl g ow h#, ð ɛ n w i d̚ ɹ ɪ l i h æ v s ʌ m p̚ p l eɪ s t̚ t ɨ ɡ̚ ɡ oʊ 
/home/isaac/Projects/Thesis/data/timit/data/TRAIN/DR4/MJLS0/SX196.WAV,h# hh aw dcl d uw oy s tcl t axr z epi m ey kcl p er l z h#, h aʊ d̚ d u ɔɪ s t̚ t ɚ z  m eɪ k̚ p ɝ l z 
/home/isaac/Projects/Thesis/data/timit/data/TRAIN/DR4/MJLS0/SI1726.WAV,h# eh n dcl m eh n q ao l s ow y ux z dcl v ae kcl k y ux m kcl k l iy n er z ix n bcl b ow th r uw m epi z pau s ah kcl k ix ng dcl d ah s tcl t ah pcl w ah n s epi m ao axr h#, ɛ n d̚ m ɛ n ʔ ɔ l s oʊ j ʉ z d̚ v æ k̚ k j ʉ m k̚ k l i n ɝ z ɨ n b̚ b oʊ θ ɹ u m  z  s ʌ k̚ k ɨ ŋ d̚ d ʌ s t̚ t ʌ p̚ w ʌ n s  m ɔ ɚ 
/home/isaac/Projects/Thesis/data/timit/data/TRAIN/DR4/MJLS0/SX106.WAV,h# ix hv y ux dcl jh tcl t ae pcl ix s tcl t r iy hh ah ng ix n hh er hh ao l w ey h#, ɨ ɦ j ʉ d̚ dʒ t̚ t æ p̚ ɨ s t̚ t ɹ i h ʌ ŋ ɨ n h ɝ h ɔ l w eɪ 
/home/isaac/Projects/Thesis/data/timit/data/TRAIN/DR4/MCSS0/SX120.WAV,h# dh ix kcl k ay ow dx iy pau b aa bcl b kcl k ae tcl en hv ay iy n ah q aa r w aa l dx ae nx ix m el z h#, ð ɨ k̚ k aɪ oʊ ɾ i  b ɑ b̚ b k̚ k æ t̚ n̩ ɦ aɪ i n ʌ ʔ ɑ ɹ w ɑ l ɾ æ ɾ̃ ɨ m l̩ z 
/home/isaac/Projects/Thesis/data/timit/data/TRAIN/DR4/MCSS0/SI750.WAV,h# ae dx ax f y ux kcl k eh r ah w ey s iy dcl z tcl t ux uh f y ux dcl d l ay kcl k h#, æ ɾ ə f j ʉ k̚ k ɛ ɹ ʌ w eɪ s i d̚ z t̚ t ʉ ʊ f j ʉ d̚ d l aɪ k̚ k 
/home/isaac/Projects/Thesis/data/timit/data/TRAIN/DR4/MCSS0/SX300.WAV,h# ax m iy bcl b ih z tcl ch ey n dcl sh ey pcl k aa n s tcl t ix n q l iy h#, ə m i b̚ b ɪ z t̚ tʃ eɪ n d̚ ʃ eɪ p̚ k ɑ n s t̚ t ɨ n ʔ l i 
/home/isaac/Projects/Thesis/data/timit/data/TRAIN/DR4/MCSS0/SX210.WAV,h# jh eh f s tcl t oy gcl g ow kcl k aa r tcl n eh v axr w er kcl t h#, dʒ ɛ f s t̚ t ɔɪ ɡ̚ ɡ oʊ k̚ k ɑ ɹ t̚ n ɛ v ɚ w ɝ k̚ t 
/home/isaac/Projects/Thesis/data/timit/data/TRAIN/DR4/MCSS0/SI1380.WAV,h# dh eh er ih z l ih dx el dcl d aw tcl dh ih tcl dh ax s tcl t ux dcl en tcl t s bcl b eh nx ih f ih tcl f r ah m v ow kcl k ey sh en ax l eh dcl jh ax-h kcl k ey sh en h#, ð ɛ ɝ ɪ z l ɪ ɾ l̩ d̚ d aʊ t̚ ð ɪ t̚ ð ə s t̚ t ʉ d̚ n̩ t̚ t s b̚ b ɛ ɾ̃ ɪ f ɪ t̚ f ɹ ʌ m v oʊ k̚ k eɪ ʃ n̩ ə l ɛ d̚ dʒ ə̥ k̚ k eɪ ʃ n̩ 
/home/isaac/Projects/Thesis/data/timit/data/TRAIN/DR4/MCSS0/SI688.WAV,h# dh ix dcl d eh dcl s pcl p ih r ih tcl s aa kcl k y ux pcl p ay dx ax pcl p r aa m n ih n tcl p l ey s ix n q eh v r iy hv ow pcl p ah n ix n eh v r iy f ih axr h#, ð ɨ d̚ d ɛ d̚ s p̚ p ɪ ɹ ɪ t̚ s ɑ k̚ k j ʉ p̚ p aɪ ɾ ə p̚ p ɹ ɑ m n ɪ n t̚ p l eɪ s ɨ n ʔ ɛ v ɹ i ɦ oʊ p̚ p ʌ n ɨ n ɛ v ɹ i f ɪ ɚ 
/home/isaac/Projects/Thesis/data/timit/data/TRAIN/DR4/MCSS0/SX30.WAV,h# g ih dx ih kcl k ae l ih kcl k ow kcl k ae tcl t ax-h kcl k iy pcl p h#, ɡ ɪ ɾ ɪ k̚ k æ l ɪ k̚ k oʊ k̚ k æ t̚ t ə̥ k̚ k i p̚ p 
/home/isaac/Projects/Thesis/data/timit/data/TRAIN/DR4/MCSS0/SX390.WAV,h# hh iy pcl p ih kcl t ah pcl n ay n pcl p eh r z ax s aa kcl k s f axr iy tcl ch bcl b r ah dh axr h#, h i p̚ p ɪ k̚ t ʌ p̚ n aɪ n p̚ p ɛ ɹ z ə s ɑ k̚ k s f ɚ i t̚ tʃ b̚ b ɹ ʌ ð ɚ 
/home/isaac/Projects/Thesis/data/timit/data/TRAIN/DR4/MBWP0/SI1531.WAV,h# hh uw ih z gcl g ow ih ng tcl t ix s tcl t aa pcl m iy h#, h u ɪ z ɡ̚ ɡ oʊ ɪ ŋ t̚ t ɨ s t̚ t ɑ p̚ m i 
/home/isaac/Projects/Thesis/data/timit/data/TRAIN/DR4/MBWP0/SX259.WAV,h# t er nx ey dx ow z ao f ix n dcl d ih s tcl t r oy ey kcl k er z ix v f aa r m l ae n dcl d h#, t ɝ ɾ̃ eɪ ɾ oʊ z ɔ f ɨ n d̚ d ɪ s t̚ t ɹ ɔɪ eɪ k̚ k ɝ z ɨ v f ɑ ɹ m l æ n d̚ d 
/home/isaac/Projects/Thesis/data/timit/data/TRAIN/DR4/MBWP0/SX79.WAV,h# w ih y ux pcl p l iy z dcl d ix s kcl k r ay bcl dh iy ih dx iy aa dx ih kcl p axr dcl d ih kcl k ax m ix n tcl t h#, w ɪ j ʉ p̚ p l i z d̚ d ɨ s k̚ k ɹ aɪ b̚ ð i ɪ ɾ i ɑ ɾ ɪ k̚ p ɚ d̚ d ɪ k̚ k ə m ɨ n t̚ t 
/home/isaac/Projects/Thesis/data/timit/data/TRAIN/DR4/MBWP0/SI1969.WAV,h# ih f eh nx iy ih v ah s epi m ih s dh ey kcl k ix n pcl p ih kcl k ah pcl dh ax-h pcl p iy s ix z h#, ɪ f ɛ ɾ̃ i ɪ v ʌ s  m ɪ s ð eɪ k̚ k ɨ n p̚ p ɪ k̚ k ʌ p̚ ð ə̥ p̚ p i s ɨ z 
/home/isaac/Projects/Thesis/data/timit/data/TRAIN/DR4/MBWP0/SI709.WAV,h# q aa v ah kcl k aa dx ow z hh aw eh v er q aa r v er iy r ih tcl ch ih n ux tcl t r iy ix n tcl s h#, ʔ ɑ v ʌ k̚ k ɑ ɾ oʊ z h aʊ ɛ v ɝ ʔ ɑ ɹ v ɝ i ɹ ɪ t̚ tʃ ɪ n ʉ t̚ t ɹ i ɨ n t̚ s 
/home/isaac/Projects/Thesis/data/timit/data/TRAIN/DR4/MBWP0/SX349.WAV,h# dh ix pcl p r iy s kcl k uw l er kcl k uh dcl en tcl v er bcl b ax l ay z hh axr f iy l ih n z ix bcl b aw tcl dh iy ih m er zh ix n s iy kcl k ix n dcl d ih sh ix n z h#, ð ɨ p̚ p ɹ i s k̚ k u l ɝ k̚ k ʊ d̚ n̩ t̚ v ɝ b̚ b ə l aɪ z h ɚ f i l ɪ n z ɨ b̚ b aʊ t̚ ð i ɪ m ɝ ʒ ɨ n s i k̚ k ɨ n d̚ d ɪ ʃ ɨ n z 
/home/isaac/Projects/Thesis/data/timit/data/TRAIN/DR4/MBWP0/SX439.WAV,h# dh ae tcl s tcl t ih ng iy ng v ey pcl p axr w ax z kcl k ao z dcl b ay kcl k l ao r ay dcl v ey pcl p er z ey sh en h#, ð æ t̚ s t̚ t ɪ ŋ i ŋ v eɪ p̚ p ɚ w ə z k̚ k ɔ z d̚ b aɪ k̚ k l ɔ ɹ aɪ d̚ v eɪ p̚ p ɝ z eɪ ʃ n̩ 
/home/isaac/Projects/Thesis/data/timit/data/TRAIN/DR4/MBWP0/SX169.WAV,h# hh aw w ix dcl d y ux iy v ae l y uw ey tcl dh ih s ae l dcl jh axr bcl b r ey ix kcl k ix kcl k s pcl p r eh sh en h#, h aʊ w ɨ d̚ d j ʉ i v æ l j u eɪ t̚ ð ɪ s æ l d̚ dʒ ɚ b̚ b ɹ eɪ ɨ k̚ k ɨ k̚ k s p̚ p ɹ ɛ ʃ n̩ 
/home/isaac/Projects/Thesis/data/timit/data/TRAIN/DR4/MRAB1/SX308.WAV,h# sh ih pcl b ih l dcl d ih ng ix z ah m ow s f ae s ax n ey dx iy ng pcl p r aa s eh s h#, ʃ ɪ p̚ b ɪ l d̚ d ɪ ŋ ɨ z ʌ m oʊ s f æ s ə n eɪ ɾ i ŋ p̚ p ɹ ɑ s ɛ s 
/home/isaac/Projects/Thesis/data/timit/data/TRAIN/DR4/MRAB1/SX38.WAV,h# y ah ng pcl p iy pcl p el pcl p axr tcl t ih s ax pcl p ey dx ix n ae th l eh dx ix kcl k ae kcl t ih v ix dx iy z h#, j ʌ ŋ p̚ p i p̚ p l̩ p̚ p ɚ t̚ t ɪ s ə p̚ p eɪ ɾ ɨ n æ θ l ɛ ɾ ɨ k̚ k æ k̚ t ɪ v ɨ ɾ i z 
/home/isaac/Projects/Thesis/data/timit/data/TRAIN/DR4/MRAB1/SX398.WAV,h# ch ih l dcl d axr n kcl k en kcl k ix n s uw m ih nx iy f r ux tcl kcl k ae n d iy z ix n w ah n s ih dx ih ng h#, tʃ ɪ l d̚ d ɚ n k̚ k n̩ k̚ k ɨ n s u m ɪ ɾ̃ i f ɹ ʉ t̚ k̚ k æ n d i z ɨ n w ʌ n s ɪ ɾ ɪ ŋ 
/home/isaac/Projects/Thesis/data/timit/data/TRAIN/DR4/MRAB1/SX128.WAV,h# l aa tcl s ax f ao axr n m ux v iy z hh ae v s ah bcl t ay dx el s h#, l ɑ t̚ s ə f ɔ ɚ n m ʉ v i z h æ v s ʌ b̚ t aɪ ɾ l̩ s 
/home/isaac/Projects/Thesis/data/timit/data/TRAIN/DR4/MRAB1/SX218.WAV,h# t r ay dx axr r iy kcl k ao l dh iy ix v eh n tcl t s epi en kcl k r aa nx el l aa dcl jh ax-h kcl k el q ao r dx axr h#, t ɹ aɪ ɾ ɚ ɹ i k̚ k ɔ l ð i ɨ v ɛ n t̚ t s  n̩ k̚ k ɹ ɑ ɾ̃ l̩ l ɑ d̚ dʒ ə̥ k̚ k l̩ ʔ ɔ ɹ ɾ ɚ 
/home/isaac/Projects/Thesis/data/timit/data/TRAIN/DR4/MRAB1/SI2108.WAV,h# d ow n tcl f axr gcl g eh tcl hh w ih s kcl k iy pau ix tcl s ah tcl ch ax bcl b ih gcl g s eh l axr h#, d oʊ n t̚ f ɚ ɡ̚ ɡ ɛ t̚ h w ɪ s k̚ k i  ɨ t̚ s ʌ t̚ tʃ ə b̚ b ɪ ɡ̚ ɡ s ɛ l ɚ 
/home/isaac/Projects/Thesis/data/timit/data/TRAIN/DR4/MRAB1/SI848.WAV,h# k ih n y er ih n sh er ix n t s kcl k ah m pcl p ax nx iy q ey dcl d y ux ix n r axr dcl d ux s iy ng ix dcl m ih nx ix s tcl t r ey dx ix v kcl k ao s tcl s h#, k ɪ n j ɝ ɪ n ʃ ɝ ɨ n t s k̚ k ʌ m p̚ p ə ɾ̃ i ʔ eɪ d̚ d j ʉ ɨ n ɹ ɚ d̚ d ʉ s i ŋ ɨ d̚ m ɪ ɾ̃ ɨ s t̚ t ɹ eɪ ɾ ɨ v k̚ k ɔ s t̚ s 
/home/isaac/Projects/Thesis/data/timit/data/TRAIN/DR4/MRAB1/SI1478.WAV,h# hh iy dcl d ih dcl n aa tcl m ay n dh iy y ux s epi l ix s kcl k ay n l iy kcl k w eh sh tcl ch ax n s h#, h i d̚ d ɪ d̚ n ɑ t̚ m aɪ n ð i j ʉ s  l ɨ s k̚ k aɪ n l i k̚ k w ɛ ʃ t̚ tʃ ə n s 
/home/isaac/Projects/Thesis/data/timit/data/TRAIN/DR4/MMDM0/SX51.WAV,h# q ae m bcl b ix dcl d eh kcl k s tcl t r ih s pcl p ih kcl p aa kcl k ix tcl s ix kcl k aa m pcl p l ix sh epi m ao r h#, ʔ æ m b̚ b ɨ d̚ d ɛ k̚ k s t̚ t ɹ ɪ s p̚ p ɪ k̚ p ɑ k̚ k ɨ t̚ s ɨ k̚ k ɑ m p̚ p l ɨ ʃ  m ɔ ɹ 
/home/isaac/Projects/Thesis/data/timit/data/TRAIN/DR4/MMDM0/SX141.WAV,h# p l eh zh tcl t ax-h pcl p axr tcl t ih s pcl p ey dx ih n ax v aa dx ix z ix kcl k w aa dx ix kcl k ah m pcl p tcl t ih sh ix n h#, p l ɛ ʒ t̚ t ə̥ p̚ p ɚ t̚ t ɪ s p̚ p eɪ ɾ ɪ n ə v ɑ ɾ ɨ z ɨ k̚ k w ɑ ɾ ɨ k̚ k ʌ m p̚ p t̚ t ɪ ʃ ɨ n 
/home/isaac/Projects/Thesis/data/timit/data/TRAIN/DR4/MMDM0/SI681.WAV,h# w ix dcl s ah tcl ch ix n ae kcl t ix v r ix f y ux zh el bcl b iy y ux s f el h#, w ɨ d̚ s ʌ t̚ tʃ ɨ n æ k̚ t ɨ v ɹ ɨ f j ʉ ʒ l̩ b̚ b i j ʉ s f l̩ 
/home/isaac/Projects/Thesis/data/timit/data/TRAIN/DR4/MMDM0/SI1311.WAV,h# s ao l r iy dcl d eh pcl p ix z ih sh ix n pau ix z ix v aa y uw w ey dx ix dcl b ay w ao sh ix ng kcl k l iy n s epi w aa tcl ch ix z epi w ix dh ix dcl d er dx iy w en z h#, s ɔ l ɹ i d̚ d ɛ p̚ p ɨ z ɪ ʃ ɨ n  ɨ z ɨ v ɑ j u w eɪ ɾ ɨ d̚ b aɪ w ɔ ʃ ɨ ŋ k̚ k l i n s  w ɑ t̚ tʃ ɨ z  w ɨ ð ɨ d̚ d ɝ ɾ i w n̩ z 
/home/isaac/Projects/Thesis/data/timit/data/TRAIN/DR4/MMDM0/SI1941.WAV,h# w el tcl t ao kcl k ow v axr ix tcl t y er aa f ax-h s h#, w l̩ t̚ t ɔ k̚ k oʊ v ɚ ɨ t̚ t j ɝ ɑ f ə̥ s 
/home/isaac/Projects/Thesis/data/timit/data/TRAIN/DR4/MMDM0/SX321.WAV,h# dh gcl g r aw n hv ao gcl k l ih r l iy s ao ix sh ae dx ow pau b ix q s tcl t ey dx aw dx ow n l iy ax m ow m en tcl h#, ð ɡ̚ ɡ ɹ aʊ n ɦ ɔ ɡ̚ k l ɪ ɹ l i s ɔ ɨ ʃ æ ɾ oʊ  b ɨ ʔ s t̚ t eɪ ɾ aʊ ɾ oʊ n l i ə m oʊ m n̩ t̚ 
/home/isaac/Projects/Thesis/data/timit/data/TRAIN/DR4/MMDM0/SX411.WAV,h# b ah dx axr s kcl k aa tcl ch f ah dcl jh pau g ow z w eh l w ax dh v ax nx ih l ax ay s kcl k r iy m h#, b ʌ ɾ ɚ s k̚ k ɑ t̚ tʃ f ʌ d̚ dʒ  ɡ oʊ z w ɛ l w ə ð v ə ɾ̃ ɪ l ə aɪ s k̚ k ɹ i m 
/home/isaac/Projects/Thesis/data/timit/data/TRAIN/DR4/MMDM0/SX231.WAV,h# q aa q aa nx axr m aa m aa m h#, ʔ ɑ ʔ ɑ ɾ̃ ɚ m ɑ m ɑ m 
/home/isaac/Projects/Thesis/data/timit/data/TRAIN/DR4/MSMC0/SI647.WAV,h# b ax l ow ix z ix s pcl p ix s ih f ix kcl g ay dcl pau k iy dcl t ix dh ix kcl k ae l ax n axr h#, b ə l oʊ ɨ z ɨ s p̚ p ɨ s ɪ f ɨ k̚ ɡ aɪ d̚  k i d̚ t ɨ ð ɨ k̚ k æ l ə n ɚ 
/home/isaac/Projects/Thesis/data/timit/data/TRAIN/DR4/MSMC0/SX197.WAV,h# d r ao iy tcl ch gcl g r ae f ao n ix n uw ae kcl k s ix s h#, d ɹ ɔ i t̚ tʃ ɡ̚ ɡ ɹ æ f ɔ n ɨ n u æ k̚ k s ɨ s 
/home/isaac/Projects/Thesis/data/timit/data/TRAIN/DR4/MSMC0/SI509.WAV,h# dh ih s ix z ix s ix gcl n ih f ix kcl k ih n tcl q ix dcl v ae n s pau b ah dx ix tcl s ih m pcl p ao r tcl sh ix dcl n aa tcl b iy ix gcl g z ae dcl jh axr ey dx ix dcl d h#, ð ɪ s ɨ z ɨ s ɨ ɡ̚ n ɪ f ɨ k̚ k ɪ n t̚ ʔ ɨ d̚ v æ n s  b ʌ ɾ ɨ t̚ s ɪ m p̚ p ɔ ɹ t̚ ʃ ɨ d̚ n ɑ t̚ b i ɨ ɡ̚ ɡ z æ d̚ dʒ ɚ eɪ ɾ ɨ d̚ d 
/home/isaac/Projects/Thesis/data/timit/data/TRAIN/DR4/MSMC0/SI1907.WAV,h# b ih r iy dh ow z y ux nx ix f ao r m s uh dh ey w ow n tcl b iy f aw n dcl d h#, b ɪ ɹ i ð oʊ z j ʉ ɾ̃ ɨ f ɔ ɹ m s ʊ ð eɪ w oʊ n t̚ b i f aʊ n d̚ d 
/home/isaac/Projects/Thesis/data/timit/data/TRAIN/DR4/MSMC0/SX107.WAV,h# b er th dcl d ey pcl p aa r dx iy z hv ae v kcl k ah pcl k ey kcl k s ax n ay s kcl k r iy m h#, b ɝ θ d̚ d eɪ p̚ p ɑ ɹ ɾ i z ɦ æ v k̚ k ʌ p̚ k eɪ k̚ k s ə n aɪ s k̚ k ɹ i m 
/home/isaac/Projects/Thesis/data/timit/data/TRAIN/DR4/MSMC0/SX287.WAV,h# ix n ax l ao ng r ah n ix tcl p ey z tcl t ix bcl b ay kcl k w aa l ix tcl t iy kcl k l ow dh ix ng h#, ɨ n ə l ɔ ŋ ɹ ʌ n ɨ t̚ p eɪ z t̚ t ɨ b̚ b aɪ k̚ k w ɑ l ɨ t̚ t i k̚ k l oʊ ð ɨ ŋ 
/home/isaac/Projects/Thesis/data/timit/data/TRAIN/DR4/MSMC0/SX377.WAV,h# sh iy uh w ey z dcl jh ow kcl k s bcl b aw tcl t ux m ah tcl ch gcl g aa r l ix kcl k ix n hv ih s f ux dcl d h#, ʃ i ʊ w eɪ z d̚ dʒ oʊ k̚ k s b̚ b aʊ t̚ t ʉ m ʌ t̚ tʃ ɡ̚ ɡ ɑ ɹ l ɨ k̚ k ɨ n ɦ ɪ s f ʉ d̚ d 
/home/isaac/Projects/Thesis/data/timit/data/TRAIN/DR4/MSMC0/SX17.WAV,h# k aa r l ih v z ix n ax l ay v l iy hv ow m h#, k ɑ ɹ l ɪ v z ɨ n ə l aɪ v l i ɦ oʊ m 
/home/isaac/Projects/Thesis/data/timit/data/TRAIN/DR4/MLSH0/SX67.WAV,h# l ae s tcl ch y ih axr z gcl g ae sh ao r dx ix dcl jh kcl k ao s tcl t iy pcl p r ay s ih n kcl k r iy s ix s h#, l æ s t̚ tʃ j ɪ ɚ z ɡ̚ ɡ æ ʃ ɔ ɹ ɾ ɨ d̚ dʒ k̚ k ɔ s t̚ t i p̚ p ɹ aɪ s ɪ n k̚ k ɹ i s ɨ s 
/home/isaac/Projects/Thesis/data/timit/data/TRAIN/DR4/MLSH0/SI2047.WAV,h# s tcl t ey r ay tcl hv ih axr w eh r y ux aa r kcl k ix dcl d hv iy kcl k ao l dcl h#, s t̚ t eɪ ɹ aɪ t̚ ɦ ɪ ɚ w ɛ ɹ j ʉ ɑ ɹ k̚ k ɨ d̚ d ɦ i k̚ k ɔ l d̚ 
/home/isaac/Projects/Thesis/data/timit/data/TRAIN/DR4/MLSH0/SI787.WAV,h# f iy dcl p r eh sh axr q ih z ao s ow v m ey dcl jh axr m pcl p ao r tcl t en s h#, f i d̚ p ɹ ɛ ʃ ɚ ʔ ɪ z ɔ s oʊ v m eɪ d̚ dʒ ɚ m p̚ p ɔ ɹ t̚ t n̩ s 
/home/isaac/Projects/Thesis/data/timit/data/TRAIN/DR4/MLSH0/SX157.WAV,h# r ax m ux v dh ix s pcl p l ih n tcl t er w ih th ax pcl p eh er ix v tcl t w iy z axr s h#, ɹ ə m ʉ v ð ɨ s p̚ p l ɪ n t̚ t ɝ w ɪ θ ə p̚ p ɛ ɝ ɨ v t̚ t w i z ɚ s 
/home/isaac/Projects/Thesis/data/timit/data/TRAIN/DR4/MLSH0/SX427.WAV,h# q eh v r iy kcl k ae bcl n iy dcl jh r ix pcl p ey n tcl t iy ng q ao f ix n h#, ʔ ɛ v ɹ i k̚ k æ b̚ n i d̚ dʒ ɹ ɨ p̚ p eɪ n t̚ t i ŋ ʔ ɔ f ɨ n 
/home/isaac/Projects/Thesis/data/timit/data/TRAIN/DR4/MLSH0/SI1417.WAV,h# dh eh r sh ix dcl b iy n ow r iy z ih n tcl t ix m ih s ih n tcl t er pcl p r ix dx axr ix gcl n ao r dh iy ih n tcl t eh n q ax dh ih s l eh dx axr h#, ð ɛ ɹ ʃ ɨ d̚ b i n oʊ ɹ i z ɪ n t̚ t ɨ m ɪ s ɪ n t̚ t ɝ p̚ p ɹ ɨ ɾ ɚ ɨ ɡ̚ n ɔ ɹ ð i ɪ n t̚ t ɛ n ʔ ə ð ɪ s l ɛ ɾ ɚ 
/home/isaac/Projects/Thesis/data/timit/data/TRAIN/DR4/MLSH0/SX247.WAV,h# dh ix s ih gcl er eh tcl s ix n ix kcl k l ey q ae sh tcl t r ey q ow v axr f l ow dx ax q aa n tcl t ax dh ax ow kcl t ey bcl b el h#, ð ɨ s ɪ ɡ̚ ɝ ɛ t̚ s ɨ n ɨ k̚ k l eɪ ʔ æ ʃ t̚ t ɹ eɪ ʔ oʊ v ɚ f l oʊ ɾ ə ʔ ɑ n t̚ t ə ð ə oʊ k̚ t eɪ b̚ b l̩ 
/home/isaac/Projects/Thesis/data/timit/data/TRAIN/DR4/MLSH0/SX337.WAV,h# b aa bcl b ae n dcl d iy z bcl b ow th epi w uw n dcl z w ax th ix s kcl k ih l ix v ax dcl d aa kcl t axr h#, b ɑ b̚ b æ n d̚ d i z b̚ b oʊ θ  w u n d̚ z w ə θ ɨ s k̚ k ɪ l ɨ v ə d̚ d ɑ k̚ t ɚ 
/home/isaac/Projects/Thesis/data/timit/data/TRAIN/DR4/FKLC0/SX355.WAV,h# d aa l f ih n z ax q er ix n tcl t eh l ah dcl jh ih n tcl m axr r iy n m ae m el z h#, d ɑ l f ɪ n z ə ʔ ɝ ɨ n t̚ t ɛ l ʌ d̚ dʒ ɪ n t̚ m ɚ ɹ i n m æ m l̩ z 
/home/isaac/Projects/Thesis/data/timit/data/TRAIN/DR4/FKLC0/SI1615.WAV,h# p aa dcl d ow n tcl k ih r axr bcl b aw tcl dh ix kcl k ih dcl d h#, p ɑ d̚ d oʊ n t̚ k ɪ ɹ ɚ b̚ b aʊ t̚ ð ɨ k̚ k ɪ d̚ d 
/home/isaac/Projects/Thesis/data/timit/data/TRAIN/DR4/FKLC0/SI2245.WAV,h# hh iy kcl k ih dcl t ey kcl dh iy ih dcl v ay s axr l iy v ih tcl h#, h i k̚ k ɪ d̚ t eɪ k̚ ð i ɪ d̚ v aɪ s ɚ l i v ɪ t̚ 
/home/isaac/Projects/Thesis/data/timit/data/TRAIN/DR4/FKLC0/SX445.WAV,h# w ah dx ih z ix s epi l aa r dcl jh epi th ih ng bcl b ay dh ah q aa er n ix ng bcl b ao r dcl d h#, w ʌ ɾ ɪ z ɨ s  l ɑ ɹ d̚ dʒ  θ ɪ ŋ b̚ b aɪ ð ʌ ʔ ɑ ɝ n ɨ ŋ b̚ b ɔ ɹ d̚ d 
/home/isaac/Projects/Thesis/data/timit/data/TRAIN/DR4/FKLC0/SX85.WAV,h# s iy m eh n tcl q ix z m eh zh er dx ix ng kcl k y ux v ih kcl k y aa r dcl d z h#, s i m ɛ n t̚ ʔ ɨ z m ɛ ʒ ɝ ɾ ɨ ŋ k̚ k j ʉ v ɪ k̚ k j ɑ ɹ d̚ d z 
/home/isaac/Projects/Thesis/data/timit/data/TRAIN/DR4/FKLC0/SI985.WAV,h# b ey dh ih ng dh ih q ih tcl ch ix ng pcl p aa r tcl t s w ax th kcl k ih r ih s iy n gcl g ey v r ih l iy f q eh nx aa l s ow kcl k ih l dcl dh ix pcl p eh s tcl t h#, b eɪ ð ɪ ŋ ð ɪ ʔ ɪ t̚ tʃ ɨ ŋ p̚ p ɑ ɹ t̚ t s w ə θ k̚ k ɪ ɹ ɪ s i n ɡ̚ ɡ eɪ v ɹ ɪ l i f ʔ ɛ ɾ̃ ɑ l s oʊ k̚ k ɪ l d̚ ð ɨ p̚ p ɛ s t̚ t 
/home/isaac/Projects/Thesis/data/timit/data/TRAIN/DR4/FKLC0/SX175.WAV,h# s ix v ih er m ay ow pcl p iy ih kcl k ix n tcl t r ih v ux tcl t ih dcl t axr r aa n z pau ix m f ih r iy ao r ih dx iy kcl k aa m pcl p l eh kcl k s h#, s ɨ v ɪ ɝ m aɪ oʊ p̚ p i ɪ k̚ k ɨ n t̚ t ɹ ɪ v ʉ t̚ t ɪ d̚ t ɚ ɹ ɑ n z  ɨ m f ɪ ɹ i ɔ ɹ ɪ ɾ i k̚ k ɑ m p̚ p l ɛ k̚ k s 
/home/isaac/Projects/Thesis/data/timit/data/TRAIN/DR4/FKLC0/SX265.WAV,h# dh ax s ao q ix z bcl b r ow kcl k ix n s uh tcl ch aa pcl dh ax w uh dx ix n s tcl t eh dcl d h#, ð ə s ɔ ʔ ɨ z b̚ b ɹ oʊ k̚ k ɨ n s ʊ t̚ tʃ ɑ p̚ ð ə w ʊ ɾ ɨ n s t̚ t ɛ d̚ d 
/home/isaac/Projects/Thesis/data/timit/data/TRAIN/DR4/MTQC0/SI480.WAV,h# r ey n dcl jh w uh z ix v ay tcl t el dcl d iy tcl t ey l h#, ɹ eɪ n d̚ dʒ w ʊ z ɨ v aɪ t̚ t l̩ d̚ d i t̚ t eɪ l 
/home/isaac/Projects/Thesis/data/timit/data/TRAIN/DR4/MTQC0/SX271.WAV,h# b iy kcl k eh r f uh n aa tcl t ix pcl p l aw ow v dh ax f l aw axr bcl b eh dcl z h#, b i k̚ k ɛ ɹ f ʊ n ɑ t̚ t ɨ p̚ p l aʊ oʊ v ð ə f l aʊ ɚ b̚ b ɛ d̚ z 
/home/isaac/Projects/Thesis/data/timit/data/TRAIN/DR4/MTQC0/SX451.WAV,h# dh ix th ih kcl k eh l m f ao r ix s tcl t w ax z n ih r l iy ow v axr hv w eh l m bcl b ay dcl d ah tcl ch eh l m dcl d iy z iy z h#, ð ɨ θ ɪ k̚ k ɛ l m f ɔ ɹ ɨ s t̚ t w ə z n ɪ ɹ l i oʊ v ɚ ɦ w ɛ l m b̚ b aɪ d̚ d ʌ t̚ tʃ ɛ l m d̚ d i z i z 
/home/isaac/Projects/Thesis/data/timit/data/TRAIN/DR4/MTQC0/SI2071.WAV,h# y ae ax pau b ix q w ah dx uh w ix gcl g ah n ix iy tcl h#, j æ ə  b ɨ ʔ w ʌ ɾ ʊ w ɨ ɡ̚ ɡ ʌ n ɨ i t̚ 
/home/isaac/Projects/Thesis/data/timit/data/TRAIN/DR4/MTQC0/SX181.WAV,h# r ih tcl ch dh l uh kcl k f axr s pcl p aa dx ix dcl d hv ay iy n ih z ix n dcl jh ae gcl g w er z aa n dh ax s ix f aa r ix h#, ɹ ɪ t̚ tʃ ð l ʊ k̚ k f ɚ s p̚ p ɑ ɾ ɨ d̚ d ɦ aɪ i n ɪ z ɨ n d̚ dʒ æ ɡ̚ ɡ w ɝ z ɑ n ð ə s ɨ f ɑ ɹ ɨ 
/home/isaac/Projects/Thesis/data/timit/data/TRAIN/DR4/MTQC0/SX361.WAV,h# dh ix s pcl p iy tcl ch s ix m pcl p ow z iy ix m pau m ay tcl b iy gcl g ix n m ah n dcl d ey h#, ð ɨ s p̚ p i t̚ tʃ s ɨ m p̚ p oʊ z i ɨ m  m aɪ t̚ b i ɡ̚ ɡ ɨ n m ʌ n d̚ d eɪ 
/home/isaac/Projects/Thesis/data/timit/data/TRAIN/DR4/MTQC0/SI1441.WAV,h# q ah dh er pau m ao r f ax l aa dcl jh ix kcl k el pau f ih z ax kcl k ax l pau q ae n aa pcl t ix kcl k el pcl p r aa pcl p axr dcl d iy v ae y ux z pau q aa r ao l s ax gcl g ih v en h#, ʔ ʌ ð ɝ  m ɔ ɹ f ə l ɑ d̚ dʒ ɨ k̚ k l̩  f ɪ z ə k̚ k ə l  ʔ æ n ɑ p̚ t ɨ k̚ k l̩ p̚ p ɹ ɑ p̚ p ɚ d̚ d i v æ j ʉ z  ʔ ɑ ɹ ɔ l s ə ɡ̚ ɡ ɪ v n̩ 
/home/isaac/Projects/Thesis/data/timit/data/TRAIN/DR4/MTQC0/SX91.WAV,h# dh ix m ih s pcl p r ih n tcl p r axr v ow kcl t ix n ix m iy dcl d iy ih tcl d ix s kcl k l ey m axr h#, ð ɨ m ɪ s p̚ p ɹ ɪ n t̚ p ɹ ɚ v oʊ k̚ t ɨ n ɨ m i d̚ d i ɪ t̚ d ɨ s k̚ k l eɪ m ɚ 
/home/isaac/Projects/Thesis/data/timit/data/TRAIN/DR4/MSMS0/SI1433.WAV,h# hh w ay l w ah nx eh l ax m ax nx ix z ix n aw n tcl s ix n pcl p r aa gcl g axr s q ax n ah dh axr ix z dcl d ix l ix nx iy ey ix ng ix tcl t s pcl p r aa bcl b l ax m epi z h#, h w aɪ l w ʌ ɾ̃ ɛ l ə m ə ɾ̃ ɨ z ɨ n aʊ n t̚ s ɨ n p̚ p ɹ ɑ ɡ̚ ɡ ɚ s ʔ ə n ʌ ð ɚ ɨ z d̚ d ɨ l ɨ ɾ̃ i eɪ ɨ ŋ ɨ t̚ t s p̚ p ɹ ɑ b̚ b l ə m  z 
/home/isaac/Projects/Thesis/data/timit/data/TRAIN/DR4/MSMS0/SX173.WAV,h# hh uw eh v ax kcl k w aa pcl p axr ey tcl s ix n f ay n ih n ae n z kcl k ae m iy ow w el bcl b iy r ax w ao r dx ix dcl d h#, h u ɛ v ə k̚ k w ɑ p̚ p ɚ eɪ t̚ s ɨ n f aɪ n ɪ n æ n z k̚ k æ m i oʊ w l̩ b̚ b i ɹ ə w ɔ ɹ ɾ ɨ d̚ d 
/home/isaac/Projects/Thesis/data/timit/data/TRAIN/DR4/MSMS0/SX263.WAV,h# hh aw q ao l ix dcl d ix y ux l ay kcl y axr s ae l ix dcl d r eh s ix n h#, h aʊ ʔ ɔ l ɨ d̚ d ɨ j ʉ l aɪ k̚ j ɚ s æ l ɨ d̚ d ɹ ɛ s ɨ n 
/home/isaac/Projects/Thesis/data/timit/data/TRAIN/DR4/MSMS0/SX353.WAV,h# q ix kcl k aa nx ix s uw r w uh l ix n dcl jh oy dh ih sh eh l f ix sh dcl d ix sh h#, ʔ ɨ k̚ k ɑ ɾ̃ ɨ s u ɹ w ʊ l ɨ n d̚ dʒ ɔɪ ð ɪ ʃ ɛ l f ɨ ʃ d̚ d ɨ ʃ 
/home/isaac/Projects/Thesis/data/timit/data/TRAIN/DR4/MSMS0/SI803.WAV,h# q ih n s ax l ey tcl pau w eh dh axr s tcl t r ih pcl pau d ah bcl b el gcl g l ey z tcl t ix dh ix m ae kcl k s ax m ax m h#, ʔ ɪ n s ə l eɪ t̚  w ɛ ð ɚ s t̚ t ɹ ɪ p̚  d ʌ b̚ b l̩ ɡ̚ ɡ l eɪ z t̚ t ɨ ð ɨ m æ k̚ k s ə m ə m 
/home/isaac/Projects/Thesis/data/timit/data/TRAIN/DR4/MSMS0/SX83.WAV,h# m ay en s tcl t r ah kcl sh ix n z dcl d eh s pcl p axr q l ix n iy dcl q ah pcl d ey dx eng h#, m aɪ n̩ s t̚ t ɹ ʌ k̚ ʃ ɨ n z d̚ d ɛ s p̚ p ɚ ʔ l ɨ n i d̚ ʔ ʌ p̚ d eɪ ɾ ŋ̍ 
/home/isaac/Projects/Thesis/data/timit/data/TRAIN/DR4/MSMS0/SX443.WAV,h# ey l ow n s tcl t aa r sh ow n ix n ix q er l ix q iy v n ix n s kcl k ay h#, eɪ l oʊ n s t̚ t ɑ ɹ ʃ oʊ n ɨ n ɨ ʔ ɝ l ɨ ʔ i v n ɨ n s k̚ k aɪ 
/home/isaac/Projects/Thesis/data/timit/data/TRAIN/DR4/MSMS0/SI2063.WAV,h# tcl t ix hv ih s axr pcl p r ay z ix z pcl p l ae n w er kcl p er f ax-h kcl k l ix h#, t̚ t ɨ ɦ ɪ s ɚ p̚ p ɹ aɪ z ɨ z p̚ p l æ n w ɝ k̚ p ɝ f ə̥ k̚ k l ɨ 
/home/isaac/Projects/Thesis/data/timit/data/TRAIN/DR4/MRSP0/SX259.WAV,h# t ao r n ey dx ow z q ao f ix n dcl d ix s tcl t r oy ey kcl k axr z ax v f aa r m l ae n dcl d h#, t ɔ ɹ n eɪ ɾ oʊ z ʔ ɔ f ɨ n d̚ d ɨ s t̚ t ɹ ɔɪ eɪ k̚ k ɚ z ə v f ɑ ɹ m l æ n d̚ d 
/home/isaac/Projects/Thesis/data/timit/data/TRAIN/DR4/MRSP0/SX79.WAV,h# w iy y ux pcl p l iy z ix s kcl k r ay bcl dh iy q ih dx iy aa dx ih kcl p r ix dcl d ih kcl k ix m ix n tcl h#, w i j ʉ p̚ p l i z ɨ s k̚ k ɹ aɪ b̚ ð i ʔ ɪ ɾ i ɑ ɾ ɪ k̚ p ɹ ɨ d̚ d ɪ k̚ k ɨ m ɨ n t̚ 
/home/isaac/Projects/Thesis/data/timit/data/TRAIN/DR4/MRSP0/SI2059.WAV,h# dh ey pcl p l ey dcl k r ae kcl dh ax w ih pcl p ax f y ux m ih nx ix tcl s epi w ix dh aw q m ih s hh ae pcl h#, ð eɪ p̚ p l eɪ d̚ k ɹ æ k̚ ð ə w ɪ p̚ p ə f j ʉ m ɪ ɾ̃ ɨ t̚ s  w ɨ ð aʊ ʔ m ɪ s h æ p̚ 
/home/isaac/Projects/Thesis/data/timit/data/TRAIN/DR4/MRSP0/SI1429.WAV,h# w ih th dh ix s pcl p r iy ng r ey n z epi dh ax f l ow r ow z r ae pcl p ax dcl l iy dcl d ux tcl t ux q ih n f el tcl t r ey sh ix nx ix n ow pcl p ix n s uw er z h#, w ɪ θ ð ɨ s p̚ p ɹ i ŋ ɹ eɪ n z  ð ə f l oʊ ɹ oʊ z ɹ æ p̚ p ə d̚ l i d̚ d ʉ t̚ t ʉ ʔ ɪ n f l̩ t̚ t ɹ eɪ ʃ ɨ ɾ̃ ɨ n oʊ p̚ p ɨ n s u ɝ z 
/home/isaac/Projects/Thesis/data/timit/data/TRAIN/DR4/MRSP0/SX439.WAV,h# dh ae tcl t s tcl t ih ng iy ng v ey pcl p axr w ix z kcl k ao z dcl b ay kcl k l ao r ay dcl v ey pcl p r ix z ey sh ix n h#, ð æ t̚ t s t̚ t ɪ ŋ i ŋ v eɪ p̚ p ɚ w ɨ z k̚ k ɔ z d̚ b aɪ k̚ k l ɔ ɹ aɪ d̚ v eɪ p̚ p ɹ ɨ z eɪ ʃ ɨ n 
/home/isaac/Projects/Thesis/data/timit/data/TRAIN/DR4/MRSP0/SI799.WAV,h# dh eh tcl b r ih ng z ih z pcl p axr y ih axr kcl k ao s tcl d aw n q m ay dx iy l ow h#, ð ɛ t̚ b ɹ ɪ ŋ z ɪ z p̚ p ɚ j ɪ ɚ k̚ k ɔ s t̚ d aʊ n ʔ m aɪ ɾ i l oʊ 
/home/isaac/Projects/Thesis/data/timit/data/TRAIN/DR4/MRSP0/SX196.WAV,h# hv aw dx uw oy s tcl t axr z epi m ey kcl p er l s h#, ɦ aʊ ɾ u ɔɪ s t̚ t ɚ z  m eɪ k̚ p ɝ l s 
/home/isaac/Projects/Thesis/data/timit/data/TRAIN/DR4/MRSP0/SX169.WAV,h# hh aw w uh dcl jh uw iy v ae l y uw ey tcl d ix s ae l dcl jh axr bcl b r eh kcl k ix kcl k s pcl p r eh sh ix n h#, h aʊ w ʊ d̚ dʒ u i v æ l j u eɪ t̚ d ɨ s æ l d̚ dʒ ɚ b̚ b ɹ ɛ k̚ k ɨ k̚ k s p̚ p ɹ ɛ ʃ ɨ n 
/home/isaac/Projects/Thesis/data/timit/data/TRAIN/DR4/FSAK0/SX400.WAV,h# jh ih s dcl d r aa pcl n ow dx ix s ih z q ix n q ih n iy s ix dcl jh eh sh tcl ch ih n bcl b aa kcl k s h#, dʒ ɪ s d̚ d ɹ ɑ p̚ n oʊ ɾ ɨ s ɪ z ʔ ɨ n ʔ ɪ n i s ɨ d̚ dʒ ɛ ʃ t̚ tʃ ɪ n b̚ b ɑ k̚ k s 
/home/isaac/Projects/Thesis/data/timit/data/TRAIN/DR4/FSAK0/SX310.WAV,h# dh ix hv uh dx ix dh ix dcl jh iy pcl p w ax s tcl t iy m iy ng ih n dh ax hv aa tcl s ah n h#, ð ɨ ɦ ʊ ɾ ɨ ð ɨ d̚ dʒ i p̚ p w ə s t̚ t i m i ŋ ɪ n ð ə ɦ ɑ t̚ s ʌ n 
/home/isaac/Projects/Thesis/data/timit/data/TRAIN/DR4/FSAK0/SI670.WAV,h# n ih gcl g l eh kcl m iy n s pcl p ih r ix tcl ch el pcl p er ae l ax s ix s q ao r dcl d eh th h#, n ɪ ɡ̚ ɡ l ɛ k̚ m i n s p̚ p ɪ ɹ ɨ t̚ tʃ l̩ p̚ p ɝ æ l ə s ɨ s ʔ ɔ ɹ d̚ d ɛ θ 
/home/isaac/Projects/Thesis/data/timit/data/TRAIN/DR4/FSAK0/SX40.WAV,h# s tcl t ih m y ix l ey dx iy n dcl d ix s kcl k ah sh en z kcl k iy pcl p s tcl t ux dx eh n tcl t s ax tcl t ih n sh ix n h#, s t̚ t ɪ m j ɨ l eɪ ɾ i n d̚ d ɨ s k̚ k ʌ ʃ n̩ z k̚ k i p̚ p s t̚ t ʉ ɾ ɛ n t̚ t s ə t̚ t ɪ n ʃ ɨ n 
/home/isaac/Projects/Thesis/data/timit/data/TRAIN/DR4/FSAK0/SX130.WAV,h# hh iy eh tcl f ao r eh kcl k s tcl t axr q eh gcl g z f axr bcl b r eh kcl f ax s tcl t h#, h i ɛ t̚ f ɔ ɹ ɛ k̚ k s t̚ t ɚ ʔ ɛ ɡ̚ ɡ z f ɚ b̚ b ɹ ɛ k̚ f ə s t̚ t 
/home/isaac/Projects/Thesis/data/timit/data/TRAIN/DR4/FSAK0/SI1300.WAV,h# hh iy kcl k ae n f ao r ix gcl g z ae m pcl p el pau p ix z eh n tcl t s ix gcl n ih f ix kcl k ih n tcl y ux nx ix v er s ax-h dcl d iy w ay dcl d q ih sh ux z tcl t ix dh ix s eh n ax tcl t h#, h i k̚ k æ n f ɔ ɹ ɨ ɡ̚ ɡ z æ m p̚ p l̩  p ɨ z ɛ n t̚ t s ɨ ɡ̚ n ɪ f ɨ k̚ k ɪ n t̚ j ʉ ɾ̃ ɨ v ɝ s ə̥ d̚ d i w aɪ d̚ d ʔ ɪ ʃ ʉ z t̚ t ɨ ð ɨ s ɛ n ə t̚ t 
/home/isaac/Projects/Thesis/data/timit/data/TRAIN/DR4/FSAK0/SI1930.WAV,h# q axr r ae bcl b ih q pcl p ah n tcl ch r iy dcl d ah bcl b el dcl d hh ih m h#, ʔ ɚ ɹ æ b̚ b ɪ ʔ p̚ p ʌ n t̚ tʃ ɹ i d̚ d ʌ b̚ b l̩ d̚ d h ɪ m 
/home/isaac/Projects/Thesis/data/timit/data/TRAIN/DR4/FSAK0/SX220.WAV,h# dh ix m ow s r iy s ix q dcl jh iy ix l aa dcl jh ix kcl k el s er v ey f aw n s ay z m ix kcl q ae kcl t ih v ih dx iy h#, ð ɨ m oʊ s ɹ i s ɨ ʔ d̚ dʒ i ɨ l ɑ d̚ dʒ ɨ k̚ k l̩ s ɝ v eɪ f aʊ n s aɪ z m ɨ k̚ ʔ æ k̚ t ɪ v ɪ ɾ i 
/home/isaac/Projects/Thesis/data/timit/data/TRAIN/DR4/MJJJ0/SX173.WAV,h# hh uw eh v er kcl k ow ao pcl p axr ey tcl s ix n f ay n dcl iy ng n ae n z kcl k ae m iy ow w el bcl b iy r ix w aa r dx ix dcl h#, h u ɛ v ɝ k̚ k oʊ ɔ p̚ p ɚ eɪ t̚ s ɨ n f aɪ n d̚ i ŋ n æ n z k̚ k æ m i oʊ w l̩ b̚ b i ɹ ɨ w ɑ ɹ ɾ ɨ d̚ 
/home/isaac/Projects/Thesis/data/timit/data/TRAIN/DR4/MJJJ0/SX263.WAV,h# hh aw q oy l iy dcl d ux y ux l ay kcl k y axr s aa l ax dcl d r eh s iy ng h#, h aʊ ʔ ɔɪ l i d̚ d ʉ j ʉ l aɪ k̚ k j ɚ s ɑ l ə d̚ d ɹ ɛ s i ŋ 
/home/isaac/Projects/Thesis/data/timit/data/TRAIN/DR4/MJJJ0/SX353.WAV,h# ey kcl k aa nx ah s uh er q w ax l ix n dcl jh oy dh ih sh eh l f ih sh dcl d ih sh h#, eɪ k̚ k ɑ ɾ̃ ʌ s ʊ ɝ ʔ w ə l ɨ n d̚ dʒ ɔɪ ð ɪ ʃ ɛ l f ɪ ʃ d̚ d ɪ ʃ 
/home/isaac/Projects/Thesis/data/timit/data/TRAIN/DR4/MJJJ0/SX83.WAV,h# m ay ix n s tcl t r ah kcl sh en z dcl d eh s pcl p r ix tcl l iy n iy dcl d q ah pcl d ey dx iy ng h#, m aɪ ɨ n s t̚ t ɹ ʌ k̚ ʃ n̩ z d̚ d ɛ s p̚ p ɹ ɨ t̚ l i n i d̚ d ʔ ʌ p̚ d eɪ ɾ i ŋ 
/home/isaac/Projects/Thesis/data/timit/data/TRAIN/DR4/MJJJ0/SI1793.WAV,h# dh ih s f ey v axr tcl g r iy v ix n tcl s epi w ax z n aa tcl dh ax l ae n l ao r dcl h#, ð ɪ s f eɪ v ɚ t̚ ɡ ɹ i v ɨ n t̚ s  w ə z n ɑ t̚ ð ə l æ n l ɔ ɹ d̚ 
/home/isaac/Projects/Thesis/data/timit/data/TRAIN/DR4/MJJJ0/SX443.WAV,h# ey l ow n s tcl t aa r sh ow n q ix n dh iy q er l iy q iy v n iy ng s kcl k ay h#, eɪ l oʊ n s t̚ t ɑ ɹ ʃ oʊ n ʔ ɨ n ð i ʔ ɝ l i ʔ i v n i ŋ s k̚ k aɪ 
/home/isaac/Projects/Thesis/data/timit/data/TRAIN/DR4/MJJJ0/SI1163.WAV,h# n ow m ao r s tcl t aa r dx el ix ng kcl k aa n tcl t r ae s tcl t uw ax s ih s tcl t ax m q ah v s ah l ax n s ae dx el ay tcl s kcl k ix dcl b iy ix m ae zh ix n dcl d h#, n oʊ m ɔ ɹ s t̚ t ɑ ɹ ɾ l̩ ɨ ŋ k̚ k ɑ n t̚ t ɹ æ s t̚ t u ə s ɪ s t̚ t ə m ʔ ʌ v s ʌ l ə n s æ ɾ l̩ aɪ t̚ s k̚ k ɨ d̚ b i ɨ m æ ʒ ɨ n d̚ d 
/home/isaac/Projects/Thesis/data/timit/data/TRAIN/DR4/MJJJ0/SI533.WAV,h# f uw l z iy bcl b ey gcl d pau w ah dx ix y ux th iy ng kcl k y er dcl d uw iy ng h#, f u l z i b̚ b eɪ ɡ̚ d  w ʌ ɾ ɨ j ʉ θ i ŋ k̚ k j ɝ d̚ d u i ŋ 
/home/isaac/Projects/Thesis/data/timit/data/TRAIN/DR4/MFRM0/SI1717.WAV,h# l ah l ax bcl b ay ix n gcl g uh dcl n ay tcl t hh ix z v oy sh uh kcl k h#, l ʌ l ə b̚ b aɪ ɨ n ɡ̚ ɡ ʊ d̚ n aɪ t̚ t h ɨ z v ɔɪ ʃ ʊ k̚ k 
/home/isaac/Projects/Thesis/data/timit/data/TRAIN/DR4/MFRM0/SX435.WAV,h# dh axr r ih tcl sh uh dcl en v eh s tcl t ix n bcl b l ae kcl k z er kcl k aa n z en s tcl t eh dx ax v s tcl t ay l ih sh ux z h#, ð ɚ ɹ ɪ t̚ ʃ ʊ d̚ n̩ v ɛ s t̚ t ɨ n b̚ b l æ k̚ k z ɝ k̚ k ɑ n z n̩ s t̚ t ɛ ɾ ə v s t̚ t aɪ l ɪ ʃ ʉ z 
/home/isaac/Projects/Thesis/data/timit/data/TRAIN/DR4/MFRM0/SX255.WAV,h# m ay q ay dcl d iy l m ao r nx ix ng bcl b ix gcl g ih n z w ix th hh aa tcl k ao f iy h#, m aɪ ʔ aɪ d̚ d i l m ɔ ɹ ɾ̃ ɨ ŋ b̚ b ɨ ɡ̚ ɡ ɪ n z w ɨ θ h ɑ t̚ k ɔ f i 
/home/isaac/Projects/Thesis/data/timit/data/TRAIN/DR4/MFRM0/SI1155.WAV,h# hh ih z pcl p r aa bcl em kcl k ix n s er n z l ao n jh ix tcl t ux z l ae dx ix tcl t ux dcl z en q ey ng gcl g ix l axr v el aa s ix tcl t iy z h#, h ɪ z p̚ p ɹ ɑ b̚ m̩ k̚ k ɨ n s ɝ n z l ɔ n dʒ ɨ t̚ t ʉ z l æ ɾ ɨ t̚ t ʉ d̚ z n̩ ʔ eɪ ŋ ɡ̚ ɡ ɨ l ɚ v l̩ ɑ s ɨ t̚ t i z 
/home/isaac/Projects/Thesis/data/timit/data/TRAIN/DR4/MFRM0/SX345.WAV,h# t r ih sh s ao q aw axr z en aw axr z ax v m uw v iy s ae dx axr dcl d ey h#, t ɹ ɪ ʃ s ɔ ʔ aʊ ɚ z n̩ aʊ ɚ z ə v m u v i s æ ɾ ɚ d̚ d eɪ 
/home/isaac/Projects/Thesis/data/timit/data/TRAIN/DR4/MFRM0/SX165.WAV,h# dh iy q iy z ix gcl g ow ix ng z ux aa l ax dcl jh ix s r ix l ae kcl k s th r uh ow tcl dh ax v oy ix dcl jh h#, ð i ʔ i z ɨ ɡ̚ ɡ oʊ ɨ ŋ z ʉ ɑ l ə d̚ dʒ ɨ s ɹ ɨ l æ k̚ k s θ ɹ ʊ oʊ t̚ ð ə v ɔɪ ɨ d̚ dʒ 
/home/isaac/Projects/Thesis/data/timit/data/TRAIN/DR4/MFRM0/SX75.WAV,h# f ih l eh tcl k ae n tcl t iy n w ix th f r eh sh pcl p r ih ng w ao dx axr h#, f ɪ l ɛ t̚ k æ n t̚ t i n w ɨ θ f ɹ ɛ ʃ p̚ p ɹ ɪ ŋ w ɔ ɾ ɚ 
/home/isaac/Projects/Thesis/data/timit/data/TRAIN/DR4/MFRM0/SI1785.WAV,h# aa n dh ax bcl b eh axr f l ao r bcl b ao r dcl z pau q ax m ae n l ey f ey s dcl d aw n h#, ɑ n ð ə b̚ b ɛ ɚ f l ɔ ɹ b̚ b ɔ ɹ d̚ z  ʔ ə m æ n l eɪ f eɪ s d̚ d aʊ n 
/home/isaac/Projects/Thesis/data/timit/data/TRAIN/DR4/MGRP0/SX237.WAV,h# dh ix kcl k er iy axr w ax z ax dcl d w ao r f h#, ð ɨ k̚ k ɝ i ɚ w ə z ə d̚ d w ɔ ɹ f 
/home/isaac/Projects/Thesis/data/timit/data/TRAIN/DR4/MGRP0/SX147.WAV,h# k axr eh kcl t eh kcl k s ax-h kcl k ux sh ix n q ah v m aa q ix n sh tcl t r ah kcl k sh ix n z pau hv ix z pau k r uw sh ax l h#, k ɚ ɛ k̚ t ɛ k̚ k s ə̥ k̚ k ʉ ʃ ɨ n ʔ ʌ v m ɑ ʔ ɨ n ʃ t̚ t ɹ ʌ k̚ k ʃ ɨ n z  ɦ ɨ z  k ɹ u ʃ ə l 
/home/isaac/Projects/Thesis/data/timit/data/TRAIN/DR4/MGRP0/SI687.WAV,h# dh iy ae n tcl t ay s l ey v axr iy ix pau m uw v w ax n tcl t uh kcl m eh n iy f ao r m z h#, ð i æ n t̚ t aɪ s l eɪ v ɚ i ɨ  m u v w ə n t̚ t ʊ k̚ m ɛ n i f ɔ ɹ m z 
/home/isaac/Projects/Thesis/data/timit/data/TRAIN/DR4/MGRP0/SI1947.WAV,h# dh axr w axr n ow tcl t r ae kcl k s ax v iy dh ix hv uw v z axr bcl b uw tcl t s h#, ð ɚ w ɚ n oʊ t̚ t ɹ æ k̚ k s ə v i ð ɨ ɦ u v z ɚ b̚ b u t̚ t s 
/home/isaac/Projects/Thesis/data/timit/data/TRAIN/DR4/MGRP0/SX417.WAV,h# v ae l ih l aa dcl jh y ih r l ih s eh l ax bcl r ey tcl s dh ax f er s tcl k ae f bcl b ao r n h#, v æ l ɪ l ɑ d̚ dʒ j ɪ ɹ l ɪ s ɛ l ə b̚ ɹ eɪ t̚ s ð ə f ɝ s t̚ k æ f b̚ b ɔ ɹ n 
/home/isaac/Projects/Thesis/data/timit/data/TRAIN/DR4/MGRP0/SX57.WAV,h# dh ax-h pcl p r aw l axr w ao r ax s kcl k iy m ae s kcl k f ao r dcl d ix s gcl g ay z h#, ð ə̥ p̚ p ɹ aʊ l ɚ w ɔ ɹ ə s k̚ k i m æ s k̚ k f ɔ ɹ d̚ d ɨ s ɡ̚ ɡ aɪ z 
/home/isaac/Projects/Thesis/data/timit/data/TRAIN/DR4/MGRP0/SX327.WAV,h# q ae l r ix s iy dcl d ix dcl jh oy nx ix pcl p oy n tcl m ax n tcl ix n dh ix bcl b aa ao l ax dcl jh iy q ae n dh iy ix n dcl jh en er ix ng dcl d ix pcl p aa r tcl m en tcl t s h#, ʔ æ l ɹ ɨ s i d̚ d ɨ d̚ dʒ ɔɪ ɾ̃ ɨ p̚ p ɔɪ n t̚ m ə n t̚ ɨ n ð ɨ b̚ b ɑ ɔ l ə d̚ dʒ i ʔ æ n ð i ɨ n d̚ dʒ n̩ ɝ ɨ ŋ d̚ d ɨ p̚ p ɑ ɹ t̚ m n̩ t̚ t s 
/home/isaac/Projects/Thesis/data/timit/data/TRAIN/DR4/MGRP0/SI1317.WAV,h# b iy ng bcl b ey s tcl t ow s uh f y ux ah v ih ah n tcl s pau dh iy z r ix z ah l tcl t s axr aa bcl d uw v iy ix s v el ix dx ax-h tcl t iy h#, b i ŋ b̚ b eɪ s t̚ t oʊ s ʊ f j ʉ ʌ v ɪ ʌ n t̚ s  ð i z ɹ ɨ z ʌ l t̚ t s ɚ ɑ b̚ d u v i ɨ s v l̩ ɨ ɾ ə̥ t̚ t i 
/home/isaac/Projects/Thesis/data/timit/data/TRAIN/DR4/MPEB0/SX330.WAV,h# k aw n tcl dh ax n ah m b er ix v tcl t iy s pcl p ux n z ax v s oy s ao s dh eh q y uw ae dcl d h#, k aʊ n t̚ ð ə n ʌ m b ɝ ɨ v t̚ t i s p̚ p ʉ n z ə v s ɔɪ s ɔ s ð ɛ ʔ j u æ d̚ d 
/home/isaac/Projects/Thesis/data/timit/data/TRAIN/DR4/MPEB0/SX60.WAV,h# dh ax l eh dcl jh ix s epi l ey tcl ch axr m eh tcl t ix dcl jh ah dcl jh dh ax s tcl t ey tcl ix v pcl p ah bcl b l ix kcl k eh dcl jh kcl k ey sh ix n h#, ð ə l ɛ d̚ dʒ ɨ s  l eɪ t̚ tʃ ɚ m ɛ t̚ t ɨ d̚ dʒ ʌ d̚ dʒ ð ə s t̚ t eɪ t̚ ɨ v p̚ p ʌ b̚ b l ɨ k̚ k ɛ d̚ dʒ k̚ k eɪ ʃ ɨ n 
/home/isaac/Projects/Thesis/data/timit/data/TRAIN/DR4/MPEB0/SI1860.WAV,h# w axr n aa tcl d r ah ng kcl k axr dcl s pau sh iy s eh dcl h#, w ɚ n ɑ t̚ d ɹ ʌ ŋ k̚ k ɚ d̚ s  ʃ i s ɛ d̚ 
/home/isaac/Projects/Thesis/data/timit/data/TRAIN/DR4/MPEB0/SI1034.WAV,h# sh iy s epi n aa r el dcl w ao r n ix ng l ix h#, ʃ i s  n ɑ ɹ l̩ d̚ w ɔ ɹ n ɨ ŋ l ɨ 
/home/isaac/Projects/Thesis/data/timit/data/TRAIN/DR4/MPEB0/SX420.WAV,h# s iy m s tcl t r ix s ix z ix tcl t ae tcl ch z ih pcl p er z w ix th ah th ih m b el n iy dx el q eh n dcl th r eh dcl h#, s i m s t̚ t ɹ ɨ s ɨ z ɨ t̚ t æ t̚ tʃ z ɪ p̚ p ɝ z w ɨ θ ʌ θ ɪ m b l̩ n i ɾ l̩ ʔ ɛ n d̚ θ ɹ ɛ d̚ 
/home/isaac/Projects/Thesis/data/timit/data/TRAIN/DR4/MPEB0/SI600.WAV,h# axr r ih dcl jh n ax l z ax n ah q n eh s ax-h s eh er l iy gcl g uh dcl pau ix nx eh dx eh pcl t ey sh en z axr n aa q n ax s ax s ix axr l ix bcl b ae dcl h#, ɚ ɹ ɪ d̚ dʒ n ə l z ə n ʌ ʔ n ɛ s ə̥ s ɛ ɝ l i ɡ̚ ɡ ʊ d̚  ɨ ɾ̃ ɛ ɾ ɛ p̚ t eɪ ʃ n̩ z ɚ n ɑ ʔ n ə s ə s ɨ ɚ l ɨ b̚ b æ d̚ 
/home/isaac/Projects/Thesis/data/timit/data/TRAIN/DR4/MPEB0/SX150.WAV,h# v iy ih tcl n ix m iy z kcl k w ih z iy n q ix z ih kcl k s kcl k w ih z ix tcl h#, v i ɪ t̚ n ɨ m i z k̚ k w ɪ z i n ʔ ɨ z ɪ k̚ k s k̚ k w ɪ z ɨ t̚ 
/home/isaac/Projects/Thesis/data/timit/data/TRAIN/DR4/MPEB0/SX240.WAV,h# ix tcl s epi n aa dx iy z iy tcl t ax-h kcl k r iy ey q ax l uw m ix n ey dx ix ng ix gcl g z ae m pcl p el z h#, ɨ t̚ s  n ɑ ɾ i z i t̚ t ə̥ k̚ k ɹ i eɪ ʔ ə l u m ɨ n eɪ ɾ ɨ ŋ ɨ ɡ̚ ɡ z æ m p̚ p l̩ z 
/home/isaac/Projects/Thesis/data/timit/data/TRAIN/DR2/FCMM0/SI453.WAV,h# eh v r iy th iy eng w eh n q r ih l s epi m uw dh ix sh er ix f s eh dcl h#, ɛ v ɹ i θ i ŋ̍ w ɛ n ʔ ɹ ɪ l s  m u ð ɨ ʃ ɝ ɨ f s ɛ d̚ 
/home/isaac/Projects/Thesis/data/timit/data/TRAIN/DR2/FCMM0/SX273.WAV,h# dh iy q ae ng g r ix bcl b oy q ae n s axr dcl bcl b ah tcl d ih dcl en tcl l uh kcl k ah pcl h#, ð i ʔ æ ŋ ɡ ɹ ɨ b̚ b ɔɪ ʔ æ n s ɚ d̚ b̚ b ʌ t̚ d ɪ d̚ n̩ t̚ l ʊ k̚ k ʌ p̚ 
/home/isaac/Projects/Thesis/data/timit/data/TRAIN/DR2/FCMM0/SI1083.WAV,h# dh ix s ih s tcl t ax m w er kcl k s q eh z ix n ix m pcl p er s epi en el m eh kcl k ix n ih z ax m h#, ð ɨ s ɪ s t̚ t ə m w ɝ k̚ k s ʔ ɛ z ɨ n ɨ m p̚ p ɝ s  n̩ l̩ m ɛ k̚ k ɨ n ɪ z ə m 
/home/isaac/Projects/Thesis/data/timit/data/TRAIN/DR2/FCMM0/SI1957.WAV,h# k l ae pcl ix ng s pcl er z tcl t ix dh ix bcl b r aa ng kcl k hh iy s eh dx ao f ix dx ix sh aa r pcl k ae n tcl t axr pau w ix th gcl g r ow ix ng q ax l aa r m h#, k l æ p̚ ɨ ŋ s p̚ ɝ z t̚ t ɨ ð ɨ b̚ b ɹ ɑ ŋ k̚ k h i s ɛ ɾ ɔ f ɨ ɾ ɨ ʃ ɑ ɹ p̚ k æ n t̚ t ɚ  w ɨ θ ɡ̚ ɡ ɹ oʊ ɨ ŋ ʔ ə l ɑ ɹ m 
/home/isaac/Projects/Thesis/data/timit/data/TRAIN/DR2/FCMM0/SX93.WAV,h# kcl k ah dx ax s epi m ao l kcl k ao r nx er q ao f iy tcl ch q eh dcl jh h#, k̚ k ʌ ɾ ə s  m ɔ l k̚ k ɔ ɹ ɾ̃ ɝ ʔ ɔ f i t̚ tʃ ʔ ɛ d̚ dʒ 
/home/isaac/Projects/Thesis/data/timit/data/TRAIN/DR2/FCMM0/SX420.WAV,h# s iy m epi s tcl t r ix s ix z q ix tcl t ae tcl ch z ih pcl p axr z epi w ax th ey th ih m bcl el pau n iy dx el q ix n dcl th r eh dcl h#, s i m  s t̚ t ɹ ɨ s ɨ z ʔ ɨ t̚ t æ t̚ tʃ z ɪ p̚ p ɚ z  w ə θ eɪ θ ɪ m b̚ l̩  n i ɾ l̩ ʔ ɨ n d̚ θ ɹ ɛ d̚ 
/home/isaac/Projects/Thesis/data/timit/data/TRAIN/DR2/FCMM0/SX363.WAV,h# dh ax kcl k aw w aa n axr dcl f axr m dh ax f aa r m l ae n q ix n bcl b iy kcl k ey m l ao s tcl t h#, ð ə k̚ k aʊ w ɑ n ɚ d̚ f ɚ m ð ə f ɑ ɹ m l æ n ʔ ɨ n b̚ b i k̚ k eɪ m l ɔ s t̚ t 
/home/isaac/Projects/Thesis/data/timit/data/TRAIN/DR2/FCMM0/SX183.WAV,h# w ay eh l tcl s w ax dcl d ae nx iy ax l aw ah dh axr z tcl t ix gcl g ow h#, w aɪ ɛ l t̚ s w ə d̚ d æ ɾ̃ i ə l aʊ ʌ ð ɚ z t̚ t ɨ ɡ̚ ɡ oʊ 
/home/isaac/Projects/Thesis/data/timit/data/TRAIN/DR2/MRJM1/SI1298.WAV,h# b ax-h tcl t w iy n m iy dx iy n z hv iy hv eh l pcl p s ix pcl p r eh z ix dx eh n tcl k iy pcl t r ae kcl k ax v dcl d eh l ax gcl g ey dx ix dcl d pau m ae dx axr z h#, b ə̥ t̚ t w i n m i ɾ i n z ɦ i ɦ ɛ l p̚ p s ɨ p̚ p ɹ ɛ z ɨ ɾ ɛ n t̚ k i p̚ t ɹ æ k̚ k ə v d̚ d ɛ l ə ɡ̚ ɡ eɪ ɾ ɨ d̚ d  m æ ɾ ɚ z 
/home/isaac/Projects/Thesis/data/timit/data/TRAIN/DR2/MRJM1/SX308.WAV,h# sh ih pcl b ih l dx ih ng pau q ih z pau ey m ow s tcl f ae s ax-h n ey dx iy n pcl p r aa s eh s h#, ʃ ɪ p̚ b ɪ l ɾ ɪ ŋ  ʔ ɪ z  eɪ m oʊ s t̚ f æ s ə̥ n eɪ ɾ i n p̚ p ɹ ɑ s ɛ s 
/home/isaac/Projects/Thesis/data/timit/data/TRAIN/DR2/MRJM1/SX38.WAV,h# y ah ng pcl p iy pcl p el pcl p axr tcl t ih s ix pcl p ey dx ih n q ae th l eh dx ih kcl k ix kcl t ih v ix dx iy z h#, j ʌ ŋ p̚ p i p̚ p l̩ p̚ p ɚ t̚ t ɪ s ɨ p̚ p eɪ ɾ ɪ n ʔ æ θ l ɛ ɾ ɪ k̚ k ɨ k̚ t ɪ v ɨ ɾ i z 
/home/isaac/Projects/Thesis/data/timit/data/TRAIN/DR2/MRJM1/SX398.WAV,h# ch ih l dx r ih n kcl k ae n pau k en s uw m eh nx iy f r ux tcl t kcl k ae n iy z ix n w ah n s ih dx iy n h#, tʃ ɪ l ɾ ɹ ɪ n k̚ k æ n  k n̩ s u m ɛ ɾ̃ i f ɹ ʉ t̚ t k̚ k æ n i z ɨ n w ʌ n s ɪ ɾ i n 
/home/isaac/Projects/Thesis/data/timit/data/TRAIN/DR2/MRJM1/SX128.WAV,h# l aa tcl s ax f ao axr n m uw v iy z hh eh v s ah bcl t ay dx el z h#, l ɑ t̚ s ə f ɔ ɚ n m u v i z h ɛ v s ʌ b̚ t aɪ ɾ l̩ z 
/home/isaac/Projects/Thesis/data/timit/data/TRAIN/DR2/MRJM1/SX218.WAV,h# t r ay tcl t ux r iy kcl k ao l dh iy ix v eh n tcl s en kcl k r aa n el aa dcl jh ix kcl k el q ao r dx axr h#, t ɹ aɪ t̚ t ʉ ɹ i k̚ k ɔ l ð i ɨ v ɛ n t̚ s n̩ k̚ k ɹ ɑ n l̩ ɑ d̚ dʒ ɨ k̚ k l̩ ʔ ɔ ɹ ɾ ɚ 
/home/isaac/Projects/Thesis/data/timit/data/TRAIN/DR2/MRJM1/SI1928.WAV,h# n aa tcl t pau ix m iy dx iy ix q l iy pau ae z ix dcl d eh pcl p ux dx iy dcl d ax m ae nx ix dcl d h#, n ɑ t̚ t  ɨ m i ɾ i ɨ ʔ l i  æ z ɨ d̚ d ɛ p̚ p ʉ ɾ i d̚ d ə m æ ɾ̃ ɨ d̚ d 
/home/isaac/Projects/Thesis/data/timit/data/TRAIN/DR2/MRJM1/SI668.WAV,h# w iy er ao l pau ih n v ao l v dh ih n dh eh m pau d iy pcl p l iy ix n v ao l v h#, w i ɝ ɔ l  ɪ n v ɔ l v ð ɪ n ð ɛ m  d i p̚ p l i ɨ n v ɔ l v 
/home/isaac/Projects/Thesis/data/timit/data/TRAIN/DR2/MDBP0/SI528.WAV,h# dh eh r ax pcl p aa n f aa l ow dcl d ey dcl d eh m ah n s tcl t r ey sh ix n dh ae tcl t er ih n iy n ow z epi n ow ay dcl d iy ax l aa dcl jh ix kcl k el kcl k aa n f ay n z h#, ð ɛ ɹ ə p̚ p ɑ n f ɑ l oʊ d̚ d eɪ d̚ d ɛ m ʌ n s t̚ t ɹ eɪ ʃ ɨ n ð æ t̚ t ɝ ɪ n i n oʊ z  n oʊ aɪ d̚ d i ə l ɑ d̚ dʒ ɨ k̚ k l̩ k̚ k ɑ n f aɪ n z 
/home/isaac/Projects/Thesis/data/timit/data/TRAIN/DR2/MDBP0/SX258.WAV,h# dh iy y eh s ey q ah n dcl d ix n ay ax bcl b l iy r iy f l eh kcl k s q aa r v y uw q ey bcl b l iy h#, ð i j ɛ s eɪ ʔ ʌ n d̚ d ɨ n aɪ ə b̚ b l i ɹ i f l ɛ k̚ k s ʔ ɑ ɹ v j u ʔ eɪ b̚ b l i 
/home/isaac/Projects/Thesis/data/timit/data/TRAIN/DR2/MDBP0/SX348.WAV,h# ay l hv ae v ax s kcl k uw pcl p ax v dh ae dx ix gcl g z aa dx ix kcl p er pcl p el eh n dcl t er kcl k oy z pau sh er bcl b axr tcl h#, aɪ l ɦ æ v ə s k̚ k u p̚ p ə v ð æ ɾ ɨ ɡ̚ ɡ z ɑ ɾ ɨ k̚ p ɝ p̚ p l̩ ɛ n d̚ t ɝ k̚ k ɔɪ z  ʃ ɝ b̚ b ɚ t̚ 
/home/isaac/Projects/Thesis/data/timit/data/TRAIN/DR2/MDBP0/SX78.WAV,h# d aa kcl t er zh pcl p axr sh kcl k r ay bcl d r ah gcl g z tcl t uw f r iy l iy h#, d ɑ k̚ t ɝ ʒ p̚ p ɚ ʃ k̚ k ɹ aɪ b̚ d ɹ ʌ ɡ̚ ɡ z t̚ t u f ɹ i l i 
/home/isaac/Projects/Thesis/data/timit/data/TRAIN/DR2/MDBP0/SI1158.WAV,h# jh iy ow s eh n t r ix z ax m pcl p axr s ey h#, dʒ i oʊ s ɛ n t ɹ ɨ z ə m p̚ p ɚ s eɪ 
/home/isaac/Projects/Thesis/data/timit/data/TRAIN/DR2/MDBP0/SX168.WAV,h# hh uw tcl t uh kcl dh ix kcl k ay y ae kcl d aw n dh ax bcl b ay y ux h#, h u t̚ t ʊ k̚ ð ɨ k̚ k aɪ j æ k̚ d aʊ n ð ə b̚ b aɪ j ʉ 
/home/isaac/Projects/Thesis/data/timit/data/TRAIN/DR2/MDBP0/SX438.WAV,h# sh eh l sh aa kcl k ao z dcl b ay sh r aa pcl p n eh l pau ih s ah m tcl t ay m z kcl k y er dcl th ux gcl g r uw pcl p th eh er pcl p iy h#, ʃ ɛ l ʃ ɑ k̚ k ɔ z d̚ b aɪ ʃ ɹ ɑ p̚ p n ɛ l  ɪ s ʌ m t̚ t aɪ m z k̚ k j ɝ d̚ θ ʉ ɡ̚ ɡ ɹ u p̚ p θ ɛ ɝ p̚ p i 
/home/isaac/Projects/Thesis/data/timit/data/TRAIN/DR2/MDBP0/SI1788.WAV,h# p r ih dx ix gcl g er l z ax m ah ng dh eh m pau w ih th bcl b l aa n d hv eh r q ae n dcl p er tcl f ey s ix z h#, p ɹ ɪ ɾ ɨ ɡ̚ ɡ ɝ l z ə m ʌ ŋ ð ɛ m  w ɪ θ b̚ b l ɑ n d ɦ ɛ ɹ ʔ æ n d̚ p ɝ t̚ f eɪ s ɨ z 
/home/isaac/Projects/Thesis/data/timit/data/TRAIN/DR2/FAJW0/SI1263.WAV,h# b ow th hv ae v q eh kcl k s el eh n ix nx ix gcl g r ey sh en ax dh axr f ih s kcl k el tcl t ae kcl s kcl k el eh kcl sh en y ih axr kcl k ae l ix n dcl d axr z h#, b oʊ θ ɦ æ v ʔ ɛ k̚ k s l̩ ɛ n ɨ ɾ̃ ɨ ɡ̚ ɡ ɹ eɪ ʃ n̩ ə ð ɚ f ɪ s k̚ k l̩ t̚ t æ k̚ s k̚ k l̩ ɛ k̚ ʃ n̩ j ɪ ɚ k̚ k æ l ɨ n d̚ d ɚ z 
/home/isaac/Projects/Thesis/data/timit/data/TRAIN/DR2/FAJW0/SX3.WAV,h# dh ih s w ah z q iy z iy f ao r q ah s h#, ð ɪ s w ʌ z ʔ i z i f ɔ ɹ ʔ ʌ s 
/home/isaac/Projects/Thesis/data/timit/data/TRAIN/DR2/FAJW0/SI1893.WAV,h# ix tcl t uh kcl k hh ih m ax l ao ng tcl t ay m tcl t ax-h kcl k em pcl p ow z em s epi eh l f h#, ɨ t̚ t ʊ k̚ k h ɪ m ə l ɔ ŋ t̚ t aɪ m t̚ t ə̥ k̚ k m̩ p̚ p oʊ z m̩ s  ɛ l f 
/home/isaac/Projects/Thesis/data/timit/data/TRAIN/DR2/FAJW0/SX273.WAV,h# dh ix q ae ng gcl g r iy bcl b oy q ae n s axr dcl b ix tcl d ih dcl d en l uh kcl k q ah pcl h#, ð ɨ ʔ æ ŋ ɡ̚ ɡ ɹ i b̚ b ɔɪ ʔ æ n s ɚ d̚ b ɨ t̚ d ɪ d̚ d n̩ l ʊ k̚ k ʔ ʌ p̚ 
/home/isaac/Projects/Thesis/data/timit/data/TRAIN/DR2/FAJW0/SX93.WAV,h# k ah tcl t ix s m ao l kcl k ao nx axr q ao f q iy tcl ch q eh dcl jh h#, k ʌ t̚ t ɨ s m ɔ l k̚ k ɔ ɾ̃ ɚ ʔ ɔ f ʔ i t̚ tʃ ʔ ɛ d̚ dʒ 
/home/isaac/Projects/Thesis/data/timit/data/TRAIN/DR2/FAJW0/SI633.WAV,h# hh iy l ay kcl t ix n ih pcl p q ih r l ow bcl b z ax v q ah n s ax s pcl p eh kcl t ix ng v ih z ix dcl d axr z w ix th ix z n iy dcl d el sh aa r pcl t iy th h#, h i l aɪ k̚ t ɨ n ɪ p̚ p ʔ ɪ ɹ l oʊ b̚ b z ə v ʔ ʌ n s ə s p̚ p ɛ k̚ t ɨ ŋ v ɪ z ɨ d̚ d ɚ z w ɨ θ ɨ z n i d̚ d l̩ ʃ ɑ ɹ p̚ t i θ 
/home/isaac/Projects/Thesis/data/timit/data/TRAIN/DR2/FAJW0/SX363.WAV,h# dh ix kcl k aw w aa n d axr dcl f ah m dh ax f aa r m l ae n dcl d ix n bcl b ix kcl k ey m l ao s tcl h#, ð ɨ k̚ k aʊ w ɑ n d ɚ d̚ f ʌ m ð ə f ɑ ɹ m l æ n d̚ d ɨ n b̚ b ɨ k̚ k eɪ m l ɔ s t̚ 
/home/isaac/Projects/Thesis/data/timit/data/TRAIN/DR2/FAJW0/SX183.WAV,h# w ay q eh l s w uh dcl d ae n iy q ax l aw q ah dh axr z tcl t ix gcl g ow h#, w aɪ ʔ ɛ l s w ʊ d̚ d æ n i ʔ ə l aʊ ʔ ʌ ð ɚ z t̚ t ɨ ɡ̚ ɡ oʊ 
/home/isaac/Projects/Thesis/data/timit/data/TRAIN/DR2/MHRM0/SI1475.WAV,h# q ih z hv ih z ae pcl p ix tcl t ay tcl t ix m pcl p r ux v dcl d h#, ʔ ɪ z ɦ ɪ z æ p̚ p ɨ t̚ t aɪ t̚ t ɨ m p̚ p ɹ ʉ v d̚ d 
/home/isaac/Projects/Thesis/data/timit/data/TRAIN/DR2/MHRM0/SX328.WAV,h# g r ih gcl g er iy ix n tcl t aa m tcl ch ow z tcl t ax-h w aa tcl ch kcl k aa r tcl t ux n z ix n dh iy ae f tcl t axr n ux n h#, ɡ ɹ ɪ ɡ̚ ɡ ɝ i ɨ n t̚ t ɑ m t̚ tʃ oʊ z t̚ t ə̥ w ɑ t̚ tʃ k̚ k ɑ ɹ t̚ t ʉ n z ɨ n ð i æ f t̚ t ɚ n ʉ n 
/home/isaac/Projects/Thesis/data/timit/data/TRAIN/DR2/MHRM0/SX418.WAV,h# q ay r ix s th ih ng kcl s dh ih s z ux hv eh z ax l eh v en s pcl p ae nx ix sh z iy bcl b r ix z h#, ʔ aɪ ɹ ɨ s θ ɪ ŋ k̚ s ð ɪ s z ʉ ɦ ɛ z ə l ɛ v n̩ s p̚ p æ ɾ̃ ɨ ʃ z i b̚ b ɹ ɨ z 
/home/isaac/Projects/Thesis/data/timit/data/TRAIN/DR2/MHRM0/SI958.WAV,h# w ax nx ix v dh ax m ow s kcl k aa m ax n q ax v kcl k ae m pcl m ae l ax dcl d iy z epi w ax z dcl d ay axr r iy ix h#, w ə ɾ̃ ɨ v ð ə m oʊ s k̚ k ɑ m ə n ʔ ə v k̚ k æ m p̚ m æ l ə d̚ d i z  w ə z d̚ d aɪ ɚ ɹ i ɨ 
/home/isaac/Projects/Thesis/data/timit/data/TRAIN/DR2/MHRM0/SX58.WAV,h# w iy ih kcl k s pcl p er iy ix s dcl d ix s tcl t r eh s en f r ah s tcl t r ey sh epi en ix bcl t ey nx ix ng axr dcl d ix gcl g r iy z h#, w i ɪ k̚ k s p̚ p ɝ i ɨ s d̚ d ɨ s t̚ t ɹ ɛ s n̩ f ɹ ʌ s t̚ t ɹ eɪ ʃ  n̩ ɨ b̚ t eɪ ɾ̃ ɨ ŋ ɚ d̚ d ɨ ɡ̚ ɡ ɹ i z 
/home/isaac/Projects/Thesis/data/timit/data/TRAIN/DR2/MHRM0/SI2218.WAV,h# n ow pcl p r ay s ix z tcl t ux hh ay hh w ix n tcl t r ux l ah v ix z ix tcl t s tcl t ey kcl k h#, n oʊ p̚ p ɹ aɪ s ɨ z t̚ t ʉ h aɪ h w ɨ n t̚ t ɹ ʉ l ʌ v ɨ z ɨ t̚ t s t̚ t eɪ k̚ k 
/home/isaac/Projects/Thesis/data/timit/data/TRAIN/DR2/MHRM0/SX148.WAV,h# m ow s tcl p r iy s ix ng kcl s hh eh dx ix th er dcl d ix v dh ix v ow tcl s kcl k aw nx ih dcl d h#, m oʊ s t̚ p ɹ i s ɨ ŋ k̚ s h ɛ ɾ ɨ θ ɝ d̚ d ɨ v ð ɨ v oʊ t̚ s k̚ k aʊ ɾ̃ ɪ d̚ d 
/home/isaac/Projects/Thesis/data/timit/data/TRAIN/DR2/MHRM0/SX238.WAV,h# hh ix dcl d aa kcl t axr w ix z ix n dh iy ae m bcl b y ix l ix n tcl s w ax th ax-h pcl p ey sh en tcl t h#, h ɨ d̚ d ɑ k̚ t ɚ w ɨ z ɨ n ð i æ m b̚ b j ɨ l ɨ n t̚ s w ə θ ə̥ p̚ p eɪ ʃ n̩ t̚ t 
/home/isaac/Projects/Thesis/data/timit/data/TRAIN/DR2/MMXS0/SX156.WAV,h# q aa r kcl k s pcl p eh axr m ax n s pcl p aa s ix dx ix v q aw kcl k ah m w ax z ah nx ix kcl k s pcl p eh kcl t ix dcl h#, ʔ ɑ ɹ k̚ k s p̚ p ɛ ɚ m ə n s p̚ p ɑ s ɨ ɾ ɨ v ʔ aʊ k̚ k ʌ m w ə z ʌ ɾ̃ ɨ k̚ k s p̚ p ɛ k̚ t ɨ d̚ 
/home/isaac/Projects/Thesis/data/timit/data/TRAIN/DR2/MMXS0/SX336.WAV,h# r aa bcl m ey dcl hv ah ng gcl g eh r iy ix ng gcl g uw l aa sh f axr dcl d ih nx axr pau eh n gcl g ux s bcl b eh r iy pcl p ay f axr dcl d ix z er tcl h#, ɹ ɑ b̚ m eɪ d̚ ɦ ʌ ŋ ɡ̚ ɡ ɛ ɹ i ɨ ŋ ɡ̚ ɡ u l ɑ ʃ f ɚ d̚ d ɪ ɾ̃ ɚ  ɛ n ɡ̚ ɡ ʉ s b̚ b ɛ ɹ i p̚ p aɪ f ɚ d̚ d ɨ z ɝ t̚ 
/home/isaac/Projects/Thesis/data/timit/data/TRAIN/DR2/MMXS0/SX66.WAV,h# w iy gcl g aa tcl d r eh n tcl ch tcl f r ix m dh iy q ah n q ih n tcl t axr ah pcl t ix dcl d r ey n h#, w i ɡ̚ ɡ ɑ t̚ d ɹ ɛ n t̚ tʃ t̚ f ɹ ɨ m ð i ʔ ʌ n ʔ ɪ n t̚ t ɚ ʌ p̚ t ɨ d̚ d ɹ eɪ n 
/home/isaac/Projects/Thesis/data/timit/data/TRAIN/DR2/MMXS0/SI876.WAV,h# d ah zh axr pcl p aa l ax s iy hh ae v ax l ey ix pcl p kcl k l ao s h#, d ʌ ʒ ɚ p̚ p ɑ l ə s i h æ v ə l eɪ ɨ p̚ p k̚ k l ɔ s 
/home/isaac/Projects/Thesis/data/timit/data/TRAIN/DR2/MMXS0/SX426.WAV,h# hv ey m ao th z ih gcl g z ae gcl d ax l ao ng dh ax pcl p ae th r ux q aa dx ow z gcl g aa r dcl en h#, ɦ eɪ m ɔ θ z ɪ ɡ̚ ɡ z æ ɡ̚ d ə l ɔ ŋ ð ə p̚ p æ θ ɹ ʉ ʔ ɑ ɾ oʊ z ɡ̚ ɡ ɑ ɹ d̚ n̩ 
/home/isaac/Projects/Thesis/data/timit/data/TRAIN/DR2/MMXS0/SX246.WAV,h# hh aw q ey ng sh ix n tcl t ih z dh ih s ah bcl b w ey q eh s kcl k ax l ey dx axr h#, h aʊ ʔ eɪ ŋ ʃ ɨ n t̚ t ɪ z ð ɪ s ʌ b̚ b w eɪ ʔ ɛ s k̚ k ə l eɪ ɾ ɚ 
/home/isaac/Projects/Thesis/data/timit/data/TRAIN/DR2/MMXS0/SI629.WAV,h# hh ix z tcl t eh kcl n iy kcl k ih z q ae m pcl p el q ax n ix z epi m y ux z ix kcl k ax l q ay dcl d iy ix z axr pcl p axr dcl jh eh kcl t ix dcl b y ux dx ix f l iy h#, h ɨ z t̚ t ɛ k̚ n i k̚ k ɪ z ʔ æ m p̚ p l̩ ʔ ə n ɨ z  m j ʉ z ɨ k̚ k ə l ʔ aɪ d̚ d i ɨ z ɚ p̚ p ɚ d̚ dʒ ɛ k̚ t ɨ d̚ b j ʉ ɾ ɨ f l i 
/home/isaac/Projects/Thesis/data/timit/data/TRAIN/DR2/MMXS0/SI2136.WAV,h# q iy tcl ch ix v ah s pau hh ae dx ih z ow n s pcl p eh sh el tcl t iy bcl b ix s ay dcl d z h#, ʔ i t̚ tʃ ɨ v ʌ s  h æ ɾ ɪ z oʊ n s p̚ p ɛ ʃ l̩ t̚ t i b̚ b ɨ s aɪ d̚ d z 
/home/isaac/Projects/Thesis/data/timit/data/TRAIN/DR2/FRLL0/SI805.WAV,h# b ih gcl g ih n iy ix gcl g z ae m n ey sh n ax v ax s ay tcl t pau w ix dh ix gcl g uh dcl m ae pcl q ae n dcl d q eh r ih ax l f ow dx ow z q ih f pcl p aa s ax bcl b el h#, b ɪ ɡ̚ ɡ ɪ n i ɨ ɡ̚ ɡ z æ m n eɪ ʃ n ə v ə s aɪ t̚ t  w ɨ ð ɨ ɡ̚ ɡ ʊ d̚ m æ p̚ ʔ æ n d̚ d ʔ ɛ ɹ ɪ ə l f oʊ ɾ oʊ z ʔ ɪ f p̚ p ɑ s ə b̚ b l̩ 
/home/isaac/Projects/Thesis/data/timit/data/TRAIN/DR2/FRLL0/SX344.WAV,h# q ay n ow ay dcl d ih n q m iy q hv axr pau q er l iy ix n ah f h#, ʔ aɪ n oʊ aɪ d̚ d ɪ n ʔ m i ʔ ɦ ɚ  ʔ ɝ l i ɨ n ʌ f 
/home/isaac/Projects/Thesis/data/timit/data/TRAIN/DR2/FRLL0/SX74.WAV,h# eh n ih f ih sh ax l dcl d eh dcl en l ay n kcl k ix n aa tcl b iy pcl p ow s tcl p ow n dcl d h#, ɛ n ɪ f ɪ ʃ ə l d̚ d ɛ d̚ n̩ l aɪ n k̚ k ɨ n ɑ t̚ b i p̚ p oʊ s t̚ p oʊ n d̚ d 
/home/isaac/Projects/Thesis/data/timit/data/TRAIN/DR2/FRLL0/SI1514.WAV,h# m ey bcl b ih dh eh l s tcl t aa pcl p ih tcl n aw pau w ah n s f axr aa l h#, m eɪ b̚ b ɪ ð ɛ l s t̚ t ɑ p̚ p ɪ t̚ n aʊ  w ʌ n s f ɚ ɑ l 
/home/isaac/Projects/Thesis/data/timit/data/TRAIN/DR2/FRLL0/SX254.WAV,h# d ux dh ey ah l aw q ey th iy ix s ix n tcl ch er tcl ch h#, d ʉ ð eɪ ʌ l aʊ ʔ eɪ θ i ɨ s ɨ n t̚ tʃ ɝ t̚ tʃ 
/home/isaac/Projects/Thesis/data/timit/data/TRAIN/DR2/FRLL0/SX164.WAV,h# k ih r iy aa s ix dx iy q ix n m iy dx iy aa kcl k axr dx iy s eh l dcl d ax m kcl k ow ix gcl g z ih s tcl t h#, k ɪ ɹ i ɑ s ɨ ɾ i ʔ ɨ n m i ɾ i ɑ k̚ k ɚ ɾ i s ɛ l d̚ d ə m k̚ k oʊ ɨ ɡ̚ ɡ z ɪ s t̚ t 
/home/isaac/Projects/Thesis/data/timit/data/TRAIN/DR2/FRLL0/SX434.WAV,h# q iy tcl ch s tcl t ae gcl g sh er l iy f ay n dcl z ix bcl b ih gcl g f ao n h#, ʔ i t̚ tʃ s t̚ t æ ɡ̚ ɡ ʃ ɝ l i f aɪ n d̚ z ɨ b̚ b ɪ ɡ̚ ɡ f ɔ n 
/home/isaac/Projects/Thesis/data/timit/data/TRAIN/DR2/FRLL0/SI884.WAV,h# hh iy hh ow pcl dh ey w uh dcl p uh dx ih n s ah m w eh r w ey w ey dcl d aw n ix n dh ax q er th h#, h i h oʊ p̚ ð eɪ w ʊ d̚ p ʊ ɾ ɪ n s ʌ m w ɛ ɹ w eɪ w eɪ d̚ d aʊ n ɨ n ð ə ʔ ɝ θ 
/home/isaac/Projects/Thesis/data/timit/data/TRAIN/DR2/FSCN0/SX356.WAV,h# d ay ae n m ey s pcl p l er dcl jh ix n bcl b ay eh tcl t er kcl k oy z epi n eh kcl k l ax s h#, d aɪ æ n m eɪ s p̚ p l ɝ d̚ dʒ ɨ n b̚ b aɪ ɛ t̚ t ɝ k̚ k ɔɪ z  n ɛ k̚ k l ə s 
/home/isaac/Projects/Thesis/data/timit/data/TRAIN/DR2/FSCN0/SX176.WAV,h# b ay ix ng q ih th er ow bcl b r eh dcl d hv ao r s r ix kcl k w ay axr z pau ih n tcl t uw ih sh ix n ih n q eh kcl k s pcl p ax-h tcl t iy z h#, b aɪ ɨ ŋ ʔ ɪ θ ɝ oʊ b̚ b ɹ ɛ d̚ d ɦ ɔ ɹ s ɹ ɨ k̚ k w aɪ ɚ z  ɪ n t̚ t u ɪ ʃ ɨ n ɪ n ʔ ɛ k̚ k s p̚ p ə̥ t̚ t i z 
/home/isaac/Projects/Thesis/data/timit/data/TRAIN/DR2/FSCN0/SX266.WAV,h# w ix th dcl d r aa pau q ow n l iy ih z epi m ah tcl ch epi m ah nx iy q ae zh ix n iy dcl h#, w ɨ θ d̚ d ɹ ɑ  ʔ oʊ n l i ɪ z  m ʌ t̚ tʃ  m ʌ ɾ̃ i ʔ æ ʒ ɨ n i d̚ 
/home/isaac/Projects/Thesis/data/timit/data/TRAIN/DR2/FSCN0/SI626.WAV,h# dh ax w er kcl k s q aa r pcl p r iy z eh n ih dcl d kcl k r aa nx ax l aa dcl jh ax-h kcl k l iy h#, ð ə w ɝ k̚ k s ʔ ɑ ɹ p̚ p ɹ i z ɛ n ɪ d̚ d k̚ k ɹ ɑ ɾ̃ ə l ɑ d̚ dʒ ə̥ k̚ k l i 
/home/isaac/Projects/Thesis/data/timit/data/TRAIN/DR2/FSCN0/SI705.WAV,h# q ae n tcl s kcl k eh r iy dh ix s iy dcl s pau s ow bcl b eh dx er bcl b iy sh uh er dh ix tcl dh eh r aa r n ow q ae n tcl hv ix l z n ih r bcl b ay h#, ʔ æ n t̚ s k̚ k ɛ ɹ i ð ɨ s i d̚ s  s oʊ b̚ b ɛ ɾ ɝ b̚ b i ʃ ʊ ɝ ð ɨ t̚ ð ɛ ɹ ɑ ɹ n oʊ ʔ æ n t̚ ɦ ɨ l z n ɪ ɹ b̚ b aɪ 
/home/isaac/Projects/Thesis/data/timit/data/TRAIN/DR2/FSCN0/SX86.WAV,h# hh ax s pcl p ae nx ih kcl k aa s tcl t ux m z q axr kcl k w ay tcl k ah l axr f el h#, h ə s p̚ p æ ɾ̃ ɪ k̚ k ɑ s t̚ t ʉ m z ʔ ɚ k̚ k w aɪ t̚ k ʌ l ɚ f l̩ 
/home/isaac/Projects/Thesis/data/timit/data/TRAIN/DR2/FSCN0/SX446.WAV,h# t aa m ix s th ih ng kcl s pau q ey l aa r dcl jh axr kcl k l ae m pcl p s ao l v z dh ax pcl p r aa bcl b l ax m h#, t ɑ m ɨ s θ ɪ ŋ k̚ s  ʔ eɪ l ɑ ɹ d̚ dʒ ɚ k̚ k l æ m p̚ p s ɔ l v z ð ə p̚ p ɹ ɑ b̚ b l ə m 
/home/isaac/Projects/Thesis/data/timit/data/TRAIN/DR2/FSCN0/SI1886.WAV,h# dh ix r ux f ix dh ih kcl k ax-h m ae n dcl p ow s tcl b ix gcl g ae n tcl t ax-h bcl b ah kcl k el h#, ð ɨ ɹ ʉ f ɨ ð ɪ k̚ k ə̥ m æ n d̚ p oʊ s t̚ b ɨ ɡ̚ ɡ æ n t̚ t ə̥ b̚ b ʌ k̚ k l̩ 
/home/isaac/Projects/Thesis/data/timit/data/TRAIN/DR2/MJEB0/SX170.WAV,h# dh ix m ay ih n iy ax kcl k l ae s ix kcl k s kcl k aa l axr dcl d ih s ix pcl p iy axr dcl w aa l s axr v ey ih ng ey n tcl ch ix n tcl r uw ax n z h#, ð ɨ m aɪ ɪ n i ə k̚ k l æ s ɨ k̚ k s k̚ k ɑ l ɚ d̚ d ɪ s ɨ p̚ p i ɚ d̚ w ɑ l s ɚ v eɪ ɪ ŋ eɪ n t̚ tʃ ɨ n t̚ ɹ u ə n z 
/home/isaac/Projects/Thesis/data/timit/data/TRAIN/DR2/MJEB0/SX206.WAV,h# w ix n pcl p iy l ix ng ix n ao r ix n dcl jh ix dx ix z hh aa r dcl n aa tcl t ax-h s pcl p r ey dcl jh ux s h#, w ɨ n p̚ p i l ɨ ŋ ɨ n ɔ ɹ ɨ n d̚ dʒ ɨ ɾ ɨ z h ɑ ɹ d̚ n ɑ t̚ t ə̥ s p̚ p ɹ eɪ d̚ dʒ ʉ s 
/home/isaac/Projects/Thesis/data/timit/data/TRAIN/DR2/MJEB0/SI1916.WAV,h# p axr hv ae pcl p s ix q w ix z ax q ao l ax v ih v ix dcl d l iy kcl k en s iy v dcl d r iy m h#, p ɚ ɦ æ p̚ p s ɨ ʔ w ɨ z ə ʔ ɔ l ə v ɪ v ɨ d̚ d l i k̚ k n̩ s i v d̚ d ɹ i m 
/home/isaac/Projects/Thesis/data/timit/data/TRAIN/DR2/MJEB0/SI656.WAV,h# b ah tcl dh ih s tcl t ey tcl m ax n t ix z kcl k em pcl p l iy q l iy ah n kcl k ix n v ih n tcl s ix ng h#, b ʌ t̚ ð ɪ s t̚ t eɪ t̚ m ə n t ɨ z k̚ k m̩ p̚ p l i ʔ l i ʌ n k̚ k ɨ n v ɪ n t̚ s ɨ ŋ 
/home/isaac/Projects/Thesis/data/timit/data/TRAIN/DR2/MJEB0/SI1286.WAV,h# b l ow axr sh ix dcl b iy q aa pcl p axr ey dx ix dcl p ih r iy aa dx ih kcl k l iy aa n ax r eh gcl y ix l axr s kcl k eh dcl jh el h#, b l oʊ ɚ ʃ ɨ d̚ b i ʔ ɑ p̚ p ɚ eɪ ɾ ɨ d̚ p ɪ ɹ i ɑ ɾ ɪ k̚ k l i ɑ n ə ɹ ɛ ɡ̚ j ɨ l ɚ s k̚ k ɛ d̚ dʒ l̩ 
/home/isaac/Projects/Thesis/data/timit/data/TRAIN/DR2/MJEB0/SX26.WAV,h# m ow s tcl y ah ng r ay z q er l iy eh v r ix m ao r n ix ng h#, m oʊ s t̚ j ʌ ŋ ɹ aɪ z ʔ ɝ l i ɛ v ɹ ɨ m ɔ ɹ n ɨ ŋ 
/home/isaac/Projects/Thesis/data/timit/data/TRAIN/DR2/MJEB0/SX386.WAV,h# w ih tcl ch tcl ch er tcl ch dcl d ax-h dh ax s epi m ih th s epi w er sh ix pcl p ih n h#, w ɪ t̚ tʃ t̚ tʃ ɝ t̚ tʃ d̚ d ə̥ ð ə s  m ɪ θ s  w ɝ ʃ ɨ p̚ p ɪ n 
/home/isaac/Projects/Thesis/data/timit/data/TRAIN/DR2/MJEB0/SX296.WAV,h# dh ix tcl t uw q aa r dx ix s q ih kcl k s tcl ch ey n jh dcl d q ao dx ix gcl r ae f s h#, ð ɨ t̚ t u ʔ ɑ ɹ ɾ ɨ s ʔ ɪ k̚ k s t̚ tʃ eɪ n dʒ d̚ d ʔ ɔ ɾ ɨ ɡ̚ ɹ æ f s 
/home/isaac/Projects/Thesis/data/timit/data/TRAIN/DR2/FSRH0/SX131.WAV,h# w iy pcl p l ae n dcl d ix bcl b ih l dcl d ah n ux bcl b eh v r ix dcl jh pcl p l ae n tcl t h#, w i p̚ p l æ n d̚ d ɨ b̚ b ɪ l d̚ d ʌ n ʉ b̚ b ɛ v ɹ ɨ d̚ dʒ p̚ p l æ n t̚ t 
/home/isaac/Projects/Thesis/data/timit/data/TRAIN/DR2/FSRH0/SX41.WAV,h# q eh dx ih kcl k ih tcl m ae n dcl d ey tcl s kcl k ax m pcl p l ay ix n s w ix dh ih gcl z ih s tcl t ih ng r eh gcl g y ix l ey sh en z h#, ʔ ɛ ɾ ɪ k̚ k ɪ t̚ m æ n d̚ d eɪ t̚ s k̚ k ə m p̚ p l aɪ ɨ n s w ɨ ð ɪ ɡ̚ z ɪ s t̚ t ɪ ŋ ɹ ɛ ɡ̚ ɡ j ɨ l eɪ ʃ n̩ z 
/home/isaac/Projects/Thesis/data/timit/data/TRAIN/DR2/FSRH0/SX311.WAV,h# m ay dcl d ix z ay axr z axr s ih m pcl p el pau g ih bcl m iy w ah n ih n f ao r m ix dx ix v pcl p eh axr gcl g r ae f ao n dh ih s ah bcl jh ih kcl t h#, m aɪ d̚ d ɨ z aɪ ɚ z ɚ s ɪ m p̚ p l̩  ɡ ɪ b̚ m i w ʌ n ɪ n f ɔ ɹ m ɨ ɾ ɨ v p̚ p ɛ ɚ ɡ̚ ɡ ɹ æ f ɔ n ð ɪ s ʌ b̚ dʒ ɪ k̚ t 
/home/isaac/Projects/Thesis/data/timit/data/TRAIN/DR2/FSRH0/SI671.WAV,h# q ax hv eh l pcl f el l iy f l ix q m ey bcl b iy ix n kcl k l ow z ix n dh ax l eh dx axr h#, ʔ ə ɦ ɛ l p̚ f l̩ l i f l ɨ ʔ m eɪ b̚ b i ɨ n k̚ k l oʊ z ɨ n ð ə l ɛ ɾ ɚ 
/home/isaac/Projects/Thesis/data/timit/data/TRAIN/DR2/FSRH0/SI1931.WAV,h# n ow m ao r kcl k uh dcl d iy dcl d ih f eh n d ih m s eh l f ix gcl g eh n s dh eh m h#, n oʊ m ɔ ɹ k̚ k ʊ d̚ d i d̚ d ɪ f ɛ n d ɪ m s ɛ l f ɨ ɡ̚ ɡ ɛ n s ð ɛ m 
/home/isaac/Projects/Thesis/data/timit/data/TRAIN/DR2/FSRH0/SX401.WAV,h# dh ix tcl t ae kcl k s ix kcl k ae bcl b r ow kcl d aw nx ih n kcl k ao z ax tcl t r ae f ix kcl jh ae m h#, ð ɨ t̚ t æ k̚ k s ɨ k̚ k æ b̚ b ɹ oʊ k̚ d aʊ ɾ̃ ɪ n k̚ k ɔ z ə t̚ t ɹ æ f ɨ k̚ dʒ æ m 
/home/isaac/Projects/Thesis/data/timit/data/TRAIN/DR2/FSRH0/SX221.WAV,h# k ao r iy ix tcl t ae kcl k dh ix pcl p r aa dcl jh eh kcl k w ix th q eh kcl k s tcl t axr dcl d ax-h tcl t er m ix n ey sh ix n h#, k ɔ ɹ i ɨ t̚ t æ k̚ k ð ɨ p̚ p ɹ ɑ d̚ dʒ ɛ k̚ k w ɨ θ ʔ ɛ k̚ k s t̚ t ɚ d̚ d ə̥ t̚ t ɝ m ɨ n eɪ ʃ ɨ n 
/home/isaac/Projects/Thesis/data/timit/data/TRAIN/DR2/FSRH0/SI1719.WAV,h# w iy v dcl d ah n aa r pcl p aa r tcl t h#, w i v d̚ d ʌ n ɑ ɹ p̚ p ɑ ɹ t̚ t 
/home/isaac/Projects/Thesis/data/timit/data/TRAIN/DR2/MRJH0/SX259.WAV,h# t ao r n ey dx ow z ao f tcl t ix n dcl d ih s tcl t r oy q ey kcl k er z ax v f aa r m l ae n dcl d h#, t ɔ ɹ n eɪ ɾ oʊ z ɔ f t̚ t ɨ n d̚ d ɪ s t̚ t ɹ ɔɪ ʔ eɪ k̚ k ɝ z ə v f ɑ ɹ m l æ n d̚ d 
/home/isaac/Projects/Thesis/data/timit/data/TRAIN/DR2/MRJH0/SX79.WAV,h# w uh y ux pcl p l iy z dcl d ix s kcl k r ay bcl dh iy q ih dx iy aa dx ix kcl p r axr dcl d ih kcl k em eh n tcl h#, w ʊ j ʉ p̚ p l i z d̚ d ɨ s k̚ k ɹ aɪ b̚ ð i ʔ ɪ ɾ i ɑ ɾ ɨ k̚ p ɹ ɚ d̚ d ɪ k̚ k m̩ ɛ n t̚ 
/home/isaac/Projects/Thesis/data/timit/data/TRAIN/DR2/MRJH0/SI914.WAV,h# hh ih f y ux dcl d ux uw pau g ow tcl t uw ix tcl t h#, h ɪ f j ʉ d̚ d ʉ u  ɡ oʊ t̚ t u ɨ t̚ t 
/home/isaac/Projects/Thesis/data/timit/data/TRAIN/DR2/MRJH0/SI1519.WAV,h# dh ax th ao tcl t kcl k ey m bcl b ae kcl k pau dh ax w ah n ae gcl g iy n ae tcl t hh ih m pau dh iy z pcl p ae s tcl t f ao r dcl d ey z h#, ð ə θ ɔ t̚ t k̚ k eɪ m b̚ b æ k̚ k  ð ə w ʌ n æ ɡ̚ ɡ i n æ t̚ t h ɪ m  ð i z p̚ p æ s t̚ t f ɔ ɹ d̚ d eɪ z 
/home/isaac/Projects/Thesis/data/timit/data/TRAIN/DR2/MRJH0/SX307.WAV,h# dh ax m iy dx iy n ix z n aw ix dcl jh er n dcl d h#, ð ə m i ɾ i n ɨ z n aʊ ɨ d̚ dʒ ɝ n d̚ d 
/home/isaac/Projects/Thesis/data/timit/data/TRAIN/DR2/MRJH0/SI889.WAV,h# ix n m ow s tcl k ey s ix z epi w ix r eh kcl k ix gcl n ay s er tcl en w er dcl z pcl p er s en z q ae nx ax m el z q ao r q aa bcl jh ix kcl k s h#, ɨ n m oʊ s t̚ k eɪ s ɨ z  w ɨ ɹ ɛ k̚ k ɨ ɡ̚ n aɪ s ɝ t̚ n̩ w ɝ d̚ z p̚ p ɝ s n̩ z ʔ æ ɾ̃ ə m l̩ z ʔ ɔ ɹ ʔ ɑ b̚ dʒ ɨ k̚ k s 
/home/isaac/Projects/Thesis/data/timit/data/TRAIN/DR2/MRJH0/SX439.WAV,h# dh ae tcl s tcl t ih ng iy n v ey pcl p axr w ax z kcl k ao z dcl b ay kcl k l ao r ay dcl d ix v ey pcl p r ix z ey sh ix n h#, ð æ t̚ s t̚ t ɪ ŋ i n v eɪ p̚ p ɚ w ə z k̚ k ɔ z d̚ b aɪ k̚ k l ɔ ɹ aɪ d̚ d ɨ v eɪ p̚ p ɹ ɨ z eɪ ʃ ɨ n 
/home/isaac/Projects/Thesis/data/timit/data/TRAIN/DR2/MRJH0/SX169.WAV,h# hh aw w ix dcl jh uw ax v ae l y uw w ey tcl t ix s q eh l dcl jh ix bcl b r ey kcl k ix kcl k s pcl p r eh sh ix n h#, h aʊ w ɨ d̚ dʒ u ə v æ l j u w eɪ t̚ t ɨ s ʔ ɛ l d̚ dʒ ɨ b̚ b ɹ eɪ k̚ k ɨ k̚ k s p̚ p ɹ ɛ ʃ ɨ n 
/home/isaac/Projects/Thesis/data/timit/data/TRAIN/DR2/FMJB0/SX97.WAV,h# p eh ng w ix n z l ih v n ih er dh ax q ay s iy ix n aa r dx ix kcl k h#, p ɛ ŋ w ɨ n z l ɪ v n ɪ ɝ ð ə ʔ aɪ s i ɨ n ɑ ɹ ɾ ɨ k̚ k 
/home/isaac/Projects/Thesis/data/timit/data/TRAIN/DR2/FMJB0/SI1807.WAV,h# s eh l f s en tcl t eh gcl r ix dx iy epi w ah z q ae n q ih z q ae n q eh v er hv ae dcl b ix n h#, s ɛ l f s n̩ t̚ t ɛ ɡ̚ ɹ ɨ ɾ i  w ʌ z ʔ æ n ʔ ɪ z ʔ æ n ʔ ɛ v ɝ ɦ æ d̚ b ɨ n 
/home/isaac/Projects/Thesis/data/timit/data/TRAIN/DR2/FMJB0/SX7.WAV,h# n ah th ix ng q ih z q ae z ax f eh n s ah v q ae z ih nx ix s ix n tcl s h#, n ʌ θ ɨ ŋ ʔ ɪ z ʔ æ z ə f ɛ n s ʌ v ʔ æ z ɪ ɾ̃ ɨ s ɨ n t̚ s 
/home/isaac/Projects/Thesis/data/timit/data/TRAIN/DR2/FMJB0/SI547.WAV,h# w uh dx ax bcl b l uw f eh dh er q ih nx ax m ae n z hh ae q m ey kcl k hh ix m hv ae pcl p iy ao l dcl d ey h#, w ʊ ɾ ə b̚ b l u f ɛ ð ɝ ʔ ɪ ɾ̃ ə m æ n z h æ ʔ m eɪ k̚ k h ɨ m ɦ æ p̚ p i ɔ l d̚ d eɪ 
/home/isaac/Projects/Thesis/data/timit/data/TRAIN/DR2/FMJB0/SX187.WAV,h# dh ey ao f ix n gcl g ow aw tcl ih n dh ix iy v n iy ng h#, ð eɪ ɔ f ɨ n ɡ̚ ɡ oʊ aʊ t̚ ɪ n ð ɨ i v n i ŋ 
/home/isaac/Projects/Thesis/data/timit/data/TRAIN/DR2/FMJB0/SI1177.WAV,h# q ih n s ah m eh zh er dh ey dcl d ix pcl p eh n dcl ix pcl p aa n dh ax s tcl t r ah kcl sh er ah v q ih n dcl d ix v ih dcl jh uw el pcl p axr s en ae l ax dx iy h#, ʔ ɪ n s ʌ m ɛ ʒ ɝ ð eɪ d̚ d ɨ p̚ p ɛ n d̚ ɨ p̚ p ɑ n ð ə s t̚ t ɹ ʌ k̚ ʃ ɝ ʌ v ʔ ɪ n d̚ d ɨ v ɪ d̚ dʒ u l̩ p̚ p ɚ s n̩ æ l ə ɾ i 
/home/isaac/Projects/Thesis/data/timit/data/TRAIN/DR2/FMJB0/SX367.WAV,h# dh ix s er pcl p l ah sh ux z w er s ow l dcl ae tcl t ix dcl d ih s kcl k aw m pcl p r ay s h#, ð ɨ s ɝ p̚ p l ʌ ʃ ʉ z w ɝ s oʊ l d̚ æ t̚ t ɨ d̚ d ɪ s k̚ k aʊ m p̚ p ɹ aɪ s 
/home/isaac/Projects/Thesis/data/timit/data/TRAIN/DR2/FMJB0/SX277.WAV,h# dh ax r ow z kcl k er s aa zh s epi m eh l s w iy tcl h#, ð ə ɹ oʊ z k̚ k ɝ s ɑ ʒ s  m ɛ l s w i t̚ 
/home/isaac/Projects/Thesis/data/timit/data/TRAIN/DR2/MJRP0/SX45.WAV,h# ax dcl d ih sh ix n ae n dcl d s ax-h bcl b t r ae kcl sh en axr l er n dcl d s kcl k ih l epi s h#, ə d̚ d ɪ ʃ ɨ n æ n d̚ d s ə̥ b̚ b t ɹ æ k̚ ʃ n̩ ɚ l ɝ n d̚ d s k̚ k ɪ l  s 
/home/isaac/Projects/Thesis/data/timit/data/TRAIN/DR2/MJRP0/SI1835.WAV,h# dh ah tcl t ey pcl p sh ow dh ae tcl h#, ð ʌ t̚ t eɪ p̚ p ʃ oʊ ð æ t̚ 
/home/isaac/Projects/Thesis/data/timit/data/TRAIN/DR2/MJRP0/SI1845.WAV,h# dh ax s ah dx en s aa l ax tcl t ux dcl d hv eh dcl d l ao s tcl t ix tcl s epi m ow m ax n tcl t er iy tcl ch aa r m pau ix n bcl b iy kcl k ah m ax pcl p r eh s ix v h#, ð ə s ʌ ɾ n̩ s ɑ l ə t̚ t ʉ d̚ d ɦ ɛ d̚ d l ɔ s t̚ t ɨ t̚ s  m oʊ m ə n t̚ t ɝ i t̚ tʃ ɑ ɹ m  ɨ n b̚ b i k̚ k ʌ m ə p̚ p ɹ ɛ s ɨ v 
/home/isaac/Projects/Thesis/data/timit/data/TRAIN/DR2/MJRP0/SI585.WAV,h# aa r eh n tcl t ay axr iy kcl k aa nx ax m iy w ah hv ae v ax tcl t axr ih f ix kcl k q ah pcl p l ix f tcl t h#, ɑ ɹ ɛ n t̚ t aɪ ɚ i k̚ k ɑ ɾ̃ ə m i w ʌ ɦ æ v ə t̚ t ɚ ɪ f ɨ k̚ k ʔ ʌ p̚ p l ɨ f t̚ t 
/home/isaac/Projects/Thesis/data/timit/data/TRAIN/DR2/MJRP0/SX405.WAV,h# q ah v kcl k ao r s ax-h kcl k ix n hv ae v en ah dh axr tcl t ux nx ix f ih sh s ae n w ix tcl ch h#, ʔ ʌ v k̚ k ɔ ɹ s ə̥ k̚ k ɨ n ɦ æ v n̩ ʌ ð ɚ t̚ t ʉ ɾ̃ ɨ f ɪ ʃ s æ n w ɨ t̚ tʃ 
/home/isaac/Projects/Thesis/data/timit/data/TRAIN/DR2/MJRP0/SX315.WAV,h# b aa bcl f aw n m ao r kcl k l ae m z eh tcl dh iy ow sh en z eh dcl ch h#, b ɑ b̚ f aʊ n m ɔ ɹ k̚ k l æ m z ɛ t̚ ð i oʊ ʃ n̩ z ɛ d̚ tʃ 
/home/isaac/Projects/Thesis/data/timit/data/TRAIN/DR2/MJRP0/SX135.WAV,h# t eh kcl n ix kcl k el r ay dx er z kcl k ae n q ax bcl b r iy v iy ey tcl q ix n bcl b ih bcl b l ih aa gcl g axr f ix s h#, t ɛ k̚ n ɨ k̚ k l̩ ɹ aɪ ɾ ɝ z k̚ k æ n ʔ ə b̚ b ɹ i v i eɪ t̚ ʔ ɨ n b̚ b ɪ b̚ b l ɪ ɑ ɡ̚ ɡ ɚ f ɨ s 
/home/isaac/Projects/Thesis/data/timit/data/TRAIN/DR2/MJRP0/SX225.WAV,h# k iy pcl p dh ah th axr m aa m ax dx axr q ah n er y axr tcl t ah ng h#, k i p̚ p ð ʌ θ ɚ m ɑ m ə ɾ ɚ ʔ ʌ n ɝ j ɚ t̚ t ʌ ŋ 
/home/isaac/Projects/Thesis/data/timit/data/TRAIN/DR2/MJAE0/SI1999.WAV,h# sh iy ae s epi m ow l dcl d er ih ng l iy hh h#, ʃ i æ s  m oʊ l d̚ d ɝ ɪ ŋ l i h 
/home/isaac/Projects/Thesis/data/timit/data/TRAIN/DR2/MJAE0/SX264.WAV,h# w ix s ao ey tcl t ay nx iy ay s ih kcl k ax l z bcl b el ow aa axr r uw f h#, w ɨ s ɔ eɪ t̚ t aɪ ɾ̃ i aɪ s ɪ k̚ k ə l z b̚ b l̩ oʊ ɑ ɚ ɹ u f 
/home/isaac/Projects/Thesis/data/timit/data/TRAIN/DR2/MJAE0/SX174.WAV,h# dh ax hv ao nx eh dcl ax hv aw s w ix z ih hh ih tcl d ux tcl t uw aw tcl s tcl t ae nx ih ng ao dx iy ow v ih zh uw el f eh kcl k s h#, ð ə ɦ ɔ ɾ̃ ɛ d̚ ə ɦ aʊ s w ɨ z ɪ h ɪ t̚ d ʉ t̚ t u aʊ t̚ s t̚ t æ ɾ̃ ɪ ŋ ɔ ɾ i oʊ v ɪ ʒ u l̩ f ɛ k̚ k s 
/home/isaac/Projects/Thesis/data/timit/data/TRAIN/DR2/MJAE0/SX354.WAV,h# q ey l oy er w ih z ix pcl p oy nx eh dcl t ux q eh kcl k s ix kcl k y ux tcl t hh axr w eh l h#, ʔ eɪ l ɔɪ ɝ w ɪ z ɨ p̚ p ɔɪ ɾ̃ ɛ d̚ t ʉ ʔ ɛ k̚ k s ɨ k̚ k j ʉ t̚ t h ɚ w ɛ l 
/home/isaac/Projects/Thesis/data/timit/data/TRAIN/DR2/MJAE0/SX444.WAV,h# ax tcl t aa dcl l axr f aw n dcl d ih kcl k l ae m sh eh l n ih er dh ix kcl k ae m pcl p s ay tcl h#, ə t̚ t ɑ d̚ l ɚ f aʊ n d̚ d ɪ k̚ k l æ m ʃ ɛ l n ɪ ɝ ð ɨ k̚ k æ m p̚ p s aɪ t̚ 
/home/isaac/Projects/Thesis/data/timit/data/TRAIN/DR2/MJAE0/SI2154.WAV,h# sh ix m ah s tcl t ix v pcl p uh dx ih z kcl k l ow z ix n ix kcl k l aa z ix tcl h#, ʃ ɨ m ʌ s t̚ t ɨ v p̚ p ʊ ɾ ɪ z k̚ k l oʊ z ɨ n ɨ k̚ k l ɑ z ɨ t̚ 
/home/isaac/Projects/Thesis/data/timit/data/TRAIN/DR2/MJAE0/SX84.WAV,h# k ow aa pcl p axr ey sh ix n l ao ng w ax th ah nx axr s tcl t ae nx ih ng ix q el iy v iy ey tcl d ih s pcl p y ux tcl t h#, k oʊ ɑ p̚ p ɚ eɪ ʃ ɨ n l ɔ ŋ w ə θ ʌ ɾ̃ ɚ s t̚ t æ ɾ̃ ɪ ŋ ɨ ʔ l̩ i v i eɪ t̚ d ɪ s p̚ p j ʉ t̚ t 
/home/isaac/Projects/Thesis/data/timit/data/TRAIN/DR2/MJAE0/SI1524.WAV,h# n ow z ax s kcl k ao r ix th ax s ax pcl p r iy m q eh f axr tcl pau hh iy bcl b r ow kcl k ix dx ao f h#, n oʊ z ə s k̚ k ɔ ɹ ɨ θ ə s ə p̚ p ɹ i m ʔ ɛ f ɚ t̚  h i b̚ b ɹ oʊ k̚ k ɨ ɾ ɔ f 
/home/isaac/Projects/Thesis/data/timit/data/TRAIN/DR2/FAEM0/SX312.WAV,h# dh ow z ae n s axr z w el bcl b iy s tcl t r ey q f ao w axr dx ix f y ux th iy ng kcl k dh ix m th r uw kcl k eh r f el iy f er s tcl t h#, ð oʊ z æ n s ɚ z w l̩ b̚ b i s t̚ t ɹ eɪ ʔ f ɔ w ɚ ɾ ɨ f j ʉ θ i ŋ k̚ k ð ɨ m θ ɹ u k̚ k ɛ ɹ f l̩ i f ɝ s t̚ t 
/home/isaac/Projects/Thesis/data/timit/data/TRAIN/DR2/FAEM0/SX402.WAV,h# w ih l s er v r uw bcl b aa r bcl p ay ae f tcl t axr r ey tcl ch el z tcl t ao kcl k h#, w ɪ l s ɝ v ɹ u b̚ b ɑ ɹ b̚ p aɪ æ f t̚ t ɚ ɹ eɪ t̚ tʃ l̩ z t̚ t ɔ k̚ k 
/home/isaac/Projects/Thesis/data/timit/data/TRAIN/DR2/FAEM0/SI762.WAV,h# f ih l s epi m ao l hv ow l q ix n bcl b ow l w ih th kcl k l ey h#, f ɪ l s  m ɔ l ɦ oʊ l ʔ ɨ n b̚ b oʊ l w ɪ θ k̚ k l eɪ 
/home/isaac/Projects/Thesis/data/timit/data/TRAIN/DR2/FAEM0/SX132.WAV,h# p ax bcl b l ih s ix dx iy eh n ow dx axr r ay ix dx iy gcl g ow hv ae n dcl d ix n hv ae n dcl d h#, p ə b̚ b l ɪ s ɨ ɾ i ɛ n oʊ ɾ ɚ ɹ aɪ ɨ ɾ i ɡ̚ ɡ oʊ ɦ æ n d̚ d ɨ n ɦ æ n d̚ d 
/home/isaac/Projects/Thesis/data/timit/data/TRAIN/DR2/FAEM0/SX222.WAV,h# y ux ao l w ix z kcl k ax m ah pcl p w ix th pcl p ae th ax l aa dcl jh ix kcl k el ix gcl g z ae m pcl p el s h#, j ʉ ɔ l w ɨ z k̚ k ə m ʌ p̚ p w ɨ θ p̚ p æ θ ə l ɑ d̚ dʒ ɨ k̚ k l̩ ɨ ɡ̚ ɡ z æ m p̚ p l̩ s 
/home/isaac/Projects/Thesis/data/timit/data/TRAIN/DR2/FAEM0/SX42.WAV,h# b ih bcl b l ih kcl k el s kcl k aa l er z pau q aa r gcl g y ux hv ih s tcl t r iy h#, b ɪ b̚ b l ɪ k̚ k l̩ s k̚ k ɑ l ɝ z  ʔ ɑ ɹ ɡ̚ ɡ j ʉ ɦ ɪ s t̚ t ɹ i 
/home/isaac/Projects/Thesis/data/timit/data/TRAIN/DR2/FAEM0/SI1392.WAV,h# q ax s ux m f ao r ix gcl z ae m pcl p uh l q ax s ix tcl ch uw ey sh en w eh axr f aa r m hv eh z ax pcl p ae kcl k iy ng sh eh dcl d pau q ae n dcl d f iy l dcl s h#, ʔ ə s ʉ m f ɔ ɹ ɨ ɡ̚ z æ m p̚ p ʊ l ʔ ə s ɨ t̚ tʃ u eɪ ʃ n̩ w ɛ ɚ f ɑ ɹ m ɦ ɛ z ə p̚ p æ k̚ k i ŋ ʃ ɛ d̚ d  ʔ æ n d̚ d f i l d̚ s 
/home/isaac/Projects/Thesis/data/timit/data/TRAIN/DR2/FAEM0/SI2022.WAV,h# w ah dx aw q f ix tcl d uh sh iy dcl d r ay v f ao h#, w ʌ ɾ aʊ ʔ f ɨ t̚ d ʊ ʃ i d̚ d ɹ aɪ v f ɔ 
/home/isaac/Projects/Thesis/data/timit/data/TRAIN/DR2/MJBG0/SI1724.WAV,h# dh ey w er q aa l f ey dx ix dcl d h#, ð eɪ w ɝ ʔ ɑ l f eɪ ɾ ɨ d̚ d 
/home/isaac/Projects/Thesis/data/timit/data/TRAIN/DR2/MJBG0/SI1232.WAV,h# dh ey w axr n aa tcl y eh tcl p axr pcl p eh r dcl t ux ix kcl s eh pcl t ih tcl q ae z q iy r ax m iy dcl d iy ix bcl b el h#, ð eɪ w ɚ n ɑ t̚ j ɛ t̚ p ɚ p̚ p ɛ ɹ d̚ t ʉ ɨ k̚ s ɛ p̚ t ɪ t̚ ʔ æ z ʔ i ɹ ə m i d̚ d i ɨ b̚ b l̩ 
/home/isaac/Projects/Thesis/data/timit/data/TRAIN/DR2/MJBG0/SX242.WAV,h# m ey ay q ao r dx axr ax s tcl t r ao bcl b axr iy s ah n dcl d ey q ae f tcl t axr ay iy tcl d ih nx axr h#, m eɪ aɪ ʔ ɔ ɹ ɾ ɚ ə s t̚ t ɹ ɔ b̚ b ɚ i s ʌ n d̚ d eɪ ʔ æ f t̚ t ɚ aɪ i t̚ d ɪ ɾ̃ ɚ 
/home/isaac/Projects/Thesis/data/timit/data/TRAIN/DR2/MJBG0/SX152.WAV,h# m ix s kcl k iy dx ow z q ih gcl g z ih s tcl t ih n ax w ao r m hh y uw m ih dcl d kcl k l ay m ax tcl t s h#, m ɨ s k̚ k i ɾ oʊ z ʔ ɪ ɡ̚ ɡ z ɪ s t̚ t ɪ n ə w ɔ ɹ m h j u m ɪ d̚ d k̚ k l aɪ m ə t̚ t s 
/home/isaac/Projects/Thesis/data/timit/data/TRAIN/DR2/MJBG0/SX422.WAV,h# w ah n s y ux f ih n ih sh gcl g r iy s ih eng y axr tcl ch ey n pau b iy sh er dx uw w aa sh th er ax l iy h#, w ʌ n s j ʉ f ɪ n ɪ ʃ ɡ̚ ɡ ɹ i s ɪ ŋ̍ j ɚ t̚ tʃ eɪ n  b i ʃ ɝ ɾ u w ɑ ʃ θ ɝ ə l i 
/home/isaac/Projects/Thesis/data/timit/data/TRAIN/DR2/MJBG0/SX62.WAV,h# ih n iy kcl k aa n tcl t r ix bcl b y ux sh ix n z w el bcl b iy gcl g r ey tcl l iy ix pcl p r iy sh iy ey dx ih dcl d h#, ɪ n i k̚ k ɑ n t̚ t ɹ ɨ b̚ b j ʉ ʃ ɨ n z w l̩ b̚ b i ɡ̚ ɡ ɹ eɪ t̚ l i ɨ p̚ p ɹ i ʃ i eɪ ɾ ɪ d̚ d 
/home/isaac/Projects/Thesis/data/timit/data/TRAIN/DR2/MJBG0/SI1862.WAV,h# w iy l pcl p ey y ux bcl b ae kcl k q ih f y uw l eh dx ah s h#, w i l p̚ p eɪ j ʉ b̚ b æ k̚ k ʔ ɪ f j u l ɛ ɾ ʌ s 
/home/isaac/Projects/Thesis/data/timit/data/TRAIN/DR2/MJBG0/SX332.WAV,h# t aa dcl p l ey s tcl t tcl t aa pcl p r ay ao axr dx iy q aa n gcl g eh dx ih ng hv ih z bcl b ay kcl k f ih kcl k s tcl t h#, t ɑ d̚ p l eɪ s t̚ t t̚ t ɑ p̚ p ɹ aɪ ɔ ɚ ɾ i ʔ ɑ n ɡ̚ ɡ ɛ ɾ ɪ ŋ ɦ ɪ z b̚ b aɪ k̚ k f ɪ k̚ k s t̚ t 
/home/isaac/Projects/Thesis/data/timit/data/TRAIN/DR2/MRCW0/SX201.WAV,h# ax pcl p r ow tcl ch er q ih nx er v y ux w ix s tcl t ae tcl ch uw eh s kcl k em pcl p ow zh axr h#, ə p̚ p ɹ oʊ t̚ tʃ ɝ ʔ ɪ ɾ̃ ɝ v j ʉ w ɨ s t̚ t æ t̚ tʃ u ɛ s k̚ k m̩ p̚ p oʊ ʒ ɚ 
/home/isaac/Projects/Thesis/data/timit/data/TRAIN/DR2/MRCW0/SX381.WAV,h# w iy w eh l kcl k ax m eh n iy n ux s tcl t ux dx en t s iy tcl ch ih axr h#, w i w ɛ l k̚ k ə m ɛ n i n ʉ s t̚ t ʉ ɾ n̩ t s i t̚ tʃ ɪ ɚ 
/home/isaac/Projects/Thesis/data/timit/data/TRAIN/DR2/MRCW0/SX291.WAV,h# dh iy ae v ax l ae n tcl ch tcl t r ih gcl er dx ax m ay nx axr q er th kcl k w ey kcl k h#, ð i æ v ə l æ n t̚ tʃ t̚ t ɹ ɪ ɡ̚ ɝ ɾ ə m aɪ ɾ̃ ɚ ʔ ɝ θ k̚ k w eɪ k̚ k 
/home/isaac/Projects/Thesis/data/timit/data/TRAIN/DR2/MRCW0/SX111.WAV,h# hh ih s ah dx en dcl d ix pcl p aa r tcl ch axr sh aa kcl dh ix kcl k ey ax s tcl h#, h ɪ s ʌ ɾ n̩ d̚ d ɨ p̚ p ɑ ɹ t̚ tʃ ɚ ʃ ɑ k̚ ð ɨ k̚ k eɪ ə s t̚ 
/home/isaac/Projects/Thesis/data/timit/data/TRAIN/DR2/MRCW0/SI741.WAV,h# ih n dh ax w ih n tcl t er pau hh ax bcl b aa tcl ch iy ix n dh ix kcl k ih tcl ch ix n q ao r gcl g r ih l ow v axr dh ax l ao gcl g z ax v dh ax f ay axr pcl p l ey s h#, ɪ n ð ə w ɪ n t̚ t ɝ  h ə b̚ b ɑ t̚ tʃ i ɨ n ð ɨ k̚ k ɪ t̚ tʃ ɨ n ʔ ɔ ɹ ɡ̚ ɡ ɹ ɪ l oʊ v ɚ ð ə l ɔ ɡ̚ ɡ z ə v ð ə f aɪ ɚ p̚ p l eɪ s 
/home/isaac/Projects/Thesis/data/timit/data/TRAIN/DR2/MRCW0/SX21.WAV,h# ae l f ae l f ax q ix z hh eh l th iy f axr y ax h#, æ l f æ l f ə ʔ ɨ z h ɛ l θ i f ɚ j ə 
/home/isaac/Projects/Thesis/data/timit/data/TRAIN/DR2/MRCW0/SI2001.WAV,h# w axr l ao s tcl t ax n bcl b er nx ix ng ah pcl p ao r eh dcl d iy pau sh iy bcl b ih dx aw tcl t eh n s l ix h#, w ɚ l ɔ s t̚ t ə n b̚ b ɝ ɾ̃ ɨ ŋ ʌ p̚ p ɔ ɹ ɛ d̚ d i  ʃ i b̚ b ɪ ɾ aʊ t̚ t ɛ n s l ɨ 
/home/isaac/Projects/Thesis/data/timit/data/TRAIN/DR2/MRCW0/SI1371.WAV,h# t ux y ux z dh iy z n ux w ey z en dcl d ey l iy l ay f ix z dh ax l ae s tcl t eh pcl h#, t ʉ j ʉ z ð i z n ʉ w eɪ z n̩ d̚ d eɪ l i l aɪ f ɨ z ð ə l æ s t̚ t ɛ p̚ 
/home/isaac/Projects/Thesis/data/timit/data/TRAIN/DR2/MMGK0/SI1322.WAV,h# dh ih s epi m ey bcl b iy ix v ow v axr r ay dx ix ng ih m pcl p ao r tcl en s ix n kcl k ix n s ix dx axr ix ng m ih l ax tcl t er iy ix bcl jh eh kcl t ix v z h#, ð ɪ s  m eɪ b̚ b i ɨ v oʊ v ɚ ɹ aɪ ɾ ɨ ŋ ɪ m p̚ p ɔ ɹ t̚ n̩ s ɨ n k̚ k ɨ n s ɨ ɾ ɚ ɨ ŋ m ɪ l ə t̚ t ɝ i ɨ b̚ dʒ ɛ k̚ t ɨ v z 
/home/isaac/Projects/Thesis/data/timit/data/TRAIN/DR2/MMGK0/SX242.WAV,h# m ey ix ao r dx er axr s tcl t r ao bcl er ix s ah n d ey ae f tcl t axr ay iy tcl d ih nx axr h#, m eɪ ɨ ɔ ɹ ɾ ɝ ɚ s t̚ t ɹ ɔ b̚ ɝ ɨ s ʌ n d eɪ æ f t̚ t ɚ aɪ i t̚ d ɪ ɾ̃ ɚ 
/home/isaac/Projects/Thesis/data/timit/data/TRAIN/DR2/MMGK0/SX152.WAV,h# s kcl k iy dx ix z ih gcl g z ih s tcl t ix n w ao r m hv y ux m ix dcl k l ay m ih tcl t s h#, s k̚ k i ɾ ɨ z ɪ ɡ̚ ɡ z ɪ s t̚ t ɨ n w ɔ ɹ m ɦ j ʉ m ɨ d̚ k l aɪ m ɪ t̚ t s 
/home/isaac/Projects/Thesis/data/timit/data/TRAIN/DR2/MMGK0/SI692.WAV,h# w ay s ix dcl dh ih tcl t iy tcl ch er q aa r tcl dh aw s ax l ey tcl h#, w aɪ s ɨ d̚ ð ɪ t̚ t i t̚ tʃ ɝ ʔ ɑ ɹ t̚ ð aʊ s ə l eɪ t̚ 
/home/isaac/Projects/Thesis/data/timit/data/TRAIN/DR2/MMGK0/SX422.WAV,h# w ah n sh f ih nx ix sh gcl g r iy s ix ng y axr tcl ch ey n pau b iy sh er dx axr w aa sh th er ax l ih h#, w ʌ n ʃ f ɪ ɾ̃ ɨ ʃ ɡ̚ ɡ ɹ i s ɨ ŋ j ɚ t̚ tʃ eɪ n  b i ʃ ɝ ɾ ɚ w ɑ ʃ θ ɝ ə l ɪ 
/home/isaac/Projects/Thesis/data/timit/data/TRAIN/DR2/MMGK0/SX62.WAV,h# q eh nx iy kcl k aa n tcl t axr bcl b ux sh en z el bcl b iy gcl g r ey q l iy ix pcl p r iy sh ih ey dx ix dcl h#, ʔ ɛ ɾ̃ i k̚ k ɑ n t̚ t ɚ b̚ b ʉ ʃ n̩ z l̩ b̚ b i ɡ̚ ɡ ɹ eɪ ʔ l i ɨ p̚ p ɹ i ʃ ɪ eɪ ɾ ɨ d̚ 
/home/isaac/Projects/Thesis/data/timit/data/TRAIN/DR2/MMGK0/SX332.WAV,h# t aa dcl p l ey s tcl t aa pcl p r ay ao axr dx iy ih ng g eh dx ix ng ix z bcl b ay kcl f ih kcl k s tcl t h#, t ɑ d̚ p l eɪ s t̚ t ɑ p̚ p ɹ aɪ ɔ ɚ ɾ i ɪ ŋ ɡ ɛ ɾ ɨ ŋ ɨ z b̚ b aɪ k̚ f ɪ k̚ k s t̚ t 
/home/isaac/Projects/Thesis/data/timit/data/TRAIN/DR2/MMGK0/SI1952.WAV,h# w er gcl g ow ih ng s ah m pcl p l ey s h#, w ɝ ɡ̚ ɡ oʊ ɪ ŋ s ʌ m p̚ p l eɪ s 
/home/isaac/Projects/Thesis/data/timit/data/TRAIN/DR2/FHLM0/SX120.WAV,h# dh ix kcl k ay ow dx iy pau b aa bcl k ae q ix n hv ay iy n ah q aa r w ay l dcl d q ae nx ax m el z h#, ð ɨ k̚ k aɪ oʊ ɾ i  b ɑ b̚ k æ ʔ ɨ n ɦ aɪ i n ʌ ʔ ɑ ɹ w aɪ l d̚ d ʔ æ ɾ̃ ə m l̩ z 
/home/isaac/Projects/Thesis/data/timit/data/TRAIN/DR2/FHLM0/SX300.WAV,h# q ah m iy bcl b ah s tcl ch ey n tcl sh ey pcl k aa n tcl t s tcl t ah n q l iy h#, ʔ ʌ m i b̚ b ʌ s t̚ tʃ eɪ n t̚ ʃ eɪ p̚ k ɑ n t̚ t s t̚ t ʌ n ʔ l i 
/home/isaac/Projects/Thesis/data/timit/data/TRAIN/DR2/FHLM0/SI930.WAV,h# w eh n dcl d ih dcl d w ih m ih n bcl b iy gcl g ih n tcl t ux ix s er tcl dh ix m s eh l v s eh kcl sh uw el iy h#, w ɛ n d̚ d ɪ d̚ d w ɪ m ɪ n b̚ b i ɡ̚ ɡ ɪ n t̚ t ʉ ɨ s ɝ t̚ ð ɨ m s ɛ l v s ɛ k̚ ʃ u l̩ i 
/home/isaac/Projects/Thesis/data/timit/data/TRAIN/DR2/FHLM0/SX210.WAV,h# jh eh f s tcl t oy gcl g ow kcl k aa r tcl t pau n eh v axr w er kcl k tcl t h#, dʒ ɛ f s t̚ t ɔɪ ɡ̚ ɡ oʊ k̚ k ɑ ɹ t̚ t  n ɛ v ɚ w ɝ k̚ k t̚ t 
/home/isaac/Projects/Thesis/data/timit/data/TRAIN/DR2/FHLM0/SI2190.WAV,h# n aa y ux n ow sh ix kcl k uh dx ah v bcl b uh tcl sh iy q ih z ix n tcl dh eh tcl k ay n ix v gcl g er l h#, n ɑ j ʉ n oʊ ʃ ɨ k̚ k ʊ ɾ ʌ v b̚ b ʊ t̚ ʃ i ʔ ɪ z ɨ n t̚ ð ɛ t̚ k aɪ n ɨ v ɡ̚ ɡ ɝ l 
/home/isaac/Projects/Thesis/data/timit/data/TRAIN/DR2/FHLM0/SX349.WAV,h# dh ix pcl p r iy s kcl k uw l er kcl k uh dx en tcl v er bcl b el ay z hv axr f iy l ih ng z q ax-h bcl b aw tcl dh iy ix m er dcl jh ix n s iy kcl k ix n dcl d ih sh ix n z h#, ð ɨ p̚ p ɹ i s k̚ k u l ɝ k̚ k ʊ ɾ n̩ t̚ v ɝ b̚ b l̩ aɪ z ɦ ɚ f i l ɪ ŋ z ʔ ə̥ b̚ b aʊ t̚ ð i ɨ m ɝ d̚ dʒ ɨ n s i k̚ k ɨ n d̚ d ɪ ʃ ɨ n z 
/home/isaac/Projects/Thesis/data/timit/data/TRAIN/DR2/FHLM0/SX390.WAV,h# hh iy pcl p ih kcl d ah pcl n ay n pcl p eh axr z q ax v s aa kcl k s f axr q iy tcl ch bcl b r ah dh axr h#, h i p̚ p ɪ k̚ d ʌ p̚ n aɪ n p̚ p ɛ ɚ z ʔ ə v s ɑ k̚ k s f ɚ ʔ i t̚ tʃ b̚ b ɹ ʌ ð ɚ 
/home/isaac/Projects/Thesis/data/timit/data/TRAIN/DR2/FHLM0/SI1560.WAV,h# l iy v m iy y er ix dcl d r eh s h#, l i v m i j ɝ ɨ d̚ d ɹ ɛ s 
/home/isaac/Projects/Thesis/data/timit/data/TRAIN/DR2/MJMA0/SX235.WAV,h# ay ay dx ix m ay z q ao l ax kcl k aw n tcl t s ix n m ay ey dcl jh ix n s iy h#, aɪ aɪ ɾ ɨ m aɪ z ʔ ɔ l ə k̚ k aʊ n t̚ t s ɨ n m aɪ eɪ d̚ dʒ ɨ n s i 
/home/isaac/Projects/Thesis/data/timit/data/TRAIN/DR2/MJMA0/SX325.WAV,h# dh ax f uh l m uw n sh ow n bcl b r ay q l iy dh ae tcl n ay tcl h#, ð ə f ʊ l m u n ʃ oʊ n b̚ b ɹ aɪ ʔ l i ð æ t̚ n aɪ t̚ 
/home/isaac/Projects/Thesis/data/timit/data/TRAIN/DR2/MJMA0/SI865.WAV,h# n iy dh axr aa r bcl b eh dcl d z th ey n kcl k s tcl t uw eh r m ae tcl t r ix s ih z en s l iy pcl p iy ng bcl b ae gcl g z h#, n i ð ɚ ɑ ɹ b̚ b ɛ d̚ d z θ eɪ n k̚ k s t̚ t u ɛ ɹ m æ t̚ t ɹ ɨ s ɪ z n̩ s l i p̚ p i ŋ b̚ b æ ɡ̚ ɡ z 
/home/isaac/Projects/Thesis/data/timit/data/TRAIN/DR2/MJMA0/SX415.WAV,h# m ux v dh ih gcl g aa r bcl b ix dcl jh epi n ih er tcl t ix dh ax l aa r dcl jh w ih n dcl d ow h#, m ʉ v ð ɪ ɡ̚ ɡ ɑ ɹ b̚ b ɨ d̚ dʒ  n ɪ ɝ t̚ t ɨ ð ə l ɑ ɹ d̚ dʒ w ɪ n d̚ d oʊ 
/home/isaac/Projects/Thesis/data/timit/data/TRAIN/DR2/MJMA0/SI2125.WAV,h# hh ih z bcl b l ae kcl k hh ae q w ix dh ix tcl t s epi w ay dcl b r ih m pau hh ay kcl k r aw n pau ax n f er tcl t r ih m r ow dcl d hv ay h#, h ɪ z b̚ b l æ k̚ k h æ ʔ w ɨ ð ɨ t̚ t s  w aɪ d̚ b ɹ ɪ m  h aɪ k̚ k ɹ aʊ n  ə n f ɝ t̚ t ɹ ɪ m ɹ oʊ d̚ d ɦ aɪ 
/home/isaac/Projects/Thesis/data/timit/data/TRAIN/DR2/MJMA0/SI1495.WAV,h# t uw gcl g ae s l ae m pcl p s epi w axr n ow m ao r dh eh nx ix m ih s l iy dx iy ng gcl g l ow h#, t u ɡ̚ ɡ æ s l æ m p̚ p s  w ɚ n oʊ m ɔ ɹ ð ɛ ɾ̃ ɨ m ɪ s l i ɾ i ŋ ɡ̚ ɡ l oʊ 
/home/isaac/Projects/Thesis/data/timit/data/TRAIN/DR2/MJMA0/SX55.WAV,h# dh ax l ae kcl k ah v hh iy tcl k aa m pcl p aw n dcl d ix dcl dh ix tcl t eh n ix n tcl t s gcl g r iy v ix n s ix s h#, ð ə l æ k̚ k ʌ v h i t̚ k ɑ m p̚ p aʊ n d̚ d ɨ d̚ ð ɨ t̚ t ɛ n ɨ n t̚ t s ɡ̚ ɡ ɹ i v ɨ n s ɨ s 
/home/isaac/Projects/Thesis/data/timit/data/TRAIN/DR2/MJMA0/SX145.WAV,h# t uw m ah tcl ch kcl k ih r iy aa s ix dx iy kcl k ix ng gcl g eh q y ux ih n tcl t uh tcl t r ah bcl b el h#, t u m ʌ t̚ tʃ k̚ k ɪ ɹ i ɑ s ɨ ɾ i k̚ k ɨ ŋ ɡ̚ ɡ ɛ ʔ j ʉ ɪ n t̚ t ʊ t̚ t ɹ ʌ b̚ b l̩ 
/home/isaac/Projects/Thesis/data/timit/data/TRAIN/DR2/MRLR0/SI1196.WAV,h# hh iy hv ae dx ix kcl k ao r dx ih ng l iy kcl k ah l tcl t ax v ey dx ix dcl d q eh kcl k s eh n tcl t r ih s dcl d iy tcl t uw dh ax pcl p oy n d ax v s eh kcl k ix n ey tcl ch axr h#, h i ɦ æ ɾ ɨ k̚ k ɔ ɹ ɾ ɪ ŋ l i k̚ k ʌ l t̚ t ə v eɪ ɾ ɨ d̚ d ʔ ɛ k̚ k s ɛ n t̚ t ɹ ɪ s d̚ d i t̚ t u ð ə p̚ p ɔɪ n d ə v s ɛ k̚ k ɨ n eɪ t̚ tʃ ɚ 
/home/isaac/Projects/Thesis/data/timit/data/TRAIN/DR2/MRLR0/SI1826.WAV,h# ih l uh kcl s l ay kcl k w iy dcl d ih dcl d pau w ax n w ix m ey dcl b l ae s tcl d aw n h#, ɪ l ʊ k̚ s l aɪ k̚ k w i d̚ d ɪ d̚ d  w ə n w ɨ m eɪ d̚ b l æ s t̚ d aʊ n 
/home/isaac/Projects/Thesis/data/timit/data/TRAIN/DR2/MRLR0/SX206.WAV,h# w eh n pcl p iy l ih n ih n ao axr n dcl jh ix dx ix z hh aa r dcl n ah tcl t ax-h s pcl p r ey dcl jh ux s h#, w ɛ n p̚ p i l ɪ n ɪ n ɔ ɚ n d̚ dʒ ɨ ɾ ɨ z h ɑ ɹ d̚ n ʌ t̚ t ə̥ s p̚ p ɹ eɪ d̚ dʒ ʉ s 
/home/isaac/Projects/Thesis/data/timit/data/TRAIN/DR2/MRLR0/SI566.WAV,h# k aa n tcl t r ae s tcl t r ih m pcl p axr v ay dcl z q ah dh er tcl t ah tcl ch ix z ax v kcl k ah l axr h#, k ɑ n t̚ t ɹ æ s t̚ t ɹ ɪ m p̚ p ɚ v aɪ d̚ z ʔ ʌ ð ɝ t̚ t ʌ t̚ tʃ ɨ z ə v k̚ k ʌ l ɚ 
/home/isaac/Projects/Thesis/data/timit/data/TRAIN/DR2/MRLR0/SX26.WAV,h# m ow s tcl t y ah ng r ay z q er l iy q eh v r ix m ao r nx ix ng h#, m oʊ s t̚ t j ʌ ŋ ɹ aɪ z ʔ ɝ l i ʔ ɛ v ɹ ɨ m ɔ ɹ ɾ̃ ɨ ŋ 
/home/isaac/Projects/Thesis/data/timit/data/TRAIN/DR2/MRLR0/SX386.WAV,h# w ih tcl ch tcl ch er ch dcl d ux dh ix s m ih s epi w er sh ix pcl p ih n h#, w ɪ t̚ tʃ t̚ tʃ ɝ tʃ d̚ d ʉ ð ɨ s m ɪ s  w ɝ ʃ ɨ p̚ p ɪ n 
/home/isaac/Projects/Thesis/data/timit/data/TRAIN/DR2/MRLR0/SX116.WAV,h# k l ae s pcl p dh ax s kcl k r uw ax n y axr l eh f tcl t hh ae n dcl d h#, k l æ s p̚ p ð ə s k̚ k ɹ u ə n j ɚ l ɛ f t̚ t h æ n d̚ d 
/home/isaac/Projects/Thesis/data/timit/data/TRAIN/DR2/MRLR0/SX296.WAV,h# dh ax tcl t uw q aa r dx ix s tcl t ix kcl k s tcl ch ey n dcl jh dcl d ao dx ix gcl r ae f s h#, ð ə t̚ t u ʔ ɑ ɹ ɾ ɨ s t̚ t ɨ k̚ k s t̚ tʃ eɪ n d̚ dʒ d̚ d ɔ ɾ ɨ ɡ̚ ɹ æ f s 
/home/isaac/Projects/Thesis/data/timit/data/TRAIN/DR2/MPRB0/SX125.WAV,h# w eh s tcl ch eh s axr q ih z ey kcl k aw n iy q ix n ux y ao r kcl k h#, w ɛ s t̚ tʃ ɛ s ɚ ʔ ɪ z eɪ k̚ k aʊ n i ʔ ɨ n ʉ j ɔ ɹ k̚ k 
/home/isaac/Projects/Thesis/data/timit/data/TRAIN/DR2/MPRB0/SI1205.WAV,h# b ax w iy aa r q n tcl g oy ng tcl t ax-h l eh tcl ch ix gcl g ih v hv ih m eh n iy h#, b ə w i ɑ ɹ ʔ n t̚ ɡ ɔɪ ŋ t̚ t ə̥ l ɛ t̚ tʃ ɨ ɡ̚ ɡ ɪ v ɦ ɪ m ɛ n i 
/home/isaac/Projects/Thesis/data/timit/data/TRAIN/DR2/MPRB0/SI575.WAV,h# hh iy dcl d eh z ax n q w ah n tcl hv er tcl t ax l uh kcl k f r aw n ix ng l iy q ae tcl hv ih m ao r s pcl p iy kcl pau t ux hv ih m q ae ng g axr l iy h#, h i d̚ d ɛ z ə n ʔ w ʌ n t̚ ɦ ɝ t̚ t ə l ʊ k̚ k f ɹ aʊ n ɨ ŋ l i ʔ æ t̚ ɦ ɪ m ɔ ɹ s p̚ p i k̚  t ʉ ɦ ɪ m ʔ æ ŋ ɡ ɚ l i 
/home/isaac/Projects/Thesis/data/timit/data/TRAIN/DR2/MPRB0/SX215.WAV,h# dh ix s axr m ix n q eh m f ix s ay z dcl dh ix n iy dcl f ao r q ax f er m ix tcl t ix v ae kcl k sh ix n h#, ð ɨ s ɚ m ɨ n ʔ ɛ m f ɨ s aɪ z d̚ ð ɨ n i d̚ f ɔ ɹ ʔ ə f ɝ m ɨ t̚ t ɨ v æ k̚ k ʃ ɨ n 
/home/isaac/Projects/Thesis/data/timit/data/TRAIN/DR2/MPRB0/SX35.WAV,h# hh eh l pcl s eh l ax bcl b r ey tcl y axr bcl b r ah dh axr s ix kcl k s eh s h#, h ɛ l p̚ s ɛ l ə b̚ b ɹ eɪ t̚ j ɚ b̚ b ɹ ʌ ð ɚ s ɨ k̚ k s ɛ s 
/home/isaac/Projects/Thesis/data/timit/data/TRAIN/DR2/MPRB0/SI1215.WAV,h# dh ih s tcl t r ux th dh eh tcl dh ax m ao r el l ao q ih z n ae tcl t r ax l hv ae z q ah dh axr q ix m pcl p ao r en tcl k ao r ax l eh r iy z h#, ð ɪ s t̚ t ɹ ʉ θ ð ɛ t̚ ð ə m ɔ ɹ l̩ l ɔ ʔ ɪ z n æ t̚ t ɹ ə l ɦ æ z ʔ ʌ ð ɚ ʔ ɨ m p̚ p ɔ ɹ n̩ t̚ k ɔ ɹ ə l ɛ ɹ i z 
/home/isaac/Projects/Thesis/data/timit/data/TRAIN/DR2/MPRB0/SX305.WAV,h# k aa dx iy dcl sh tcl ch iy z w ax th tcl ch ay v z ix z dcl d ax l ih sh ix s h#, k ɑ ɾ i d̚ ʃ t̚ tʃ i z w ə θ t̚ tʃ aɪ v z ɨ z d̚ d ə l ɪ ʃ ɨ s 
/home/isaac/Projects/Thesis/data/timit/data/TRAIN/DR2/MPRB0/SX395.WAV,h# ay tcl t uh kcl k hh axr w er dcl d f ao r ih tcl pau b ax tcl t ih sh iy r ih l iy gcl g ow ix ng w ih th y ux h#, aɪ t̚ t ʊ k̚ k h ɚ w ɝ d̚ d f ɔ ɹ ɪ t̚  b ə t̚ t ɪ ʃ i ɹ ɪ l i ɡ̚ ɡ oʊ ɨ ŋ w ɪ θ j ʉ 
/home/isaac/Projects/Thesis/data/timit/data/TRAIN/DR2/MDEM0/SX248.WAV,h# r iy dx iy ng ih n pcl p ao r l ay tcl g ih v zh y uw q ay s tcl t r ey n h#, ɹ i ɾ i ŋ ɪ n p̚ p ɔ ɹ l aɪ t̚ ɡ ɪ v ʒ j u ʔ aɪ s t̚ t ɹ eɪ n 
/home/isaac/Projects/Thesis/data/timit/data/TRAIN/DR2/MDEM0/SI608.WAV,h# dh ih s pcl p aa s ax-h bcl b ih l ih dx iy ix z q eh nx iy th ih ng bcl b ah tcl r iy ix sh er ix ng h#, ð ɪ s p̚ p ɑ s ə̥ b̚ b ɪ l ɪ ɾ i ɨ z ʔ ɛ ɾ̃ i θ ɪ ŋ b̚ b ʌ t̚ ɹ i ɨ ʃ ɝ ɨ ŋ 
/home/isaac/Projects/Thesis/data/timit/data/TRAIN/DR2/MDEM0/SX158.WAV,h# dh ix dcl d r ah n kcl k er dcl d ih z ey s ow sh ax l q aw tcl k ae s tcl t h#, ð ɨ d̚ d ɹ ʌ n k̚ k ɝ d̚ d ɪ z eɪ s oʊ ʃ ə l ʔ aʊ t̚ k æ s t̚ t 
/home/isaac/Projects/Thesis/data/timit/data/TRAIN/DR2/MDEM0/SI1868.WAV,h# dh ey n iy dh er gcl g ey n dcl d pau n ao r f eh l bcl b ae kcl k h#, ð eɪ n i ð ɝ ɡ̚ ɡ eɪ n d̚ d  n ɔ ɹ f ɛ l b̚ b æ k̚ k 
/home/isaac/Projects/Thesis/data/timit/data/TRAIN/DR2/MDEM0/SX428.WAV,h# ax kcl k r ae bcl ch ae l ax n jh dcl m iy pau b ah dx ix kcl k w ih kcl s tcl t ae bcl v ae ng kcl k w ix sh tcl t ih m h#, ə k̚ k ɹ æ b̚ tʃ æ l ə n dʒ d̚ m i  b ʌ ɾ ɨ k̚ k w ɪ k̚ s t̚ t æ b̚ v æ ŋ k̚ k w ɨ ʃ t̚ t ɪ m 
/home/isaac/Projects/Thesis/data/timit/data/TRAIN/DR2/MDEM0/SX68.WAV,h# q ah pcl g r ey dcl d y er s tcl t ae dx ix s tcl t ax-h r iy f l eh kcl ch er w ah l th h#, ʔ ʌ p̚ ɡ ɹ eɪ d̚ d j ɝ s t̚ t æ ɾ ɨ s t̚ t ə̥ ɹ i f l ɛ k̚ tʃ ɝ w ʌ l θ 
/home/isaac/Projects/Thesis/data/timit/data/TRAIN/DR2/MDEM0/SX338.WAV,h# dh ax dcl d aa r kcl k pau m er kcl k iy l ax gcl g ux n pau w aw n dcl d axr r aw n dcl f axr m ay l s h#, ð ə d̚ d ɑ ɹ k̚ k  m ɝ k̚ k i l ə ɡ̚ ɡ ʉ n  w aʊ n d̚ d ɚ ɹ aʊ n d̚ f ɚ m aɪ l s 
/home/isaac/Projects/Thesis/data/timit/data/TRAIN/DR2/MDEM0/SI800.WAV,h# dh ih s ih pcl p l ih s tcl k ay n dcl d ix v s eh pcl p r ix tcl s ih s tcl t ah m y ux z ix z ey s ih ng gcl g el s ah l f kcl k en tcl t ey n dcl d pau y ux n ih tcl t h#, ð ɪ s ɪ p̚ p l ɪ s t̚ k aɪ n d̚ d ɨ v s ɛ p̚ p ɹ ɨ t̚ s ɪ s t̚ t ʌ m j ʉ z ɨ z eɪ s ɪ ŋ ɡ̚ ɡ l̩ s ʌ l f k̚ k n̩ t̚ t eɪ n d̚ d  j ʉ n ɪ t̚ t 
/home/isaac/Projects/Thesis/data/timit/data/TRAIN/DR2/MDMT0/SX392.WAV,h# q ah y ah ng m aw epi s kcl k ae m pcl p axr dx ix kcl k r ao s dh ax f iy l dcl ix n dcl d ix s ax pcl p iy r dcl d h#, ʔ ʌ j ʌ ŋ m aʊ  s k̚ k æ m p̚ p ɚ ɾ ɨ k̚ k ɹ ɔ s ð ə f i l d̚ ɨ n d̚ d ɨ s ə p̚ p i ɹ d̚ d 
/home/isaac/Projects/Thesis/data/timit/data/TRAIN/DR2/MDMT0/SI2341.WAV,h# y eh s y eh s epi w el l eh tcl y ux n ow h#, j ɛ s j ɛ s  w l̩ l ɛ t̚ j ʉ n oʊ 
/home/isaac/Projects/Thesis/data/timit/data/TRAIN/DR2/MDMT0/SX212.WAV,h# q ay gcl g ey v dh ix m s eh v r ix l tcl ch oy s ix z ax n l eh tcl dh eh m s eh tcl dh ix pcl p r ay ao r dx iy z h#, ʔ aɪ ɡ̚ ɡ eɪ v ð ɨ m s ɛ v ɹ ɨ l t̚ tʃ ɔɪ s ɨ z ə n l ɛ t̚ ð ɛ m s ɛ t̚ ð ɨ p̚ p ɹ aɪ ɔ ɹ ɾ i z 
/home/isaac/Projects/Thesis/data/timit/data/TRAIN/DR2/MDMT0/SX302.WAV,h# t ow f ux q ix z epi m ey dcl f axr m pcl p r aa s ix s oy bcl b iy n z h#, t oʊ f ʉ ʔ ɨ z  m eɪ d̚ f ɚ m p̚ p ɹ ɑ s ɨ s ɔɪ b̚ b i n z 
/home/isaac/Projects/Thesis/data/timit/data/TRAIN/DR2/MDMT0/SI1832.WAV,h# y eh r ay tcl n aw bcl b ah dx iy h#, j ɛ ɹ aɪ t̚ n aʊ b̚ b ʌ ɾ i 
/home/isaac/Projects/Thesis/data/timit/data/TRAIN/DR2/MDMT0/SI572.WAV,h# s ow ix ng bcl b r ih ng z n ah m n ix s epi r ay tcl s pau w ah tcl m ey kcl s epi m ay hv ae n dcl s epi n ah m w eh n s ow ix ng h#, s oʊ ɨ ŋ b̚ b ɹ ɪ ŋ z n ʌ m n ɨ s  ɹ aɪ t̚ s  w ʌ t̚ m eɪ k̚ s  m aɪ ɦ æ n d̚ s  n ʌ m w ɛ n s oʊ ɨ ŋ 
/home/isaac/Projects/Thesis/data/timit/data/TRAIN/DR2/MDMT0/SX32.WAV,h# ix tcl t s f ah n dcl ax r ow s tcl m aa r sh m eh l z aa nx ax gcl g ae s bcl b er nx axr h#, ɨ t̚ t s f ʌ n d̚ ə ɹ oʊ s t̚ m ɑ ɹ ʃ m ɛ l z ɑ ɾ̃ ə ɡ̚ ɡ æ s b̚ b ɝ ɾ̃ ɚ 
/home/isaac/Projects/Thesis/data/timit/data/TRAIN/DR2/MDMT0/SX122.WAV,h# ih n s ay kcl l ax pcl p iy dx iy eh s eh l tcl t ix m pcl p r ix z eh n tcl t epi q ae nx ix kcl d ow l tcl t el q eh v ix dx ix n tcl s h#, ɪ n s aɪ k̚ l ə p̚ p i ɾ i ɛ s ɛ l t̚ t ɨ m p̚ p ɹ ɨ z ɛ n t̚ t  ʔ æ ɾ̃ ɨ k̚ d oʊ l t̚ t l̩ ʔ ɛ v ɨ ɾ ɨ n t̚ s 
/home/isaac/Projects/Thesis/data/timit/data/TRAIN/DR2/MMAA0/SX125.WAV,h# w eh s tcl ch eh s tcl t er pau q ix z ix kcl k aw n iy ix n ux y ao r kcl k h#, w ɛ s t̚ tʃ ɛ s t̚ t ɝ  ʔ ɨ z ɨ k̚ k aʊ n i ɨ n ʉ j ɔ ɹ k̚ k 
/home/isaac/Projects/Thesis/data/timit/data/TRAIN/DR2/MMAA0/SI1588.WAV,h# t ix bcl b iy pcl p ae s ix v pau t ix bcl b iy gcl g er l ih sh l iy sh ay q w uh z pcl p ae l pcl p l ax bcl b l iy ix bcl b s er dcl d h#, t ɨ b̚ b i p̚ p æ s ɨ v  t ɨ b̚ b i ɡ̚ ɡ ɝ l ɪ ʃ l i ʃ aɪ ʔ w ʊ z p̚ p æ l p̚ p l ə b̚ b l i ɨ b̚ b s ɝ d̚ d 
/home/isaac/Projects/Thesis/data/timit/data/TRAIN/DR2/MMAA0/SI845.WAV,h# b ah tcl t ux kcl k ix n tcl t ix n y ux tcl t ix dcl d ih v ao r s ax dcl v ae n s tcl t ux ih n s f axr m r iy aa l ax dcl d iy q ix z q ix n ix kcl s kcl k y ux z ix bcl b el h#, b ʌ t̚ t ʉ k̚ k ɨ n t̚ t ɨ n j ʉ t̚ t ɨ d̚ d ɪ v ɔ ɹ s ə d̚ v æ n s t̚ t ʉ ɪ n s f ɚ m ɹ i ɑ l ə d̚ d i ʔ ɨ z ʔ ɨ n ɨ k̚ s k̚ k j ʉ z ɨ b̚ b l̩ 
/home/isaac/Projects/Thesis/data/timit/data/TRAIN/DR2/MMAA0/SX215.WAV,h# dh ix s er m en eh m v ax s ay z dh ix n iy dcl d f ao r axr f er m dcl d ix v ae kcl sh ix n h#, ð ɨ s ɝ m n̩ ɛ m v ə s aɪ z ð ɨ n i d̚ d f ɔ ɹ ɚ f ɝ m d̚ d ɨ v æ k̚ ʃ ɨ n 
/home/isaac/Projects/Thesis/data/timit/data/TRAIN/DR2/MMAA0/SX35.WAV,h# hh eh l pcl p s eh l ax bcl b r ey tcl y er bcl b r ah dh er s ix kcl s eh s h#, h ɛ l p̚ p s ɛ l ə b̚ b ɹ eɪ t̚ j ɝ b̚ b ɹ ʌ ð ɝ s ɨ k̚ s ɛ s 
/home/isaac/Projects/Thesis/data/timit/data/TRAIN/DR2/MMAA0/SX305.WAV,h# k aa dx ih zh tcl ch iy z w ix dh tcl ch ay z ax-h z dcl d ax-h l ih sh ix s h#, k ɑ ɾ ɪ ʒ t̚ tʃ i z w ɨ ð t̚ tʃ aɪ z ə̥ z d̚ d ə̥ l ɪ ʃ ɨ s 
/home/isaac/Projects/Thesis/data/timit/data/TRAIN/DR2/MMAA0/SX395.WAV,h# q ay tcl t uh kcl k hh er w er dcl d f ao axr tcl pau b ax dx ih sh iy r ih l ih gcl g ow ih ng w ih th y uw h#, ʔ aɪ t̚ t ʊ k̚ k h ɝ w ɝ d̚ d f ɔ ɚ t̚  b ə ɾ ɪ ʃ i ɹ ɪ l ɪ ɡ̚ ɡ oʊ ɪ ŋ w ɪ θ j u 
/home/isaac/Projects/Thesis/data/timit/data/TRAIN/DR2/MMAA0/SI2105.WAV,h# ih gcl g ey v er ax l ux dcl d w iy ng kcl k iy n ix f eh kcl t h#, ɪ ɡ̚ ɡ eɪ v ɝ ə l ʉ d̚ d w i ŋ k̚ k i n ɨ f ɛ k̚ t 
/home/isaac/Projects/Thesis/data/timit/data/TRAIN/DR2/MDPS0/SI1979.WAV,h# w iy w er q ao f dh ax r ow dcl d pau g l iy m ix ng pau b aa r bcl w ay er pau p uh l ix ng tcl t ao q h#, w i w ɝ ʔ ɔ f ð ə ɹ oʊ d̚ d  ɡ l i m ɨ ŋ  b ɑ ɹ b̚ w aɪ ɝ  p ʊ l ɨ ŋ t̚ t ɔ ʔ 
/home/isaac/Projects/Thesis/data/timit/data/TRAIN/DR2/MDPS0/SI719.WAV,h# ih n d ih s tcl t r iy q ih n tcl t r ih s tcl t ix n epi s ey f tcl t iy gcl g ow z iy v ix n f aa r dh axr h#, ɪ n d ɪ s t̚ t ɹ i ʔ ɪ n t̚ t ɹ ɪ s t̚ t ɨ n  s eɪ f t̚ t i ɡ̚ ɡ oʊ z i v ɨ n f ɑ ɹ ð ɚ 
/home/isaac/Projects/Thesis/data/timit/data/TRAIN/DR2/MDPS0/SX269.WAV,h# d ux q ey tcl t ih pcl p ax kcl k el f aa r m axr z gcl g r ow q ow tcl t s h#, d ʉ ʔ eɪ t̚ t ɪ p̚ p ə k̚ k l̩ f ɑ ɹ m ɚ z ɡ̚ ɡ ɹ oʊ ʔ oʊ t̚ t s 
/home/isaac/Projects/Thesis/data/timit/data/TRAIN/DR2/MDPS0/SX89.WAV,h# ih tcl s hv aa r dcl t ux tcl t eh l ax n axr r ih dcl jh ix n el pau f ax m ax f ao r dcl jh axr iy h#, ɪ t̚ s ɦ ɑ ɹ d̚ t ʉ t̚ t ɛ l ə n ɚ ɹ ɪ d̚ dʒ ɨ n l̩  f ə m ə f ɔ ɹ d̚ dʒ ɚ i 
/home/isaac/Projects/Thesis/data/timit/data/TRAIN/DR2/MDPS0/SI1651.WAV,h# sh iy l uh kcl t ih q m iy pcl p r ax v aa kcl k ix dx ix v l iy h#, ʃ i l ʊ k̚ t ɪ ʔ m i p̚ p ɹ ə v ɑ k̚ k ɨ ɾ ɨ v l i 
/home/isaac/Projects/Thesis/data/timit/data/TRAIN/DR2/MDPS0/SX179.WAV,h# w iy kcl k uh bcl b eh r l iy s iy dh ix f y ao r dcl z pau th r ux dh ix s epi n ow f l er iy z h#, w i k̚ k ʊ b̚ b ɛ ɹ l i s i ð ɨ f j ɔ ɹ d̚ z  θ ɹ ʉ ð ɨ s  n oʊ f l ɝ i z 
/home/isaac/Projects/Thesis/data/timit/data/TRAIN/DR2/MDPS0/SX449.WAV,h# r aw f pcl p r iy pcl p eh r dcl r eh dcl d s epi n ae pcl p axr w ix dh f r eh sh l eh m ax n s ao s f axr dcl d ih n axr h#, ɹ aʊ f p̚ p ɹ i p̚ p ɛ ɹ d̚ ɹ ɛ d̚ d s  n æ p̚ p ɚ w ɨ ð f ɹ ɛ ʃ l ɛ m ə n s ɔ s f ɚ d̚ d ɪ n ɚ 
/home/isaac/Projects/Thesis/data/timit/data/TRAIN/DR2/MDPS0/SX359.WAV,h# dh ix s ih s tcl t ix m ey bcl b r ey kcl d aw n s ux n pau s ow s ey v y er f ay l z f r iy kcl k w ax n q l iy h#, ð ɨ s ɪ s t̚ t ɨ m eɪ b̚ b ɹ eɪ k̚ d aʊ n s ʉ n  s oʊ s eɪ v j ɝ f aɪ l z f ɹ i k̚ k w ə n ʔ l i 
/home/isaac/Projects/Thesis/data/timit/data/TRAIN/DR2/FDAS1/SI1461.WAV,h# m eh zh er dcl p axr f ao r m ix n s kcl k eh r ix kcl t axr ih s tcl t ix kcl k s f axr dh ih s ix kcl k s pcl p er ix m eh n el tcl t ux bcl b q w uh bcl b iy l ih s tcl t eh dcl h#, m ɛ ʒ ɝ d̚ p ɚ f ɔ ɹ m ɨ n s k̚ k ɛ ɹ ɨ k̚ t ɚ ɪ s t̚ t ɨ k̚ k s f ɚ ð ɪ s ɨ k̚ k s p̚ p ɝ ɨ m ɛ n l̩ t̚ t ʉ b̚ b ʔ w ʊ b̚ b i l ɪ s t̚ t ɛ d̚ 
/home/isaac/Projects/Thesis/data/timit/data/TRAIN/DR2/FDAS1/SX201.WAV,h# q ax pcl p r ow tcl ch y er ih n er v y ux w ix th s tcl t ae tcl ch uw eh s kcl k em pcl p ow zh er h#, ʔ ə p̚ p ɹ oʊ t̚ tʃ j ɝ ɪ n ɝ v j ʉ w ɨ θ s t̚ t æ t̚ tʃ u ɛ s k̚ k m̩ p̚ p oʊ ʒ ɝ 
/home/isaac/Projects/Thesis/data/timit/data/TRAIN/DR2/FDAS1/SX381.WAV,h# w iy w eh l kcl k ax m eh n iy n ux s tcl t ux dcl en s q iy tcl ch y ih er h#, w i w ɛ l k̚ k ə m ɛ n i n ʉ s t̚ t ʉ d̚ n̩ s ʔ i t̚ tʃ j ɪ ɝ 
/home/isaac/Projects/Thesis/data/timit/data/TRAIN/DR2/FDAS1/SX291.WAV,h# dh ix q ae v el l ae n tcl ch tcl t r ih gcl er dx ax m ay n er q er th kcl k w ey kcl k h#, ð ɨ ʔ æ v l̩ l æ n t̚ tʃ t̚ t ɹ ɪ ɡ̚ ɝ ɾ ə m aɪ n ɝ ʔ ɝ θ k̚ k w eɪ k̚ k 
/home/isaac/Projects/Thesis/data/timit/data/TRAIN/DR2/FDAS1/SX111.WAV,h# hh ix s ah dcl en dcl d ix pcl p aa r tcl ch er sh aa kcl dh ix kcl k ae s tcl t h#, h ɨ s ʌ d̚ n̩ d̚ d ɨ p̚ p ɑ ɹ t̚ tʃ ɝ ʃ ɑ k̚ ð ɨ k̚ k æ s t̚ t 
/home/isaac/Projects/Thesis/data/timit/data/TRAIN/DR2/FDAS1/SX21.WAV,h# ae l f ae l f ah ih z hh eh l th iy f axr y ux h#, æ l f æ l f ʌ ɪ z h ɛ l θ i f ɚ j ʉ 
/home/isaac/Projects/Thesis/data/timit/data/TRAIN/DR2/FDAS1/SI831.WAV,h# s ax l eh kcl t iy ng bcl b ah ng kcl k s bcl b ay eh kcl k ix n aa m ix kcl k em pcl p er ix s ix nx ih zh ux zh uw ax l iy ih n q ih n dcl d ix v ih dcl jh uw el pcl p r aa bcl b l ax m h#, s ə l ɛ k̚ t i ŋ b̚ b ʌ ŋ k̚ k s b̚ b aɪ ɛ k̚ k ɨ n ɑ m ɨ k̚ k m̩ p̚ p ɝ ɨ s ɨ ɾ̃ ɪ ʒ ʉ ʒ u ə l i ɪ n ʔ ɪ n d̚ d ɨ v ɪ d̚ dʒ u l̩ p̚ p ɹ ɑ b̚ b l ə m 
/home/isaac/Projects/Thesis/data/timit/data/TRAIN/DR2/FDAS1/SI2091.WAV,h# n ow tcl t eh m pcl t ey sh eh n pau n ow v er tcl ch ux h#, n oʊ t̚ t ɛ m p̚ t eɪ ʃ ɛ n  n oʊ v ɝ t̚ tʃ ʉ 
/home/isaac/Projects/Thesis/data/timit/data/TRAIN/DR2/MSAT0/SX356.WAV,h# d ay ae n m ey s pcl p l er dcl jh ix m bcl b ay tcl t er kcl k w oy z n eh kcl k l ih s h#, d aɪ æ n m eɪ s p̚ p l ɝ d̚ dʒ ɨ m b̚ b aɪ t̚ t ɝ k̚ k w ɔɪ z n ɛ k̚ k l ɪ s 
/home/isaac/Projects/Thesis/data/timit/data/TRAIN/DR2/MSAT0/SX176.WAV,h# b ay ix ng ah th er ax bcl b r eh dcl hv ao r s r ix kcl k w eh axr z q ix n tcl t uw ih sh ix nx ix n eh kcl k s pcl p axr tcl t iy s h#, b aɪ ɨ ŋ ʌ θ ɝ ə b̚ b ɹ ɛ d̚ ɦ ɔ ɹ s ɹ ɨ k̚ k w ɛ ɚ z ʔ ɨ n t̚ t u ɪ ʃ ɨ ɾ̃ ɨ n ɛ k̚ k s p̚ p ɚ t̚ t i s 
/home/isaac/Projects/Thesis/data/timit/data/TRAIN/DR2/MSAT0/SI2156.WAV,h# hh ix z f ih ng axr z f eh l tcl t ah bcl s er dcl d l ih th ih kcl k ix n kcl k l ah m z iy h#, h ɨ z f ɪ ŋ ɚ z f ɛ l t̚ t ʌ b̚ s ɝ d̚ d l ɪ θ ɪ k̚ k ɨ n k̚ k l ʌ m z i 
/home/isaac/Projects/Thesis/data/timit/data/TRAIN/DR2/MSAT0/SX266.WAV,h# w ix th r ao q ow l iy ix z epi m ah tcl ch epi m ah nx iy ix z iy n iy dcl d h#, w ɨ θ ɹ ɔ ʔ oʊ l i ɨ z  m ʌ t̚ tʃ  m ʌ ɾ̃ i ɨ z i n i d̚ d 
/home/isaac/Projects/Thesis/data/timit/data/TRAIN/DR2/MSAT0/SI896.WAV,h# ih dx ih z epi w eh l ay kcl b ay dh ix tcl ch ih l dcl d r ax nx ix n f ae kcl k el tcl t ix h#, ɪ ɾ ɪ z  w ɛ l aɪ k̚ b aɪ ð ɨ t̚ tʃ ɪ l d̚ d ɹ ə ɾ̃ ɨ n f æ k̚ k l̩ t̚ t ɨ 
/home/isaac/Projects/Thesis/data/timit/data/TRAIN/DR2/MSAT0/SI1526.WAV,h# b oy y axr s tcl t er ix nx er l iy pau ax s l iy pcl p iy v oy s eh dcl d h#, b ɔɪ j ɚ s t̚ t ɝ ɨ ɾ̃ ɝ l i  ə s l i p̚ p i v ɔɪ s ɛ d̚ d 
/home/isaac/Projects/Thesis/data/timit/data/TRAIN/DR2/MSAT0/SX86.WAV,h# hh ax-h s pcl p ae nx ih kcl k ah s sh ux m z axr kcl k w ay tcl k ah l axr f uh l h#, h ə̥ s p̚ p æ ɾ̃ ɪ k̚ k ʌ s ʃ ʉ m z ɚ k̚ k w aɪ t̚ k ʌ l ɚ f ʊ l 
/home/isaac/Projects/Thesis/data/timit/data/TRAIN/DR2/MSAT0/SX446.WAV,h# t aa m ax s th ih ng s ah l aa r dcl jh axr kcl k l ae m pcl p s ah l v z dh ax pcl p r aa bcl b l ax em h#, t ɑ m ə s θ ɪ ŋ s ʌ l ɑ ɹ d̚ dʒ ɚ k̚ k l æ m p̚ p s ʌ l v z ð ə p̚ p ɹ ɑ b̚ b l ə m̩ 
/home/isaac/Projects/Thesis/data/timit/data/TRAIN/DR2/FMMH0/SX97.WAV,h# p eh ng w ix n z epi l ix v n iy axr dh ah q ay s iy ae n aa r dx ix kcl k h#, p ɛ ŋ w ɨ n z  l ɨ v n i ɚ ð ʌ ʔ aɪ s i æ n ɑ ɹ ɾ ɨ k̚ k 
/home/isaac/Projects/Thesis/data/timit/data/TRAIN/DR2/FMMH0/SX7.WAV,h# n ah th ih ng ix q ih z q ae z q ax f eh n s ih v epi ae z q ix n eh s epi en epi s h#, n ʌ θ ɪ ŋ ɨ ʔ ɪ z ʔ æ z ʔ ə f ɛ n s ɪ v  æ z ʔ ɨ n ɛ s  n̩  s 
/home/isaac/Projects/Thesis/data/timit/data/TRAIN/DR2/FMMH0/SX187.WAV,h# dh ey aa f ix ng gcl g ow aw dx ih n dh iy q iy v n ix ng h#, ð eɪ ɑ f ɨ ŋ ɡ̚ ɡ oʊ aʊ ɾ ɪ n ð i ʔ i v n ɨ ŋ 
/home/isaac/Projects/Thesis/data/timit/data/TRAIN/DR2/FMMH0/SX367.WAV,h# dh ax s er pcl p l ah sh ux z epi w axr s ow l dx ax q eh dx ih dcl d ih s kcl k aw n tcl p r ay s h#, ð ə s ɝ p̚ p l ʌ ʃ ʉ z  w ɚ s oʊ l ɾ ə ʔ ɛ ɾ ɪ d̚ d ɪ s k̚ k aʊ n t̚ p ɹ aɪ s 
/home/isaac/Projects/Thesis/data/timit/data/TRAIN/DR2/FMMH0/SI2167.WAV,h# ey s m ay l pcl p uh l dcl d q eh tcl dh ax l ow axr s tcl t r ih pcl p ax v epi ih dcl d hh iy s ix v tcl t ey pcl p h#, eɪ s m aɪ l p̚ p ʊ l d̚ d ʔ ɛ t̚ ð ə l oʊ ɚ s t̚ t ɹ ɪ p̚ p ə v  ɪ d̚ d h i s ɨ v t̚ t eɪ p̚ p 
/home/isaac/Projects/Thesis/data/timit/data/TRAIN/DR2/FMMH0/SX420.WAV,h# s iy m s tcl t r ih s ih z ix tcl t ae tcl ch z ih pcl p er z w ih dh ah th ih m bcl b uh l n iy dx ix l ae n dcl th r eh dcl d h#, s i m s t̚ t ɹ ɪ s ɪ z ɨ t̚ t æ t̚ tʃ z ɪ p̚ p ɝ z w ɪ ð ʌ θ ɪ m b̚ b ʊ l n i ɾ ɨ l æ n d̚ θ ɹ ɛ d̚ d 
/home/isaac/Projects/Thesis/data/timit/data/TRAIN/DR2/FMMH0/SI907.WAV,h# s ah m hv aw w iy q ow l dcl t ay m axr z epi n eh v axr f ih gcl g y axr dx ax w ix w ix dx eh v axr r iy tcl t ay axr h#, s ʌ m ɦ aʊ w i ʔ oʊ l d̚ t aɪ m ɚ z  n ɛ v ɚ f ɪ ɡ̚ ɡ j ɚ ɾ ə w ɨ w ɨ ɾ ɛ v ɚ ɹ i t̚ t aɪ ɚ 
/home/isaac/Projects/Thesis/data/timit/data/TRAIN/DR2/FMMH0/SI1537.WAV,h# q ih q w ix dcl b iy w eh l tcl t ux sh ow dh ax pcl p aa pcl p y ux l ix s hh aw w iy dcl d iy l w ix dh q ax dcl d ah l tcl t axr axr z h#, ʔ ɪ ʔ w ɨ d̚ b i w ɛ l t̚ t ʉ ʃ oʊ ð ə p̚ p ɑ p̚ p j ʉ l ɨ s h aʊ w i d̚ d i l w ɨ ð ʔ ə d̚ d ʌ l t̚ t ɚ ɚ z 
/home/isaac/Projects/Thesis/data/timit/data/TRAIN/DR2/FLMA0/SI1873.WAV,h# r ah nx iy ng r aw n ih n ax m uw n l ay tcl ao l m ow s tcl n ey kcl k ix dx ix n s l ah gcl g iy ng ix m ae n w ax th ax r aa kcl k h#, ɹ ʌ ɾ̃ i ŋ ɹ aʊ n ɪ n ə m u n l aɪ t̚ ɔ l m oʊ s t̚ n eɪ k̚ k ɨ ɾ ɨ n s l ʌ ɡ̚ ɡ i ŋ ɨ m æ n w ə θ ə ɹ ɑ k̚ k 
/home/isaac/Projects/Thesis/data/timit/data/TRAIN/DR2/FLMA0/SX253.WAV,h# b ay q iy dx iy ng y ow gcl g er q y m ey l ih v l ao ng gcl g axr h#, b aɪ ʔ i ɾ i ŋ j oʊ ɡ̚ ɡ ɝ ʔ j m eɪ l ɪ v l ɔ ŋ ɡ̚ ɡ ɚ 
/home/isaac/Projects/Thesis/data/timit/data/TRAIN/DR2/FLMA0/SX73.WAV,h# k l ih f s dcl d ix s pcl p l ey w ax z m ax-h s pcl p l ey s tcl t ah n ax s kcl k r iy n h#, k l ɪ f s d̚ d ɨ s p̚ p l eɪ w ə z m ə̥ s p̚ p l eɪ s t̚ t ʌ n ə s k̚ k ɹ i n 
/home/isaac/Projects/Thesis/data/timit/data/TRAIN/DR2/FLMA0/SX343.WAV,h# dh ax f r ay q en ch ay l dcl w ax z dcl jh eh q l iy s ax-h bcl d ux dcl b ay ix z bcl b ih gcl b r ah dh axr h#, ð ə f ɹ aɪ ʔ n̩ tʃ aɪ l d̚ w ə z d̚ dʒ ɛ ʔ l i s ə̥ b̚ d ʉ d̚ b aɪ ɨ z b̚ b ɪ ɡ̚ b ɹ ʌ ð ɚ 
/home/isaac/Projects/Thesis/data/timit/data/TRAIN/DR2/FLMA0/SI1243.WAV,h# ay dcl d iy ih z ah dh ax th r uw w ey tcl t ix n ow w eh er h#, aɪ d̚ d i ɪ z ʌ ð ə θ ɹ u w eɪ t̚ t ɨ n oʊ w ɛ ɝ 
/home/isaac/Projects/Thesis/data/timit/data/TRAIN/DR2/FLMA0/SX163.WAV,h# dh ih r axr m ey n dcl d l ay f l ao ng f r eh n z en kcl k em pcl p ae n y ix n z h#, ð ɪ ɹ ɚ m eɪ n d̚ d l aɪ f l ɔ ŋ f ɹ ɛ n z n̩ k̚ k m̩ p̚ p æ n j ɨ n z 
/home/isaac/Projects/Thesis/data/timit/data/TRAIN/DR2/FLMA0/SX433.WAV,h# dh iy ow v axr w ey tcl ch aa r m axr kcl k uh dcl d s l ih pcl p oy z en ih n tcl t q eh nx iy w ax n z tcl t iy h#, ð i oʊ v ɚ w eɪ t̚ tʃ ɑ ɹ m ɚ k̚ k ʊ d̚ d s l ɪ p̚ p ɔɪ z n̩ ɪ n t̚ t ʔ ɛ ɾ̃ i w ə n z t̚ t i 
/home/isaac/Projects/Thesis/data/timit/data/TRAIN/DR2/FLMA0/SI613.WAV,h# w ah nx ah pcl m ix n sh ih pcl p ix z pcl p r ae kcl t ix s tcl b ay bcl b ow th s ay dcl z ix n ax tcl t ow el w ao r h#, w ʌ ɾ̃ ʌ p̚ m ɨ n ʃ ɪ p̚ p ɨ z p̚ p ɹ æ k̚ t ɨ s t̚ b aɪ b̚ b oʊ θ s aɪ d̚ z ɨ n ə t̚ t oʊ l̩ w ɔ ɹ 
/home/isaac/Projects/Thesis/data/timit/data/TRAIN/DR2/MRAB0/SI594.WAV,h# dh ix tcl t r ay ax bcl b el ux n z aa r ax f l ow tcl t h#, ð ɨ t̚ t ɹ aɪ ə b̚ b l̩ ʉ n z ɑ ɹ ə f l oʊ t̚ t 
/home/isaac/Projects/Thesis/data/timit/data/TRAIN/DR2/MRAB0/SX234.WAV,h# dh pcl p ey pcl p axr bcl b oy bcl b ao tcl t ux ae pcl p el z ix n th r iy ay s ix z h#, ð p̚ p eɪ p̚ p ɚ b̚ b ɔɪ b̚ b ɔ t̚ t ʉ æ p̚ p l̩ z ɨ n θ ɹ i aɪ s ɨ z 
/home/isaac/Projects/Thesis/data/timit/data/TRAIN/DR2/MRAB0/SX54.WAV,h# dh iy q iy s tcl t axr n kcl k ow s ix z ax-h pcl p l ey s f axr pcl p y er pcl p l eh zh axr nx ix kcl k s ay q m ax n tcl t h#, ð i ʔ i s t̚ t ɚ n k̚ k oʊ s ɨ z ə̥ p̚ p l eɪ s f ɚ p̚ p j ɝ p̚ p l ɛ ʒ ɚ ɾ̃ ɨ k̚ k s aɪ ʔ m ə n t̚ t 
/home/isaac/Projects/Thesis/data/timit/data/TRAIN/DR2/MRAB0/SX144.WAV,h# dh ax w ih l ax w iy w uh m ix n w ao r q ax m eh s kcl k r ae q k ow tcl t h#, ð ə w ɪ l ə w i w ʊ m ɨ n w ɔ ɹ ʔ ə m ɛ s k̚ k ɹ æ ʔ k oʊ t̚ t 
/home/isaac/Projects/Thesis/data/timit/data/TRAIN/DR2/MRAB0/SI1854.WAV,h# hh ix axr m eh m axr dcl dh ax l ae s tcl t ay m hv iy hv ix dx iy q en pau q ae kcl sh ux ax l eh gcl z f r ax m ax n q ae kcl sh ax-h el pcl p ae n h#, h ɨ ɚ m ɛ m ɚ d̚ ð ə l æ s t̚ t aɪ m ɦ i ɦ ɨ ɾ i ʔ n̩  ʔ æ k̚ ʃ ʉ ə l ɛ ɡ̚ z f ɹ ə m ə n ʔ æ k̚ ʃ ə̥ l̩ p̚ p æ n 
/home/isaac/Projects/Thesis/data/timit/data/TRAIN/DR2/MRAB0/SX324.WAV,h# dh ax l ow kcl k el dcl d r ah gcl s tcl t ao r w ix z tcl ch aa r jh dcl d w ix th q ih l iy gcl g el iy dcl d ix s pcl p eh n s ix ng tcl t r ae n kcl k w el ay z axr z h#, ð ə l oʊ k̚ k l̩ d̚ d ɹ ʌ ɡ̚ s t̚ t ɔ ɹ w ɨ z t̚ tʃ ɑ ɹ dʒ d̚ d w ɨ θ ʔ ɪ l i ɡ̚ ɡ l̩ i d̚ d ɨ s p̚ p ɛ n s ɨ ŋ t̚ t ɹ æ n k̚ k w l̩ aɪ z ɚ z 
/home/isaac/Projects/Thesis/data/timit/data/TRAIN/DR2/MRAB0/SX414.WAV,h# q ay r ih sh y ah ng s tcl t axr z q iy tcl t f r eh sh kcl k ih pcl p axr z f axr bcl b r eh kcl k f ix s tcl t h#, ʔ aɪ ɹ ɪ ʃ j ʌ ŋ s t̚ t ɚ z ʔ i t̚ t f ɹ ɛ ʃ k̚ k ɪ p̚ p ɚ z f ɚ b̚ b ɹ ɛ k̚ k f ɨ s t̚ t 
/home/isaac/Projects/Thesis/data/timit/data/TRAIN/DR2/MRAB0/SI1224.WAV,h# dh ix s ih z n eh v axr dh ax l eh s ax m ay n ao axr dx iy v y ux h#, ð ɨ s ɪ z n ɛ v ɚ ð ə l ɛ s ə m aɪ n ɔ ɚ ɾ i v j ʉ 
/home/isaac/Projects/Thesis/data/timit/data/TRAIN/DR2/MJHI0/SX248.WAV,h# r iy dx iy ix m pcl p ao r l ay q g ih v zh ux q ay s tcl t r ey n h#, ɹ i ɾ i ɨ m p̚ p ɔ ɹ l aɪ ʔ ɡ ɪ v ʒ ʉ ʔ aɪ s t̚ t ɹ eɪ n 
/home/isaac/Projects/Thesis/data/timit/data/TRAIN/DR2/MJHI0/SI698.WAV,h# dh ix kcl k r ay s ih z l ey dx axr ao n w ix n dcl d eh tcl s iy m ax bcl b aw q tcl t uw q ow v ax w eh l m iy h#, ð ɨ k̚ k ɹ aɪ s ɪ z l eɪ ɾ ɚ ɔ n w ɨ n d̚ d ɛ t̚ s i m ə b̚ b aʊ ʔ t̚ t u ʔ oʊ v ə w ɛ l m i 
/home/isaac/Projects/Thesis/data/timit/data/TRAIN/DR2/MJHI0/SX158.WAV,h# dh ix dcl d r ah ng kcl k axr dx ih z ix s ow sh ax l aw q kcl k ae s tcl t h#, ð ɨ d̚ d ɹ ʌ ŋ k̚ k ɚ ɾ ɪ z ɨ s oʊ ʃ ə l aʊ ʔ k̚ k æ s t̚ t 
/home/isaac/Projects/Thesis/data/timit/data/TRAIN/DR2/MJHI0/SX428.WAV,h# q ey kcl k r ae bcl ch ae l ix n jh dcl m iy pau b ax dx ey kcl k w ih kcl k s tcl t ae bcl v ae ng kcl k w ax-h sh tcl t ix m h#, ʔ eɪ k̚ k ɹ æ b̚ tʃ æ l ɨ n dʒ d̚ m i  b ə ɾ eɪ k̚ k w ɪ k̚ k s t̚ t æ b̚ v æ ŋ k̚ k w ə̥ ʃ t̚ t ɨ m 
/home/isaac/Projects/Thesis/data/timit/data/TRAIN/DR2/MJHI0/SI555.WAV,h# q ow n l iy q ih n dcl jh ih n uw ax tcl t iy w el ah n kcl k ah v axr ix tcl h#, ʔ oʊ n l i ʔ ɪ n d̚ dʒ ɪ n u ə t̚ t i w l̩ ʌ n k̚ k ʌ v ɚ ɨ t̚ 
/home/isaac/Projects/Thesis/data/timit/data/TRAIN/DR2/MJHI0/SI1328.WAV,h# ih dx ih z pcl p aa s ax-h bcl el tcl t ix m ey kcl ey pau f y ux dcl jh eh nx axr el ay z ey sh en z ax bcl b aw tcl dh ax s ih kcl k s dcl jh ay ix n tcl s pau dh ix m s eh l v s h#, ɪ ɾ ɪ z p̚ p ɑ s ə̥ b̚ l̩ t̚ t ɨ m eɪ k̚ eɪ  f j ʉ d̚ dʒ ɛ ɾ̃ ɚ l̩ aɪ z eɪ ʃ n̩ z ə b̚ b aʊ t̚ ð ə s ɪ k̚ k s d̚ dʒ aɪ ɨ n t̚ s  ð ɨ m s ɛ l v s 
/home/isaac/Projects/Thesis/data/timit/data/TRAIN/DR2/MJHI0/SX68.WAV,h# q ah pcl p gcl g r ey dcl jh axr s tcl t ae dx ix s tcl t ax r iy f l eh kcl ch axr w eh l th h#, ʔ ʌ p̚ p ɡ̚ ɡ ɹ eɪ d̚ dʒ ɚ s t̚ t æ ɾ ɨ s t̚ t ə ɹ i f l ɛ k̚ tʃ ɚ w ɛ l θ 
/home/isaac/Projects/Thesis/data/timit/data/TRAIN/DR2/MJHI0/SX338.WAV,h# dh ix dcl d aa r kcl m er kcl iy l ix gcl g uw n pau w aw n d axr r aw n dcl f axr m ay l z h#, ð ɨ d̚ d ɑ ɹ k̚ m ɝ k̚ i l ɨ ɡ̚ ɡ u n  w aʊ n d ɚ ɹ aʊ n d̚ f ɚ m aɪ l z 
/home/isaac/Projects/Thesis/data/timit/data/TRAIN/DR2/FTMG0/SI902.WAV,h# dh ix s ao r s ix z n ow n s ow dh ih r ix z n ow n ix s eh s ix dx iy dx iy r axr m ux v q ix n s eh kcl t ix s ay dcl r eh z ix dcl d ux z h#, ð ɨ s ɔ ɹ s ɨ z n oʊ n s oʊ ð ɪ ɹ ɨ z n oʊ n ɨ s ɛ s ɨ ɾ i ɾ i ɹ ɚ m ʉ v ʔ ɨ n s ɛ k̚ t ɨ s aɪ d̚ ɹ ɛ z ɨ d̚ d ʉ z 
/home/isaac/Projects/Thesis/data/timit/data/TRAIN/DR2/FTMG0/SX452.WAV,h# q ix n dcl d ix v eh l pcl p iy ng f ih l m ih nx iy tcl t aa kcl k s ix kcl k eh m ax kcl k el z aa r y ux z dcl d h#, ʔ ɨ n d̚ d ɨ v ɛ l p̚ p i ŋ f ɪ l m ɪ ɾ̃ i t̚ t ɑ k̚ k s ɨ k̚ k ɛ m ə k̚ k l̩ z ɑ ɹ j ʉ z d̚ d 
/home/isaac/Projects/Thesis/data/timit/data/TRAIN/DR2/FTMG0/SX92.WAV,h# q ix l aa r dcl jh hh aw s hh ow l dcl n iy dcl z l aa tcl s ax v ax pcl p l ay ix n tcl s ix z h#, ʔ ɨ l ɑ ɹ d̚ dʒ h aʊ s h oʊ l d̚ n i d̚ z l ɑ t̚ s ə v ə p̚ p l aɪ ɨ n t̚ s ɨ z 
/home/isaac/Projects/Thesis/data/timit/data/TRAIN/DR2/FTMG0/SX182.WAV,h# th ih kcl g l uw q ux z dcl d q aw dx ax dh ix tcl t ux bcl b h#, θ ɪ k̚ ɡ l u ʔ ʉ z d̚ d ʔ aʊ ɾ ə ð ɨ t̚ t ʉ b̚ b 
/home/isaac/Projects/Thesis/data/timit/data/TRAIN/DR2/FTMG0/SI1532.WAV,h# q iy dh er bcl b eh dx er n ao r w er s h#, ʔ i ð ɝ b̚ b ɛ ɾ ɝ n ɔ ɹ w ɝ s 
/home/isaac/Projects/Thesis/data/timit/data/TRAIN/DR2/FTMG0/SI2162.WAV,h# hh ih z v oy s iy m d th ih kcl k ih n pcl p er pcl p ix s epi l ih s h#, h ɪ z v ɔɪ s i m d θ ɪ k̚ k ɪ n p̚ p ɝ p̚ p ɨ s  l ɪ s 
/home/isaac/Projects/Thesis/data/timit/data/TRAIN/DR2/FTMG0/SX362.WAV,h# dh iy eh n oy ng r ae kcl k ux n s l ih pcl t ih n dcl ix f ih l z gcl g aa r dx en q eh v r iy n ay tcl h#, ð i ɛ n ɔɪ ŋ ɹ æ k̚ k ʉ n s l ɪ p̚ t ɪ n d̚ ɨ f ɪ l z ɡ̚ ɡ ɑ ɹ ɾ n̩ ʔ ɛ v ɹ i n aɪ t̚ 
/home/isaac/Projects/Thesis/data/timit/data/TRAIN/DR2/FTMG0/SX272.WAV,h# q ax l aw q iy tcl ch tcl ch ay l dcl t ix hv ae v ah n q ay s pcl p aa pcl p h#, ʔ ə l aʊ ʔ i t̚ tʃ t̚ tʃ aɪ l d̚ t ɨ ɦ æ v ʌ n ʔ aɪ s p̚ p ɑ p̚ p 
/home/isaac/Projects/Thesis/data/timit/data/TRAIN/DR2/MDLC2/SX264.WAV,h# w iy s ao q ey tcl t ay nx iy ay s ix kcl k el z bcl b l ow aa r uw f h#, w i s ɔ ʔ eɪ t̚ t aɪ ɾ̃ i aɪ s ɨ k̚ k l̩ z b̚ b l oʊ ɑ ɹ u f 
/home/isaac/Projects/Thesis/data/timit/data/TRAIN/DR2/MDLC2/SX174.WAV,h# dh ah hh ao n tcl t ih dcl d hh aw s w ax z ix hh ih tcl d ux dx ax q aw tcl s tcl t ae n dcl d iy n q ao dcl d iy ow v ih zh uw el ax f eh kcl k s h#, ð ʌ h ɔ n t̚ t ɪ d̚ d h aʊ s w ə z ɨ h ɪ t̚ d ʉ ɾ ə ʔ aʊ t̚ s t̚ t æ n d̚ d i n ʔ ɔ d̚ d i oʊ v ɪ ʒ u l̩ ə f ɛ k̚ k s 
/home/isaac/Projects/Thesis/data/timit/data/TRAIN/DR2/MDLC2/SI1614.WAV,h# dh ih s kcl k ih dcl d z f r ow z bcl b ae dcl d h#, ð ɪ s k̚ k ɪ d̚ d z f ɹ oʊ z b̚ b æ d̚ d 
/home/isaac/Projects/Thesis/data/timit/data/TRAIN/DR2/MDLC2/SX354.WAV,h# q ah l oy axr w ix z ix pcl p oy n tcl t ix dcl t ix q eh kcl k s ax-h kcl k y ux tcl t axr w eh l h#, ʔ ʌ l ɔɪ ɚ w ɨ z ɨ p̚ p ɔɪ n t̚ t ɨ d̚ t ɨ ʔ ɛ k̚ k s ə̥ k̚ k j ʉ t̚ t ɚ w ɛ l 
/home/isaac/Projects/Thesis/data/timit/data/TRAIN/DR2/MDLC2/SX444.WAV,h# dh ix tcl t aa dcl d l axr f aw n dcl d ah kcl k l ae m sh eh l n ix r dh ix kcl k ae m pcl p s ay tcl t h#, ð ɨ t̚ t ɑ d̚ d l ɚ f aʊ n d̚ d ʌ k̚ k l æ m ʃ ɛ l n ɨ ɹ ð ɨ k̚ k æ m p̚ p s aɪ t̚ t 
/home/isaac/Projects/Thesis/data/timit/data/TRAIN/DR2/MDLC2/SI984.WAV,h# s ix n tcl s ax f ao l axr bcl b l ow m ay dx ix v kcl k ao z ix tcl t ax kcl k ow l dcl p ae kcl k w ax z y ux zh l iy f er s tcl t ey dcl d h#, s ɨ n t̚ s ə f ɔ l ɚ b̚ b l oʊ m aɪ ɾ ɨ v k̚ k ɔ z ɨ t̚ t ə k̚ k oʊ l d̚ p æ k̚ k w ə z j ʉ ʒ l i f ɝ s t̚ t eɪ d̚ d 
/home/isaac/Projects/Thesis/data/timit/data/TRAIN/DR2/MDLC2/SX84.WAV,h# k w aa pcl p axr ey sh ix n ax l aa ng w ix th q ah nx axr s tcl t ae n dcl d iy n pau q ax l iy v iy ey tcl d ax-h s pcl p y ux tcl t h#, k w ɑ p̚ p ɚ eɪ ʃ ɨ n ə l ɑ ŋ w ɨ θ ʔ ʌ ɾ̃ ɚ s t̚ t æ n d̚ d i n  ʔ ə l i v i eɪ t̚ d ə̥ s p̚ p j ʉ t̚ t 
/home/isaac/Projects/Thesis/data/timit/data/TRAIN/DR2/MDLC2/SI2244.WAV,h# n ow bcl b uh dx iy l ay kcl k s epi n ey kcl k s h#, n oʊ b̚ b ʊ ɾ i l aɪ k̚ k s  n eɪ k̚ k s 
/home/isaac/Projects/Thesis/data/timit/data/TRAIN/DR2/MCTM0/SX450.WAV,h# r oy q ih gcl n ao r dcl dh ax-h s pcl p er iy ih s dcl d ae dx ax pcl p oy n tcl s q ih n dcl d r ah ix ng dh iy gcl g r ae f h#, ɹ ɔɪ ʔ ɪ ɡ̚ n ɔ ɹ d̚ ð ə̥ s p̚ p ɝ i ɪ s d̚ d æ ɾ ə p̚ p ɔɪ n t̚ s ʔ ɪ n d̚ d ɹ ʌ ɨ ŋ ð i ɡ̚ ɡ ɹ æ f 
/home/isaac/Projects/Thesis/data/timit/data/TRAIN/DR2/MCTM0/SI1350.WAV,h# ih tcl g ih v s ow sh el gcl g ay q en s ax n dcl d er eh kcl k sh ix n ix n m ey kcl k s f axr pcl p r ow gcl r ae m z ax v s ow sh el ae kcl sh en h#, ɪ t̚ ɡ ɪ v s oʊ ʃ l̩ ɡ̚ ɡ aɪ ʔ n̩ s ə n d̚ d ɝ ɛ k̚ k ʃ ɨ n ɨ n m eɪ k̚ k s f ɚ p̚ p ɹ oʊ ɡ̚ ɹ æ m z ə v s oʊ ʃ l̩ æ k̚ ʃ n̩ 
/home/isaac/Projects/Thesis/data/timit/data/TRAIN/DR2/MCTM0/SX270.WAV,h# q aa r hh aa l ix dcl d ey q ey pcl p r ix n z ix v ey l ax bcl b el tcl t uw ah s h#, ʔ ɑ ɹ h ɑ l ɨ d̚ d eɪ ʔ eɪ p̚ p ɹ ɨ n z ɨ v eɪ l ə b̚ b l̩ t̚ t u ʌ s 
/home/isaac/Projects/Thesis/data/timit/data/TRAIN/DR2/MCTM0/SI720.WAV,h# f ay l tcl t uh ix s epi m ux dh pau f ih n iy sh h#, f aɪ l t̚ t ʊ ɨ s  m ʉ ð  f ɪ n i ʃ 
/home/isaac/Projects/Thesis/data/timit/data/TRAIN/DR2/MCTM0/SX90.WAV,h# dh ax th ih ng kcl k er q ih z ax f ey m ax s kcl k ah l pcl p tcl ch axr h#, ð ə θ ɪ ŋ k̚ k ɝ ʔ ɪ z ə f eɪ m ə s k̚ k ʌ l p̚ p t̚ tʃ ɚ 
/home/isaac/Projects/Thesis/data/timit/data/TRAIN/DR2/MCTM0/SI1980.WAV,h# hh ay s ow ix tcl t ow n l iy bcl b aw n s hh aa r m l ax s l iy pau b ah tcl l aw l iy ah f ix kcl k aa r s tcl t iy l r uh f h#, h aɪ s oʊ ɨ t̚ t oʊ n l i b̚ b aʊ n s h ɑ ɹ m l ə s l i  b ʌ t̚ l aʊ l i ʌ f ɨ k̚ k ɑ ɹ s t̚ t i l ɹ ʊ f 
/home/isaac/Projects/Thesis/data/timit/data/TRAIN/DR2/MCTM0/SX180.WAV,h# q ah m ow s q ao l kcl k aa l ih dcl jh ix z pau hh axr n aw pau k ow ix dcl jh ux kcl k ey sh en el h#, ʔ ʌ m oʊ s ʔ ɔ l k̚ k ɑ l ɪ d̚ dʒ ɨ z  h ɚ n aʊ  k oʊ ɨ d̚ dʒ ʉ k̚ k eɪ ʃ n̩ l̩ 
/home/isaac/Projects/Thesis/data/timit/data/TRAIN/DR2/MCTM0/SX360.WAV,h# q ay ix s uw m oy s tcl ch axr w el dcl d ae m ih zh pau dh ih sh ih pcl p s hh ah l h#, ʔ aɪ ɨ s u m ɔɪ s t̚ tʃ ɚ w l̩ d̚ d æ m ɪ ʒ  ð ɪ ʃ ɪ p̚ p s h ʌ l 
/home/isaac/Projects/Thesis/data/timit/data/TRAIN/DR2/MJPM0/SI738.WAV,h# d ow n tcl p l ae n m iy l z dh ax dx axr tcl t ux kcl k aa m pcl p l ix kcl k ey dx ix dcl h#, d oʊ n t̚ p l æ n m i l z ð ə ɾ ɚ t̚ t ʉ k̚ k ɑ m p̚ p l ɨ k̚ k eɪ ɾ ɨ d̚ 
/home/isaac/Projects/Thesis/data/timit/data/TRAIN/DR2/MJPM0/SX378.WAV,h# q ay dcl jh uh s ao dcl jh ih m n ih r dh ix n uw aa r kcl k iy l aa dcl jh kcl k el m y ux z iy ix m h#, ʔ aɪ d̚ dʒ ʊ s ɔ d̚ dʒ ɪ m n ɪ ɹ ð ɨ n u ɑ ɹ k̚ k i l ɑ d̚ dʒ k̚ k l̩ m j ʉ z i ɨ m 
/home/isaac/Projects/Thesis/data/timit/data/TRAIN/DR2/MJPM0/SX18.WAV,h# q ae l ax m ow n iy hv aa r m z ix dcl d ix v ao r s tcl t m ae n z epi w eh l th h#, ʔ æ l ə m oʊ n i ɦ ɑ ɹ m z ɨ d̚ d ɨ v ɔ ɹ s t̚ t m æ n z  w ɛ l θ 
/home/isaac/Projects/Thesis/data/timit/data/TRAIN/DR2/MJPM0/SX108.WAV,h# hh ih s kcl k eh l pcl p w ax z bcl b l ih s axr dcl f r em tcl t ix dx ey z hh aa tcl s ah n h#, h ɪ s k̚ k ɛ l p̚ p w ə z b̚ b l ɪ s ɚ d̚ f ɹ m̩ t̚ t ɨ ɾ eɪ z h ɑ t̚ s ʌ n 
/home/isaac/Projects/Thesis/data/timit/data/TRAIN/DR2/MJPM0/SI1368.WAV,h# dh ax bcl b ae dx ih n ae v axr tcl ch ix v w ah n s ix kcl k s eh s ah dx ax v s eh v ix n q ih ng kcl k r iy s tcl t uw w ah nx aw dx ax v th r iy h#, ð ə b̚ b æ ɾ ɪ n æ v ɚ t̚ tʃ ɨ v w ʌ n s ɨ k̚ k s ɛ s ʌ ɾ ə v s ɛ v ɨ n ʔ ɪ ŋ k̚ k ɹ i s t̚ t u w ʌ ɾ̃ aʊ ɾ ə v θ ɹ i 
/home/isaac/Projects/Thesis/data/timit/data/TRAIN/DR2/MJPM0/SX198.WAV,h# n ao r w iy zh ix n s w eh dx er z axr m ey dx ix v l ae m z w uh l h#, n ɔ ɹ w i ʒ ɨ n s w ɛ ɾ ɝ z ɚ m eɪ ɾ ɨ v l æ m z w ʊ l 
/home/isaac/Projects/Thesis/data/timit/data/TRAIN/DR2/MJPM0/SX288.WAV,h# b r ah sh f ay er z ax r kcl k aa m ax n ix n dh ix dcl d r ay q ah n d axr bcl b r ah sh ax v n ax v ae dx ax h#, b ɹ ʌ ʃ f aɪ ɝ z ə ɹ k̚ k ɑ m ə n ɨ n ð ɨ d̚ d ɹ aɪ ʔ ʌ n d ɚ b̚ b ɹ ʌ ʃ ə v n ə v æ ɾ ə 
/home/isaac/Projects/Thesis/data/timit/data/TRAIN/DR2/MJPM0/SI1998.WAV,h# sh ix tcl t uh kcl k ih tcl g r ah dcl jh ix n l iy pau hh axr dcl d aa r kcl k ay z bcl b ey l f el ax z dh ey m eh tcl t hh ih z h#, ʃ ɨ t̚ t ʊ k̚ k ɪ t̚ ɡ ɹ ʌ d̚ dʒ ɨ n l i  h ɚ d̚ d ɑ ɹ k̚ k aɪ z b̚ b eɪ l f l̩ ə z ð eɪ m ɛ t̚ t h ɪ z 
/home/isaac/Projects/Thesis/data/timit/data/TRAIN/DR2/MTDB0/SX51.WAV,h# q ae m bcl b ix dcl d eh kcl s tcl t r ax s pcl p ix kcl p aa kcl k ix tcl s q ax kcl k aa m pcl p l ix sh epi m ao r h#, ʔ æ m b̚ b ɨ d̚ d ɛ k̚ s t̚ t ɹ ə s p̚ p ɨ k̚ p ɑ k̚ k ɨ t̚ s ʔ ə k̚ k ɑ m p̚ p l ɨ ʃ  m ɔ ɹ 
/home/isaac/Projects/Thesis/data/timit/data/TRAIN/DR2/MTDB0/SX141.WAV,h# p l eh dcl jh tcl t ax pcl p axr tcl t ix s ax pcl p ey tcl q ix n ax v aa dx ah z q ax kcl k w aa dx ix kcl k aa m pcl p ix tcl t ix sh en h#, p l ɛ d̚ dʒ t̚ t ə p̚ p ɚ t̚ t ɨ s ə p̚ p eɪ t̚ ʔ ɨ n ə v ɑ ɾ ʌ z ʔ ə k̚ k w ɑ ɾ ɨ k̚ k ɑ m p̚ p ɨ t̚ t ɨ ʃ n̩ 
/home/isaac/Projects/Thesis/data/timit/data/TRAIN/DR2/MTDB0/SI1401.WAV,h# hh iy hv ow l dcl d z dh ae gcl g uh dcl n ix s pau q eh n bcl b ae dcl n ix s pau l ay ix n f iy l iy ng z q ax v ax pcl p r uw v el q ao r dcl d ih s pcl p r uw v el h#, h i ɦ oʊ l d̚ d z ð æ ɡ̚ ɡ ʊ d̚ n ɨ s  ʔ ɛ n b̚ b æ d̚ n ɨ s  l aɪ ɨ n f i l i ŋ z ʔ ə v ə p̚ p ɹ u v l̩ ʔ ɔ ɹ d̚ d ɪ s p̚ p ɹ u v l̩ 
/home/isaac/Projects/Thesis/data/timit/data/TRAIN/DR2/MTDB0/SX321.WAV,h# dh ax gcl g r aw n dcl d hh ao gcl k l er l iy s ao ix sh ae dx ow bcl b ix tcl t s tcl t ey dx aw dx ow n l iy ax m ow m ix n tcl t h#, ð ə ɡ̚ ɡ ɹ aʊ n d̚ d h ɔ ɡ̚ k l ɝ l i s ɔ ɨ ʃ æ ɾ oʊ b̚ b ɨ t̚ t s t̚ t eɪ ɾ aʊ ɾ oʊ n l i ə m oʊ m ɨ n t̚ t 
/home/isaac/Projects/Thesis/data/timit/data/TRAIN/DR2/MTDB0/SX411.WAV,h# b ah dx axr s kcl k aa tcl ch f ah dcl jh gcl g ow z epi w eh l w ax th v ax n ix l ay s kcl k r ix m h#, b ʌ ɾ ɚ s k̚ k ɑ t̚ tʃ f ʌ d̚ dʒ ɡ̚ ɡ oʊ z  w ɛ l w ə θ v ə n ɨ l aɪ s k̚ k ɹ ɨ m 
/home/isaac/Projects/Thesis/data/timit/data/TRAIN/DR2/MTDB0/SI771.WAV,h# f ey s eh z pau m ey bcl b iy m ey dx ih n tcl t ix kcl k ae n dcl d el z bcl b ay f ix l iy ng w ix th m eh l tcl t ix dcl w ae kcl k s q ax n dcl d ix w ih kcl k h#, f eɪ s ɛ z  m eɪ b̚ b i m eɪ ɾ ɪ n t̚ t ɨ k̚ k æ n d̚ d l̩ z b̚ b aɪ f ɨ l i ŋ w ɨ θ m ɛ l t̚ t ɨ d̚ w æ k̚ k s ʔ ə n d̚ d ɨ w ɪ k̚ k 
/home/isaac/Projects/Thesis/data/timit/data/TRAIN/DR2/MTDB0/SX231.WAV,h# ay aa nx axr m ay m aa m h#, aɪ ɑ ɾ̃ ɚ m aɪ m ɑ m 
/home/isaac/Projects/Thesis/data/timit/data/TRAIN/DR2/MTDB0/SI2031.WAV,h# w ax dx eh v er y ux tcl t eh l hv ih m hh iy w ix l dcl d ay v h#, w ə ɾ ɛ v ɝ j ʉ t̚ t ɛ l ɦ ɪ m h i w ɨ l d̚ d aɪ v 
/home/isaac/Projects/Thesis/data/timit/data/TRAIN/DR2/MMDS0/SI1973.WAV,h# dh ax-h q eh nx ih m iy dcl d ih dcl n aa q v ih r h#, ð ə̥ ʔ ɛ ɾ̃ ɪ m i d̚ d ɪ d̚ n ɑ ʔ v ɪ ɹ 
/home/isaac/Projects/Thesis/data/timit/data/TRAIN/DR2/MMDS0/SX173.WAV,h# hh uw ah v axr kcl k w aa pcl p axr ey tcl s en f ay n ix ng n ae n z kcl k ae m iy ow w ax l bcl b iy r axr w ao r dx ix dcl d h#, h u ʌ v ɚ k̚ k w ɑ p̚ p ɚ eɪ t̚ s n̩ f aɪ n ɨ ŋ n æ n z k̚ k æ m i oʊ w ə l b̚ b i ɹ ɚ w ɔ ɹ ɾ ɨ d̚ d 
/home/isaac/Projects/Thesis/data/timit/data/TRAIN/DR2/MMDS0/SX263.WAV,h# hh q aw q oy l iy dcl d ix ux l ay kcl y axr s ae l ix dcl d r eh s epi eng h#, h ʔ aʊ ʔ ɔɪ l i d̚ d ɨ ʉ l aɪ k̚ j ɚ s æ l ɨ d̚ d ɹ ɛ s  ŋ̍ 
/home/isaac/Projects/Thesis/data/timit/data/TRAIN/DR2/MMDS0/SX353.WAV,h# q ax-h kcl k aa n ax s er w ax l ix n dcl jh oy dh ih s sh eh l f ih sh dcl d ih sh h#, ʔ ə̥ k̚ k ɑ n ə s ɝ w ə l ɨ n d̚ dʒ ɔɪ ð ɪ s ʃ ɛ l f ɪ ʃ d̚ d ɪ ʃ 
/home/isaac/Projects/Thesis/data/timit/data/TRAIN/DR2/MMDS0/SI1343.WAV,h# w iy n aw dcl jh eh nx er l ay z dh iy z ay dcl d iy ix z f axr dcl jh eh nx er ax l bcl b ay n ow m iy ix l ix kcl k s pcl p er m eh n tcl s h#, w i n aʊ d̚ dʒ ɛ ɾ̃ ɝ l aɪ z ð i z aɪ d̚ d i ɨ z f ɚ d̚ dʒ ɛ ɾ̃ ɝ ə l b̚ b aɪ n oʊ m i ɨ l ɨ k̚ k s p̚ p ɝ m ɛ n t̚ s 
/home/isaac/Projects/Thesis/data/timit/data/TRAIN/DR2/MMDS0/SX83.WAV,h# m ay ix n s tcl t r ah kcl k sh en z dcl d eh s pcl p axr q l iy n iy dcl d ah pcl d ey dx eng h#, m aɪ ɨ n s t̚ t ɹ ʌ k̚ k ʃ n̩ z d̚ d ɛ s p̚ p ɚ ʔ l i n i d̚ d ʌ p̚ d eɪ ɾ ŋ̍ 
/home/isaac/Projects/Thesis/data/timit/data/TRAIN/DR2/MMDS0/SX443.WAV,h# ax-h l ow n s tcl t aa r sh ow nx ix n dh ax q er l iy q iy v n ix ng s kcl k ay h#, ə̥ l oʊ n s t̚ t ɑ ɹ ʃ oʊ ɾ̃ ɨ n ð ə ʔ ɝ l i ʔ i v n ɨ ŋ s k̚ k aɪ 
/home/isaac/Projects/Thesis/data/timit/data/TRAIN/DR2/MMDS0/SI713.WAV,h# w ah tcl t aa r gcl ix tcl s hh ae v w iy s ax-h kcl s eh s f el ix n aa kcl t aw tcl h#, w ʌ t̚ t ɑ ɹ ɡ̚ ɨ t̚ s h æ v w i s ə̥ k̚ s ɛ s f l̩ ɨ n ɑ k̚ t aʊ t̚ 
/home/isaac/Projects/Thesis/data/timit/data/TRAIN/DR2/MRFK0/SI2336.WAV,h# q el dh eh er ah dh er th ih ng z tcl t ix dcl d uw r ay tcl n aw h#, ʔ l̩ ð ɛ ɝ ʌ ð ɝ θ ɪ ŋ z t̚ t ɨ d̚ d u ɹ aɪ t̚ n aʊ 
/home/isaac/Projects/Thesis/data/timit/data/TRAIN/DR2/MRFK0/SX356.WAV,h# d ay ae n m ey s pcl p l er dcl jh em bcl b ay ix tcl t er kcl k w oy z epi n eh kcl k l ax s h#, d aɪ æ n m eɪ s p̚ p l ɝ d̚ dʒ m̩ b̚ b aɪ ɨ t̚ t ɝ k̚ k w ɔɪ z  n ɛ k̚ k l ə s 
/home/isaac/Projects/Thesis/data/timit/data/TRAIN/DR2/MRFK0/SX176.WAV,h# b ay ix ng ix th er ow bcl b r eh dcl d hh ao r s epi r ax-h kcl k w ah er z q ix n tcl t ax-h w ix sh epi en q ix n eh kcl k s pcl p axr tcl t iy s h#, b aɪ ɨ ŋ ɨ θ ɝ oʊ b̚ b ɹ ɛ d̚ d h ɔ ɹ s  ɹ ə̥ k̚ k w ʌ ɝ z ʔ ɨ n t̚ t ə̥ w ɨ ʃ  n̩ ʔ ɨ n ɛ k̚ k s p̚ p ɚ t̚ t i s 
/home/isaac/Projects/Thesis/data/timit/data/TRAIN/DR2/MRFK0/SX266.WAV,h# w ix dcl d r ao q ow l iy ix z epi m ah tcl ch epi m ah n iy q ih zh ux n iy dcl h#, w ɨ d̚ d ɹ ɔ ʔ oʊ l i ɨ z  m ʌ t̚ tʃ  m ʌ n i ʔ ɪ ʒ ʉ n i d̚ 
/home/isaac/Projects/Thesis/data/timit/data/TRAIN/DR2/MRFK0/SX86.WAV,h# hh ax-h s pcl p ae nx ix kcl k aa s tcl t ux m epi z axr kcl k w ay tcl k ah l axr f el h#, h ə̥ s p̚ p æ ɾ̃ ɨ k̚ k ɑ s t̚ t ʉ m  z ɚ k̚ k w aɪ t̚ k ʌ l ɚ f l̩ 
/home/isaac/Projects/Thesis/data/timit/data/TRAIN/DR2/MRFK0/SX446.WAV,h# t aa m ax s epi th ix ng kcl k s ax l aa r dcl jh axr kcl k l ae m pcl p s epi aa l v z ax-h pcl p r aa bcl b l em h#, t ɑ m ə s  θ ɨ ŋ k̚ k s ə l ɑ ɹ d̚ dʒ ɚ k̚ k l æ m p̚ p s  ɑ l v z ə̥ p̚ p ɹ ɑ b̚ b l m̩ 
/home/isaac/Projects/Thesis/data/timit/data/TRAIN/DR2/MRFK0/SI1076.WAV,h# t iy n iy bcl b aa dx iy z pau d r aa pcl d ao n ux ix dcl d r ay l iy f pau m ey dx ix pcl p aa l ax z bcl b ix gcl ix z ax s epi m ao l aa pcl p el h#, t i n i b̚ b ɑ ɾ i z  d ɹ ɑ p̚ d ɔ n ʉ ɨ d̚ d ɹ aɪ l i f  m eɪ ɾ ɨ p̚ p ɑ l ə z b̚ b ɨ ɡ̚ ɨ z ə s  m ɔ l ɑ p̚ p l̩ 
/home/isaac/Projects/Thesis/data/timit/data/TRAIN/DR2/MRFK0/SI1706.WAV,h# dh ax l tcl t ah l y ux w ah tcl t s kcl k uh kcl k ix n h#, ð ə l t̚ t ʌ l j ʉ w ʌ t̚ t s k̚ k ʊ k̚ k ɨ n 
/home/isaac/Projects/Thesis/data/timit/data/TRAIN/DR2/FDNC0/SI2287.WAV,h# ah v kcl k ao r s dcl d ih axr sh iy s eh dcl h#, ʌ v k̚ k ɔ ɹ s d̚ d ɪ ɚ ʃ i s ɛ d̚ 
/home/isaac/Projects/Thesis/data/timit/data/TRAIN/DR2/FDNC0/SX378.WAV,h# ay dcl jh ah s ao dcl jh ih ax m n ih axr dh ix n uw q aa r kcl k iy ax l aa dcl jh ix kcl k el m y ux z iy ax m h#, aɪ d̚ dʒ ʌ s ɔ d̚ dʒ ɪ ə m n ɪ ɚ ð ɨ n u ʔ ɑ ɹ k̚ k i ə l ɑ d̚ dʒ ɨ k̚ k l̩ m j ʉ z i ə m 
/home/isaac/Projects/Thesis/data/timit/data/TRAIN/DR2/FDNC0/SX18.WAV,h# q ae l ax m ow n iy hv aa r m z q ah dcl d ix v ao r s tcl t m ae n z epi w eh l th h#, ʔ æ l ə m oʊ n i ɦ ɑ ɹ m z ʔ ʌ d̚ d ɨ v ɔ ɹ s t̚ t m æ n z  w ɛ l θ 
/home/isaac/Projects/Thesis/data/timit/data/TRAIN/DR2/FDNC0/SI1278.WAV,h# s aa l ix dcl k aa n kcl k r iy tcl b l aa kcl k s pau r eh l ix tcl t ih v l iy hv eh v iy eh n dcl d ae n tcl s pau aa y ux z d f axr dh ih sh eh l tcl t axr h#, s ɑ l ɨ d̚ k ɑ n k̚ k ɹ i t̚ b l ɑ k̚ k s  ɹ ɛ l ɨ t̚ t ɪ v l i ɦ ɛ v i ɛ n d̚ d æ n t̚ s  ɑ j ʉ z d f ɚ ð ɪ ʃ ɛ l t̚ t ɚ 
/home/isaac/Projects/Thesis/data/timit/data/TRAIN/DR2/FDNC0/SI1908.WAV,h# q ae f tcl t er n ah dh axr l ao ng pcl p ao z hv iy q ae s kcl k dcl d pau hh aw m ix n iy pcl p iy pcl p el n ow hv uw dh ey q aa axr h#, ʔ æ f t̚ t ɝ n ʌ ð ɚ l ɔ ŋ p̚ p ɔ z ɦ i ʔ æ s k̚ k d̚ d  h aʊ m ɨ n i p̚ p i p̚ p l̩ n oʊ ɦ u ð eɪ ʔ ɑ ɚ 
/home/isaac/Projects/Thesis/data/timit/data/TRAIN/DR2/FDNC0/SX108.WAV,h# hh ih z s kcl k ae l pcl p w ax z bcl b l ih s tcl t axr dcl f r ax m tcl t ix dcl d ey z hh aa tcl t s ah n h#, h ɪ z s k̚ k æ l p̚ p w ə z b̚ b l ɪ s t̚ t ɚ d̚ f ɹ ə m t̚ t ɨ d̚ d eɪ z h ɑ t̚ t s ʌ n 
/home/isaac/Projects/Thesis/data/timit/data/TRAIN/DR2/FDNC0/SX198.WAV,h# n ao r w iy dcl jh en s epi w eh dx axr z q aa r m ey dx ah v l ae m z epi w uh l h#, n ɔ ɹ w i d̚ dʒ n̩ s  w ɛ ɾ ɚ z ʔ ɑ ɹ m eɪ ɾ ʌ v l æ m z  w ʊ l 
/home/isaac/Projects/Thesis/data/timit/data/TRAIN/DR2/FDNC0/SX288.WAV,h# b r ah sh f ay axr z q er kcl k aa m ax n ih n dh ix dcl d r ay q ah n dx axr bcl b r ah sh q ax v n ax v ae dcl d ah h#, b ɹ ʌ ʃ f aɪ ɚ z ʔ ɝ k̚ k ɑ m ə n ɪ n ð ɨ d̚ d ɹ aɪ ʔ ʌ n ɾ ɚ b̚ b ɹ ʌ ʃ ʔ ə v n ə v æ d̚ d ʌ 
/home/isaac/Projects/Thesis/data/timit/data/TRAIN/DR2/MTJG0/SX170.WAV,h# dh ax m ay eh n iy ix kcl k l ae s ix kcl s kcl k aa l axr dcl d ix s ix pcl p ih axr dx ax w aa l s er v ey ng q ey n sh en tcl r ux ix n z h#, ð ə m aɪ ɛ n i ɨ k̚ k l æ s ɨ k̚ s k̚ k ɑ l ɚ d̚ d ɨ s ɨ p̚ p ɪ ɚ ɾ ə w ɑ l s ɝ v eɪ ŋ ʔ eɪ n ʃ n̩ t̚ ɹ ʉ ɨ n z 
/home/isaac/Projects/Thesis/data/timit/data/TRAIN/DR2/MTJG0/SI1520.WAV,h# s ah m ah dx iy el hv ae f tcl t ix s tcl t aa r tcl th ih ng kcl k ix n h#, s ʌ m ʌ ɾ i l̩ ɦ æ f t̚ t ɨ s t̚ t ɑ ɹ t̚ θ ɪ ŋ k̚ k ɨ n 
/home/isaac/Projects/Thesis/data/timit/data/TRAIN/DR2/MTJG0/SX350.WAV,h# m eh nx iy w eh l th iy tcl t ay kcl k uw n s pcl p l er jh dcl d q ae n bcl b ao tcl b ow th ax y aa tcl t q eh nx ix s kcl k uw nx axr h#, m ɛ ɾ̃ i w ɛ l θ i t̚ t aɪ k̚ k u n s p̚ p l ɝ dʒ d̚ d ʔ æ n b̚ b ɔ t̚ b oʊ θ ə j ɑ t̚ t ʔ ɛ ɾ̃ ɨ s k̚ k u ɾ̃ ɚ 
/home/isaac/Projects/Thesis/data/timit/data/TRAIN/DR2/MTJG0/SX260.WAV,h# r ix m eh m axr tcl t uw ax l aw ay dcl d eh nx ix kcl k el tcl t w ih n z tcl t ix q eh n tcl t axr f r iy l iy h#, ɹ ɨ m ɛ m ɚ t̚ t u ə l aʊ aɪ d̚ d ɛ ɾ̃ ɨ k̚ k l̩ t̚ t w ɪ n z t̚ t ɨ ʔ ɛ n t̚ t ɚ f ɹ i l i 
/home/isaac/Projects/Thesis/data/timit/data/TRAIN/DR2/MTJG0/SI890.WAV,h# b ah q w ay ix z ix tcl n eh s ix s er dx axr r iy pcl p axr dx ux s ix r eh tcl n ax l q ih m ih dcl jh w ix th ix n ix bcl b r ey n h#, b ʌ ʔ w aɪ ɨ z ɨ t̚ n ɛ s ɨ s ɝ ɾ ɚ ɹ i p̚ p ɚ ɾ ʉ s ɨ ɹ ɛ t̚ n ə l ʔ ɪ m ɪ d̚ dʒ w ɨ θ ɨ n ɨ b̚ b ɹ eɪ n 
/home/isaac/Projects/Thesis/data/timit/data/TRAIN/DR2/MTJG0/SX440.WAV,h# dh iy q ae dx axr tcl t ay z ix ng v er s q ax v pcl p l ih m ix th v axr ay ix dx ix s tcl t ao r hh n eh v axr tcl ch ey n jh ix s h#, ð i ʔ æ ɾ ɚ t̚ t aɪ z ɨ ŋ v ɝ s ʔ ə v p̚ p l ɪ m ɨ θ v ɚ aɪ ɨ ɾ ɨ s t̚ t ɔ ɹ h n ɛ v ɚ t̚ tʃ eɪ n dʒ ɨ s 
/home/isaac/Projects/Thesis/data/timit/data/TRAIN/DR2/MTJG0/SX80.WAV,h# hh ix tcl t s ih l iy gcl el tcl t ax pcl p ow s tcl d ey dx ih tcl ch eh kcl k h#, h ɨ t̚ t s ɪ l i ɡ̚ l̩ t̚ t ə p̚ p oʊ s t̚ d eɪ ɾ ɪ t̚ tʃ ɛ k̚ k 
/home/isaac/Projects/Thesis/data/timit/data/TRAIN/DR2/MTJG0/SI2157.WAV,h# hh uw w uh dcl t ey kcl k ow v axr h#, h u w ʊ d̚ t eɪ k̚ k oʊ v ɚ 
/home/isaac/Projects/Thesis/data/timit/data/TRAIN/DR2/MZMB0/SI1796.WAV,h# hh ih z q ay z bcl b er n dcl f iy v axr sh l iy h#, h ɪ z ʔ aɪ z b̚ b ɝ n d̚ f i v ɚ ʃ l i 
/home/isaac/Projects/Thesis/data/timit/data/TRAIN/DR2/MZMB0/SX356.WAV,h# d ay ae n m ey s pcl p l er dcl jh ix n bcl b ay ix tcl t er kcl k oy z epi n eh kcl k l ax s h#, d aɪ æ n m eɪ s p̚ p l ɝ d̚ dʒ ɨ n b̚ b aɪ ɨ t̚ t ɝ k̚ k ɔɪ z  n ɛ k̚ k l ə s 
/home/isaac/Projects/Thesis/data/timit/data/TRAIN/DR2/MZMB0/SX176.WAV,h# b ay ix ng ix th er ax bcl b r eh dcl hh ao r s r ax kcl k w ay er z q ih n tcl t uw ih sh ix n q en eh kcl k sh pcl p axr tcl t iy s h#, b aɪ ɨ ŋ ɨ θ ɝ ə b̚ b ɹ ɛ d̚ h ɔ ɹ s ɹ ə k̚ k w aɪ ɝ z ʔ ɪ n t̚ t u ɪ ʃ ɨ n ʔ n̩ ɛ k̚ k ʃ p̚ p ɚ t̚ t i s 
/home/isaac/Projects/Thesis/data/timit/data/TRAIN/DR2/MZMB0/SX266.WAV,h# w ix th dcl d r ao q ow n l iy ix z epi m ah tcl ch epi m ah nx iy q eh z y ux n iy dcl d h#, w ɨ θ d̚ d ɹ ɔ ʔ oʊ n l i ɨ z  m ʌ t̚ tʃ  m ʌ ɾ̃ i ʔ ɛ z j ʉ n i d̚ d 
/home/isaac/Projects/Thesis/data/timit/data/TRAIN/DR2/MZMB0/SI1166.WAV,h# ix n dh ix kcl k ao r s ax v ix tcl s ix n kcl k w ay r iy pau ix tcl t uh kcl t eh s tcl t m ow nx iy f axr m q ow n l iy s eh v en w ih tcl n ix s ix z h#, ɨ n ð ɨ k̚ k ɔ ɹ s ə v ɨ t̚ s ɨ n k̚ k w aɪ ɹ i  ɨ t̚ t ʊ k̚ t ɛ s t̚ t m oʊ ɾ̃ i f ɚ m ʔ oʊ n l i s ɛ v n̩ w ɪ t̚ n ɨ s ɨ z 
/home/isaac/Projects/Thesis/data/timit/data/TRAIN/DR2/MZMB0/SI536.WAV,h# s ow w iy n ow tcl t q ax pcl p r uw v ix ng l iy q ax f r eh sh s ae m pcl p el q ah v y ux n ae n ih m ax tcl t iy h#, s oʊ w i n oʊ t̚ t ʔ ə p̚ p ɹ u v ɨ ŋ l i ʔ ə f ɹ ɛ ʃ s æ m p̚ p l̩ ʔ ʌ v j ʉ n æ n ɪ m ə t̚ t i 
/home/isaac/Projects/Thesis/data/timit/data/TRAIN/DR2/MZMB0/SX86.WAV,h# hh ix s pcl p ae nx ix kcl k aa s tcl t y ux m z q axr kcl k w ay tcl k ah l axr f el h#, h ɨ s p̚ p æ ɾ̃ ɨ k̚ k ɑ s t̚ t j ʉ m z ʔ ɚ k̚ k w aɪ t̚ k ʌ l ɚ f l̩ 
/home/isaac/Projects/Thesis/data/timit/data/TRAIN/DR2/MZMB0/SX446.WAV,h# t aa m ax s th ih ng kcl s ax l aa r dcl jh axr kcl k l ae m pcl s ao l v z dh ax pcl p r aa bcl b el m h#, t ɑ m ə s θ ɪ ŋ k̚ s ə l ɑ ɹ d̚ dʒ ɚ k̚ k l æ m p̚ s ɔ l v z ð ə p̚ p ɹ ɑ b̚ b l̩ m 
/home/isaac/Projects/Thesis/data/timit/data/TRAIN/DR2/FDXW0/SX431.WAV,h# dh ix f ih th dcl jh aa r kcl k en tcl t ey n z bcl b ih gcl jh ux s iy pcl p iy tcl ch ix z h#, ð ɨ f ɪ θ d̚ dʒ ɑ ɹ k̚ k n̩ t̚ t eɪ n z b̚ b ɪ ɡ̚ dʒ ʉ s i p̚ p i t̚ tʃ ɨ z 
/home/isaac/Projects/Thesis/data/timit/data/TRAIN/DR2/FDXW0/SI1511.WAV,h# f ih dx ah l s kcl k r iy tcl ch tcl t ix pcl p y eh nx ow tcl t ih ng kcl k ax l dcl d h#, f ɪ ɾ ʌ l s k̚ k ɹ i t̚ tʃ t̚ t ɨ p̚ p j ɛ ɾ̃ oʊ t̚ t ɪ ŋ k̚ k ə l d̚ d 
/home/isaac/Projects/Thesis/data/timit/data/TRAIN/DR2/FDXW0/SX71.WAV,h# p ao r kcl k ix pcl p ay n z r ix z eh m bcl b el s iy er tcl ch ix n s h#, p ɔ ɹ k̚ k ɨ p̚ p aɪ n z ɹ ɨ z ɛ m b̚ b l̩ s i ɝ t̚ tʃ ɨ n s 
/home/isaac/Projects/Thesis/data/timit/data/TRAIN/DR2/FDXW0/SX251.WAV,h# w iy ix pcl p l ay ao dx ix tcl t ao r ih m aa dx ax l ix ng tcl t kcl k ax m pcl p y ux dx axr s pcl p iy tcl ch r eh kcl k ix gcl g n ih sh ax n h#, w i ɨ p̚ p l aɪ ɔ ɾ ɨ t̚ t ɔ ɹ ɪ m ɑ ɾ ə l ɨ ŋ t̚ t k̚ k ə m p̚ p j ʉ ɾ ɚ s p̚ p i t̚ tʃ ɹ ɛ k̚ k ɨ ɡ̚ ɡ n ɪ ʃ ə n 
/home/isaac/Projects/Thesis/data/timit/data/TRAIN/DR2/FDXW0/SX341.WAV,h# dh hv ay s ax-h kcl k y er ix dx iy pcl p r ih z en w ax s r aw n dcl d ix dcl b ay bcl b aa r bcl b dcl d w ay axr h#, ð ɦ aɪ s ə̥ k̚ k j ɝ ɨ ɾ i p̚ p ɹ ɪ z n̩ w ə s ɹ aʊ n d̚ d ɨ d̚ b aɪ b̚ b ɑ ɹ b̚ b d̚ d w aɪ ɚ 
/home/isaac/Projects/Thesis/data/timit/data/TRAIN/DR2/FDXW0/SI2141.WAV,h# q ih w ax z n ow bcl b ah dx iy z f ao l tcl t h#, ʔ ɪ w ə z n oʊ b̚ b ʌ ɾ i z f ɔ l t̚ t 
/home/isaac/Projects/Thesis/data/timit/data/TRAIN/DR2/FDXW0/SX161.WAV,h# q ae z ax pcl p axr kcl k ao sh ix n dh iy aw q l ao z bcl b ao tcl g ah n pcl p aw dx axr f ax dh axr s tcl t r ao ng hv ow l dcl d h#, ʔ æ z ə p̚ p ɚ k̚ k ɔ ʃ ɨ n ð i aʊ ʔ l ɔ z b̚ b ɔ t̚ ɡ ʌ n p̚ p aʊ ɾ ɚ f ə ð ɚ s t̚ t ɹ ɔ ŋ ɦ oʊ l d̚ d 
/home/isaac/Projects/Thesis/data/timit/data/TRAIN/DR2/FDXW0/SI881.WAV,h# b iy f ao r dh ae q w iy l ah m bcl b axr dcl d iy l axr z w uw w er kcl k ix ng aa m ow s ih ng gcl g el hv ae nx ih dx ao n dh ax pcl p r aa bcl b l ax m h#, b i f ɔ ɹ ð æ ʔ w i l ʌ m b̚ b ɚ d̚ d i l ɚ z w u w ɝ k̚ k ɨ ŋ ɑ m oʊ s ɪ ŋ ɡ̚ ɡ l̩ ɦ æ ɾ̃ ɪ ɾ ɔ n ð ə p̚ p ɹ ɑ b̚ b l ə m 
/home/isaac/Projects/Thesis/data/timit/data/TRAIN/DR2/MTAT1/SX59.WAV,h# dh ix s ih ng er z f ih ng gcl g er hh ae dx ix s pcl p l ih n tcl t er h#, ð ɨ s ɪ ŋ ɝ z f ɪ ŋ ɡ̚ ɡ ɝ h æ ɾ ɨ s p̚ p l ɪ n t̚ t ɝ 
/home/isaac/Projects/Thesis/data/timit/data/TRAIN/DR2/MTAT1/SX239.WAV,h# p y er ey s ax m epi f r ux tcl b iy f ao r pcl p axr pcl p eh r ih n dh ix s kcl k y ux er s h#, p j ɝ eɪ s ə m  f ɹ ʉ t̚ b i f ɔ ɹ p̚ p ɚ p̚ p ɛ ɹ ɪ n ð ɨ s k̚ k j ʉ ɝ s 
/home/isaac/Projects/Thesis/data/timit/data/TRAIN/DR2/MTAT1/SI779.WAV,h# dh ix kcl k iy l s ix n pau m ey dcl d ih v tcl t ux th r iy ih n tcl ch epi w ih dcl d s pau ih z n eh kcl k s tcl t ih n s tcl t ao l dcl d h#, ð ɨ k̚ k i l s ɨ n  m eɪ d̚ d ɪ v t̚ t ʉ θ ɹ i ɪ n t̚ tʃ  w ɪ d̚ d s  ɪ z n ɛ k̚ k s t̚ t ɪ n s t̚ t ɔ l d̚ d 
/home/isaac/Projects/Thesis/data/timit/data/TRAIN/DR2/MTAT1/SX149.WAV,h# w aa l w ey dx iy n f axr tcl ch ih pcl p er pau sh ix kcl k r ih s kcl k r aa s tcl dh ix s kcl k w eh r m eh n iy tcl t ay m epi s h#, w ɑ l w eɪ ɾ i n f ɚ t̚ tʃ ɪ p̚ p ɝ  ʃ ɨ k̚ k ɹ ɪ s k̚ k ɹ ɑ s t̚ ð ɨ s k̚ k w ɛ ɹ m ɛ n i t̚ t aɪ m  s 
/home/isaac/Projects/Thesis/data/timit/data/TRAIN/DR2/MTAT1/SX419.WAV,h# dh ix f uh tcl b ao l tcl t iy m kcl k ow tcl ch hh ae z ah w aa tcl ch th ih n ix z ix dcl d ay m h#, ð ɨ f ʊ t̚ b ɔ l t̚ t i m k̚ k oʊ t̚ tʃ h æ z ʌ w ɑ t̚ tʃ θ ɪ n ɨ z ɨ d̚ d aɪ m 
/home/isaac/Projects/Thesis/data/timit/data/TRAIN/DR2/MTAT1/SI1409.WAV,h# sh er l iy dh eh r ix z epi n ah th ix ng n uw ax bcl b aw tcl k aa m ux n ix z ax m h#, ʃ ɝ l i ð ɛ ɹ ɨ z  n ʌ θ ɨ ŋ n u ə b̚ b aʊ t̚ k ɑ m ʉ n ɨ z ə m 
/home/isaac/Projects/Thesis/data/timit/data/TRAIN/DR2/MTAT1/SX329.WAV,h# ch ih pcl p ow s pcl p ow n dcl d q ae l ax m ow n iy pcl p ey m ix n tcl t s q ix n tcl t ix l dh ax l ey dx ih s pcl p aa s bcl b el dcl d ey tcl h#, tʃ ɪ p̚ p oʊ s p̚ p oʊ n d̚ d ʔ æ l ə m oʊ n i p̚ p eɪ m ɨ n t̚ t s ʔ ɨ n t̚ t ɨ l ð ə l eɪ ɾ ɪ s p̚ p ɑ s b̚ b l̩ d̚ d eɪ t̚ 
/home/isaac/Projects/Thesis/data/timit/data/TRAIN/DR2/MTAT1/SI1627.WAV,h# y ux l ah kcl k ix kcl k ih dcl s hh iy s eh dcl h#, j ʉ l ʌ k̚ k ɨ k̚ k ɪ d̚ s h i s ɛ d̚ 
/home/isaac/Projects/Thesis/data/timit/data/TRAIN/DR2/FLMC0/SX112.WAV,h# t ah gcl b ow tcl s q er kcl k ey pcl p ax bcl b el q ax v hh ao l ix ng hh y ux dcl jh l ow dcl t s h#, t ʌ ɡ̚ b oʊ t̚ s ʔ ɝ k̚ k eɪ p̚ p ə b̚ b l̩ ʔ ə v h ɔ l ɨ ŋ h j ʉ d̚ dʒ l oʊ d̚ t s 
/home/isaac/Projects/Thesis/data/timit/data/TRAIN/DR2/FLMC0/SX22.WAV,h# w ax n q ao l q eh l s f ey l z pau y ux z f ao r s h#, w ə n ʔ ɔ l ʔ ɛ l s f eɪ l z  j ʉ z f ɔ ɹ s 
/home/isaac/Projects/Thesis/data/timit/data/TRAIN/DR2/FLMC0/SX336.WAV,h# r aa bcl m ey dcl hv ah ng gcl g eh r iy n gcl g ux l aa sh f axr dcl d ih nx er pau q ix n gcl g ux s bcl b er iy pcl p ay f axr dcl d ix z er q h#, ɹ ɑ b̚ m eɪ d̚ ɦ ʌ ŋ ɡ̚ ɡ ɛ ɹ i n ɡ̚ ɡ ʉ l ɑ ʃ f ɚ d̚ d ɪ ɾ̃ ɝ  ʔ ɨ n ɡ̚ ɡ ʉ s b̚ b ɝ i p̚ p aɪ f ɚ d̚ d ɨ z ɝ ʔ 
/home/isaac/Projects/Thesis/data/timit/data/TRAIN/DR2/FLMC0/SI2002.WAV,h# dh ih l r ow l ao f q ih n ax n ah dh er dcl d ey h#, ð ɪ l ɹ oʊ l ɔ f ʔ ɪ n ə n ʌ ð ɝ d̚ d eɪ 
/home/isaac/Projects/Thesis/data/timit/data/TRAIN/DR2/FLMC0/SX292.WAV,h# dh iy z q ix kcl s kcl k l uw s ix v dcl d aa kcl k ix m ax n tcl s epi m ax s bcl b iy l aa kcl t ah pcl p ix q ao l tcl t ay m z h#, ð i z ʔ ɨ k̚ s k̚ k l u s ɨ v d̚ d ɑ k̚ k ɨ m ə n t̚ s  m ə s b̚ b i l ɑ k̚ t ʌ p̚ p ɨ ʔ ɔ l t̚ t aɪ m z 
/home/isaac/Projects/Thesis/data/timit/data/TRAIN/DR2/FLMC0/SX382.WAV,h# jh ao r dcl jh ix z pcl p eh r ix n oy dx ix bcl b aw dx ix f ux tcl ch axr gcl g ae sh ao r dx ih dcl jh h#, dʒ ɔ ɹ d̚ dʒ ɨ z p̚ p ɛ ɹ ɨ n ɔɪ ɾ ɨ b̚ b aʊ ɾ ɨ f ʉ t̚ tʃ ɚ ɡ̚ ɡ æ ʃ ɔ ɹ ɾ ɪ d̚ dʒ 
/home/isaac/Projects/Thesis/data/timit/data/TRAIN/DR2/FLMC0/SI742.WAV,h# s ah m er tcl t ay m s ah pcl p er q aw tcl s ay dcl q ix z ix n ae tcl ch r el h#, s ʌ m ɝ t̚ t aɪ m s ʌ p̚ p ɝ ʔ aʊ t̚ s aɪ d̚ ʔ ɨ z ɨ n æ t̚ tʃ ɹ l̩ 
/home/isaac/Projects/Thesis/data/timit/data/TRAIN/DR2/FLMC0/SI1372.WAV,h# r ow l pcl p l ey iy ng y ux z f er axr n ae l ix s ih s f aa l uh z dh iy z dcl jh eh nx axr el s tcl t eh pcl s epi l iy dx ix ng tcl t ix tcl t r ey n ix ng h#, ɹ oʊ l p̚ p l eɪ i ŋ j ʉ z f ɝ ɚ n æ l ɨ s ɪ s f ɑ l ʊ z ð i z d̚ dʒ ɛ ɾ̃ ɚ l̩ s t̚ t ɛ p̚ s  l i ɾ ɨ ŋ t̚ t ɨ t̚ t ɹ eɪ n ɨ ŋ 
/home/isaac/Projects/Thesis/data/timit/data/TRAIN/DR2/MDLB0/SX226.WAV,h# s tcl t eh f kcl k uh dcl b eh r l iy hv ae n el dh ah pau s ay kcl k ax l aa dcl jh ix kcl k el tcl t r aa m ax h#, s t̚ t ɛ f k̚ k ʊ d̚ b ɛ ɹ l i ɦ æ n l̩ ð ʌ  s aɪ k̚ k ə l ɑ d̚ dʒ ɨ k̚ k l̩ t̚ t ɹ ɑ m ə 
/home/isaac/Projects/Thesis/data/timit/data/TRAIN/DR2/MDLB0/SI1306.WAV,h# dh ih s dh ih s kcl k aa s ax-h tcl t iy pau ah dh ix m ix tcl t ih r iy el q ih n dh ix dcl d r aa pcl s pau ih z ax bcl k ao r s pau n aa tcl n eh gcl g l ih dcl jh ix bcl b el h#, ð ɪ s ð ɪ s k̚ k ɑ s ə̥ t̚ t i  ʌ ð ɨ m ɨ t̚ t ɪ ɹ i l̩ ʔ ɪ n ð ɨ d̚ d ɹ ɑ p̚ s  ɪ z ə b̚ k ɔ ɹ s  n ɑ t̚ n ɛ ɡ̚ ɡ l ɪ d̚ dʒ ɨ b̚ b l̩ 
/home/isaac/Projects/Thesis/data/timit/data/TRAIN/DR2/MDLB0/SI676.WAV,h# th iy aa kcl k r ix s iy pau r iy kcl k en s ih dx axr dcl h#, θ i ɑ k̚ k ɹ ɨ s i  ɹ i k̚ k n̩ s ɪ ɾ ɚ d̚ 
/home/isaac/Projects/Thesis/data/timit/data/TRAIN/DR2/MDLB0/SX316.WAV,h# dh ae tcl d ao gcl ch ey s ix z kcl k ae tcl s epi m er s ax l ax s epi l ix h#, ð æ t̚ d ɔ ɡ̚ tʃ eɪ s ɨ z k̚ k æ t̚ s  m ɝ s ə l ə s  l ɨ 
/home/isaac/Projects/Thesis/data/timit/data/TRAIN/DR2/MDLB0/SI1936.WAV,h# w ih l r ay dx aw q eh s uw nx eh z epi w iy v hv ae dcl ch ah kcl h#, w ɪ l ɹ aɪ ɾ aʊ ʔ ɛ s u ɾ̃ ɛ z  w i v ɦ æ d̚ tʃ ʌ k̚ 
/home/isaac/Projects/Thesis/data/timit/data/TRAIN/DR2/MDLB0/SX136.WAV,h# s ay ih n tcl t ih f ix kcl p r aa gcl r eh s kcl k ah m z f r ah m dh ax dcl d ix v eh l ah pcl m ax n q ah v n ux tcl t eh kcl n iy kcl k s h#, s aɪ ɪ n t̚ t ɪ f ɨ k̚ p ɹ ɑ ɡ̚ ɹ ɛ s k̚ k ʌ m z f ɹ ʌ m ð ə d̚ d ɨ v ɛ l ʌ p̚ m ə n ʔ ʌ v n ʉ t̚ t ɛ k̚ n i k̚ k s 
/home/isaac/Projects/Thesis/data/timit/data/TRAIN/DR2/MDLB0/SX46.WAV,h# dh eh tcl p ih kcl p aa kcl k ix tcl w ax z kcl k ao tcl r eh dcl d hv ae n dcl ix dcl h#, ð ɛ t̚ p ɪ k̚ p ɑ k̚ k ɨ t̚ w ə z k̚ k ɔ t̚ ɹ ɛ d̚ d ɦ æ n d̚ ɨ d̚ 
/home/isaac/Projects/Thesis/data/timit/data/TRAIN/DR2/MDLB0/SX406.WAV,h# dh eh r w ah z ix dcl jh ay gcl g ae nx ih kcl w aa s pcl n pau n eh kcl k s tcl t uw pau q er v iy ng d bcl b ih gcl pau t aa pcl p hv ae tcl h#, ð ɛ ɹ w ʌ z ɨ d̚ dʒ aɪ ɡ̚ ɡ æ ɾ̃ ɪ k̚ w ɑ s p̚ n  n ɛ k̚ k s t̚ t u  ʔ ɝ v i ŋ d b̚ b ɪ ɡ̚  t ɑ p̚ p ɦ æ t̚ 
/home/isaac/Projects/Thesis/data/timit/data/TRAIN/DR2/FMKF0/SX186.WAV,h# w uh dx ix tcl t aa m bcl b oy ao f ax m pcl p l ey aw tcl d ao r z h#, w ʊ ɾ ɨ t̚ t ɑ m b̚ b ɔɪ ɔ f ə m p̚ p l eɪ aʊ t̚ d ɔ ɹ z 
/home/isaac/Projects/Thesis/data/timit/data/TRAIN/DR2/FMKF0/SX276.WAV,h# jh aa n z bcl b r ah dh axr r iy pcl p ey nx ix dcl dh ix gcl g axr aa dcl jh dcl d ao r h#, dʒ ɑ n z b̚ b ɹ ʌ ð ɚ ɹ i p̚ p eɪ ɾ̃ ɨ d̚ ð ɨ ɡ̚ ɡ ɚ ɑ d̚ dʒ d̚ d ɔ ɹ 
/home/isaac/Projects/Thesis/data/timit/data/TRAIN/DR2/FMKF0/SX6.WAV,h# b r ay tcl s ah n sh ay n sh ix m axr z aa n iy ow sh ix n h#, b ɹ aɪ t̚ s ʌ n ʃ aɪ n ʃ ɨ m ɚ z ɑ n i oʊ ʃ ɨ n 
/home/isaac/Projects/Thesis/data/timit/data/TRAIN/DR2/FMKF0/SI906.WAV,h# ix tcl t ih kcl k ix tcl t r ae dcl jh ix dx iy tcl t ix bcl b r ih ng th ih ng z tcl t uw eh hh eh dcl d h#, ɨ t̚ t ɪ k̚ k ɨ t̚ t ɹ æ d̚ dʒ ɨ ɾ i t̚ t ɨ b̚ b ɹ ɪ ŋ θ ɪ ŋ z t̚ t u ɛ h ɛ d̚ d 
/home/isaac/Projects/Thesis/data/timit/data/TRAIN/DR2/FMKF0/SI1018.WAV,h# k ae dx ax l w ix tcl ch dcl d ay dcl f axr m dh eh m w ih n tcl t axr s tcl t ao r m z pau axr r iy f er dcl t uw ix z dh ix w ih n tcl t axr kcl k eh l h#, k æ ɾ ə l w ɨ t̚ tʃ d̚ d aɪ d̚ f ɚ m ð ɛ m w ɪ n t̚ t ɚ s t̚ t ɔ ɹ m z  ɚ ɹ i f ɝ d̚ t u ɨ z ð ɨ w ɪ n t̚ t ɚ k̚ k ɛ l 
/home/isaac/Projects/Thesis/data/timit/data/TRAIN/DR2/FMKF0/SI1536.WAV,h# d r ah ng kcl k ih n ih s hh w ax z n ow l ao ng gcl g axr tcl t aw l r ey dx ix dcl h#, d ɹ ʌ ŋ k̚ k ɪ n ɪ s h w ə z n oʊ l ɔ ŋ ɡ̚ ɡ ɚ t̚ t aʊ l ɹ eɪ ɾ ɨ d̚ 
/home/isaac/Projects/Thesis/data/timit/data/TRAIN/DR2/FMKF0/SX366.WAV,h# w ix dcl jh ux pcl p l iy z kcl k ix n f er m gcl g ah v axr m ih tcl p aa l s ix r ix gcl g aa r dx ix ng w ey s tcl t r ix m uw v el h#, w ɨ d̚ dʒ ʉ p̚ p l i z k̚ k ɨ n f ɝ m ɡ̚ ɡ ʌ v ɚ m ɪ t̚ p ɑ l s ɨ ɹ ɨ ɡ̚ ɡ ɑ ɹ ɾ ɨ ŋ w eɪ s t̚ t ɹ ɨ m u v l̩ 
/home/isaac/Projects/Thesis/data/timit/data/TRAIN/DR2/FMKF0/SX96.WAV,h# m ae s kcl k axr ey dcl p aa r dx ix z tcl t ae kcl k s epi w ah n z ix m ae dcl jh ix nx ey sh ix n h#, m æ s k̚ k ɚ eɪ d̚ p ɑ ɹ ɾ ɨ z t̚ t æ k̚ k s  w ʌ n z ɨ m æ d̚ dʒ ɨ ɾ̃ eɪ ʃ ɨ n 
/home/isaac/Projects/Thesis/data/timit/data/TRAIN/DR2/MPPC0/SI782.WAV,h# dh ih dcl d eh kcl k iy ng ih z kcl k w ao r dx er ih n ch epi m ax hv ao gcl g ix n iy m er iy n pcl p l ay w uh dcl h#, ð ɪ d̚ d ɛ k̚ k i ŋ ɪ z k̚ k w ɔ ɹ ɾ ɝ ɪ n tʃ  m ə ɦ ɔ ɡ̚ ɡ ɨ n i m ɝ i n p̚ p l aɪ w ʊ d̚ 
/home/isaac/Projects/Thesis/data/timit/data/TRAIN/DR2/MPPC0/SI1412.WAV,h# q ae n dh ix s er f ih s ix z dcl d r ih v ix n bcl b ae kcl k ih nx ih tcl s epi v er iy s er f ix s epi n ih s q ow n l iy bcl b ah dh ih s kcl k aa n tcl t r ae s tcl t h#, ʔ æ n ð ɨ s ɝ f ɪ s ɨ z d̚ d ɹ ɪ v ɨ n b̚ b æ k̚ k ɪ ɾ̃ ɪ t̚ s  v ɝ i s ɝ f ɨ s  n ɪ s ʔ oʊ n l i b̚ b ʌ ð ɪ s k̚ k ɑ n t̚ t ɹ æ s t̚ t 
/home/isaac/Projects/Thesis/data/timit/data/TRAIN/DR2/MPPC0/SX242.WAV,h# m ey ay ao r dx er ix s tcl t r ao bcl b er iy s ah n d ey ae f tcl t axr ay iy tcl d ih nx er h#, m eɪ aɪ ɔ ɹ ɾ ɝ ɨ s t̚ t ɹ ɔ b̚ b ɝ i s ʌ n d eɪ æ f t̚ t ɚ aɪ i t̚ d ɪ ɾ̃ ɝ 
/home/isaac/Projects/Thesis/data/timit/data/TRAIN/DR2/MPPC0/SX152.WAV,h# m ax s kcl k iy dx ow z ix gcl z ih s tcl t ix n w ao axr m hv y ux m ix dcl d kcl k l ay m ix tcl t s h#, m ə s k̚ k i ɾ oʊ z ɨ ɡ̚ z ɪ s t̚ t ɨ n w ɔ ɚ m ɦ j ʉ m ɨ d̚ d k̚ k l aɪ m ɨ t̚ t s 
/home/isaac/Projects/Thesis/data/timit/data/TRAIN/DR2/MPPC0/SX422.WAV,h# w ah n s ux f ih n ih sh gcl g r iy s iy ng y er tcl ch ey n pau b iy sh er dx ax w aa sh tcl th er el iy h#, w ʌ n s ʉ f ɪ n ɪ ʃ ɡ̚ ɡ ɹ i s i ŋ j ɝ t̚ tʃ eɪ n  b i ʃ ɝ ɾ ə w ɑ ʃ t̚ θ ɝ l̩ i 
/home/isaac/Projects/Thesis/data/timit/data/TRAIN/DR2/MPPC0/SI2042.WAV,h# y ux kcl k ey m w eh l ih kcl k w ih pcl t ix dcl d ay h#, j ʉ k̚ k eɪ m w ɛ l ɪ k̚ k w ɪ p̚ t ɨ d̚ d aɪ 
/home/isaac/Projects/Thesis/data/timit/data/TRAIN/DR2/MPPC0/SX62.WAV,h# q eh n iy kcl k aa n tcl t axr bcl b y ux sh ix n z w el bcl b iy gcl g r ey tcl l iy ix pcl p r iy sh iy ey dx ix dcl h#, ʔ ɛ n i k̚ k ɑ n t̚ t ɚ b̚ b j ʉ ʃ ɨ n z w l̩ b̚ b i ɡ̚ ɡ ɹ eɪ t̚ l i ɨ p̚ p ɹ i ʃ i eɪ ɾ ɨ d̚ 
/home/isaac/Projects/Thesis/data/timit/data/TRAIN/DR2/MPPC0/SX332.WAV,h# t aa dcl p l ey s tcl t aa pcl p r ay ao axr dx iy aa n gcl g eh dx iy ng ih z bcl b ay kcl k f ih kcl k s tcl t h#, t ɑ d̚ p l eɪ s t̚ t ɑ p̚ p ɹ aɪ ɔ ɚ ɾ i ɑ n ɡ̚ ɡ ɛ ɾ i ŋ ɪ z b̚ b aɪ k̚ k f ɪ k̚ k s t̚ t 
/home/isaac/Projects/Thesis/data/timit/data/TRAIN/DR2/MRLJ0/SX340.WAV,h# d ah kcl k s hh ae v w eh bcl d f iy q en kcl k ah l axr f el f eh dh er s h#, d ʌ k̚ k s h æ v w ɛ b̚ d f i ʔ n̩ k̚ k ʌ l ɚ f l̩ f ɛ ð ɝ s 
/home/isaac/Projects/Thesis/data/timit/data/TRAIN/DR2/MRLJ0/SI1420.WAV,h# dh ih s ix z n ow ah s ay m ix tcl t f axr f r ih v el ah s gcl g er l sh iy ix sh er z ih m h#, ð ɪ s ɨ z n oʊ ʌ s aɪ m ɨ t̚ t f ɚ f ɹ ɪ v l̩ ʌ s ɡ̚ ɡ ɝ l ʃ i ɨ ʃ ɝ z ɪ m 
/home/isaac/Projects/Thesis/data/timit/data/TRAIN/DR2/MRLJ0/SX70.WAV,h# d ih dcl jh ux iy q y eh tcl h#, d ɪ d̚ dʒ ʉ i ʔ j ɛ t̚ 
/home/isaac/Projects/Thesis/data/timit/data/TRAIN/DR2/MRLJ0/SI790.WAV,h# w ix s iy m n ux bcl b iy w ih tcl n ix s iy ng n ix pcl p aa pcl p y el ey sh en ih kcl k s pcl p l ow zh en r ay q en aa r ow n bcl b ae kcl k y aa r dcl d s h#, w ɨ s i m n ʉ b̚ b i w ɪ t̚ n ɨ s i ŋ n ɨ p̚ p ɑ p̚ p j l̩ eɪ ʃ n̩ ɪ k̚ k s p̚ p l oʊ ʒ n̩ ɹ aɪ ʔ n̩ ɑ ɹ oʊ n b̚ b æ k̚ k j ɑ ɹ d̚ d s 
/home/isaac/Projects/Thesis/data/timit/data/TRAIN/DR2/MRLJ0/SX430.WAV,h# dh ow z hv uw er nx aa tcl p y er ih s y ux z kcl k ae n dcl v eh dcl jh tcl t bcl b el z w en m ey kcl k ix ng s tcl t ux h#, ð oʊ z ɦ u ɝ ɾ̃ ɑ t̚ p j ɝ ɪ s j ʉ z k̚ k æ n d̚ v ɛ d̚ dʒ t̚ t b̚ b l̩ z w n̩ m eɪ k̚ k ɨ ŋ s t̚ t ʉ 
/home/isaac/Projects/Thesis/data/timit/data/TRAIN/DR2/MRLJ0/SI2050.WAV,h# ax th er dcl d sh aa tcl d aw s tcl dh el l ay tcl h#, ə θ ɝ d̚ d ʃ ɑ t̚ d aʊ s t̚ ð l̩ l aɪ t̚ 
/home/isaac/Projects/Thesis/data/timit/data/TRAIN/DR2/MRLJ0/SX160.WAV,h# eh z kcl k ow ao th er z w ix pcl p axr z eh nx ix dx er n uw bcl b uh kcl t ix dh ah hv ao dx iy ao dx ix eh n s h#, ɛ z k̚ k oʊ ɔ θ ɝ z w ɨ p̚ p ɚ z ɛ ɾ̃ ɨ ɾ ɝ n u b̚ b ʊ k̚ t ɨ ð ʌ ɦ ɔ ɾ i ɔ ɾ ɨ ɛ n s 
/home/isaac/Projects/Thesis/data/timit/data/TRAIN/DR2/MRLJ0/SX250.WAV,h# dh ax bcl b ao s tcl t en bcl b ae l ey ow v axr kcl k ey m n axr f ah n ix ng sh ao r dx ix tcl ch h#, ð ə b̚ b ɔ s t̚ t n̩ b̚ b æ l eɪ oʊ v ɚ k̚ k eɪ m n ɚ f ʌ n ɨ ŋ ʃ ɔ ɹ ɾ ɨ t̚ tʃ 
/home/isaac/Projects/Thesis/data/timit/data/TRAIN/DR2/MRGS0/SI1356.WAV,h# dh ax pcl p r aa bcl b l ah m q ax v s aa l ix dx eh er dx iy q eh m axr r ae l q ax gcl g eh n ix n v ao l v z ax kcl k aa n s ax pcl t q ax v ae l y ux z h#, ð ə p̚ p ɹ ɑ b̚ b l ʌ m ʔ ə v s ɑ l ɨ ɾ ɛ ɝ ɾ i ʔ ɛ m ɚ ɹ æ l ʔ ə ɡ̚ ɡ ɛ n ɨ n v ɔ l v z ə k̚ k ɑ n s ə p̚ t ʔ ə v æ l j ʉ z 
/home/isaac/Projects/Thesis/data/timit/data/TRAIN/DR2/MRGS0/SI726.WAV,h# p r aa m pcl p l iy q ih tcl s eh v ax n hv iy w uh dcl k l ae dx axr q aw dx axr v dh ax kcl k ao r q w ix th tcl t w eh l v ax n dh ax n tcl t ae l iy hv ow h#, p ɹ ɑ m p̚ p l i ʔ ɪ t̚ s ɛ v ə n ɦ i w ʊ d̚ k l æ ɾ ɚ ʔ aʊ ɾ ɚ v ð ə k̚ k ɔ ɹ ʔ w ɨ θ t̚ t w ɛ l v ə n ð ə n t̚ t æ l i ɦ oʊ 
/home/isaac/Projects/Thesis/data/timit/data/TRAIN/DR2/MRGS0/SX186.WAV,h# w uh dx ax tcl t aa m bcl b oy q ao f ax n pcl p l ey aw tcl d ao r z h#, w ʊ ɾ ə t̚ t ɑ m b̚ b ɔɪ ʔ ɔ f ə n p̚ p l eɪ aʊ t̚ d ɔ ɹ z 
/home/isaac/Projects/Thesis/data/timit/data/TRAIN/DR2/MRGS0/SX276.WAV,h# jh aa n z bcl b r ah dh axr r iy pcl p ey nx ix dcl dh ix gcl g axr r aa dcl jh dcl d ao r h#, dʒ ɑ n z b̚ b ɹ ʌ ð ɚ ɹ i p̚ p eɪ ɾ̃ ɨ d̚ ð ɨ ɡ̚ ɡ ɚ ɹ ɑ d̚ dʒ d̚ d ɔ ɹ 
/home/isaac/Projects/Thesis/data/timit/data/TRAIN/DR2/MRGS0/SX6.WAV,h# b r ay tcl s ah n sh ay n pau sh ih m er z q ao n dh iy ow sh en h#, b ɹ aɪ t̚ s ʌ n ʃ aɪ n  ʃ ɪ m ɝ z ʔ ɔ n ð i oʊ ʃ n̩ 
/home/isaac/Projects/Thesis/data/timit/data/TRAIN/DR2/MRGS0/SI1986.WAV,h# w ah tcl ch axr n ey m ih nx iy w ey h#, w ʌ t̚ tʃ ɚ n eɪ m ɪ ɾ̃ i w eɪ 
/home/isaac/Projects/Thesis/data/timit/data/TRAIN/DR2/MRGS0/SX366.WAV,h# w ih y ux pcl p l iy z kcl k ix n f er m gcl g ah v axr m ix n tcl p aa l s iy r iy gcl g aa r dx ih ng w ey s tcl r ix m uw v el h#, w ɪ j ʉ p̚ p l i z k̚ k ɨ n f ɝ m ɡ̚ ɡ ʌ v ɚ m ɨ n t̚ p ɑ l s i ɹ i ɡ̚ ɡ ɑ ɹ ɾ ɪ ŋ w eɪ s t̚ ɹ ɨ m u v l̩ 
/home/isaac/Projects/Thesis/data/timit/data/TRAIN/DR2/MRGS0/SX96.WAV,h# m ae s kcl k er ey dcl p aa r dx iy z tcl t ae kcl s epi w ax n z ax m ae dcl jh ix n ey sh en h#, m æ s k̚ k ɝ eɪ d̚ p ɑ ɹ ɾ i z t̚ t æ k̚ s  w ə n z ə m æ d̚ dʒ ɨ n eɪ ʃ n̩ 
/home/isaac/Projects/Thesis/data/timit/data/TRAIN/DR2/MARC0/SX378.WAV,h# q ay dcl jh eh s ao dcl jh ix m n ih r dh ix n ux q aa r kcl k ix ax l aa dcl jh ax-h kcl k el m y ux z iy ix m h#, ʔ aɪ d̚ dʒ ɛ s ɔ d̚ dʒ ɨ m n ɪ ɹ ð ɨ n ʉ ʔ ɑ ɹ k̚ k ɨ ə l ɑ d̚ dʒ ə̥ k̚ k l̩ m j ʉ z i ɨ m 
/home/isaac/Projects/Thesis/data/timit/data/TRAIN/DR2/MARC0/SX18.WAV,h# q aa l ax m ow nx iy hh aa r m z ix dcl d ix v ao r s epi m ae n z epi w eh l th h#, ʔ ɑ l ə m oʊ ɾ̃ i h ɑ ɹ m z ɨ d̚ d ɨ v ɔ ɹ s  m æ n z  w ɛ l θ 
/home/isaac/Projects/Thesis/data/timit/data/TRAIN/DR2/MARC0/SI1818.WAV,h# f y ux m ih ng hh eh l pcl p l ax s hh iy w aa tcl ch dh ax m pcl p ae s em h#, f j ʉ m ɪ ŋ h ɛ l p̚ p l ə s h i w ɑ t̚ tʃ ð ə m p̚ p æ s m̩ 
/home/isaac/Projects/Thesis/data/timit/data/TRAIN/DR2/MARC0/SX108.WAV,h# hh ih s kcl k ae l pcl p ax z bcl b l ih s tcl t axr dcl f ax-h tcl t ix dx ey z hh aa tcl s ah n h#, h ɪ s k̚ k æ l p̚ p ə z b̚ b l ɪ s t̚ t ɚ d̚ f ə̥ t̚ t ɨ ɾ eɪ z h ɑ t̚ s ʌ n 
/home/isaac/Projects/Thesis/data/timit/data/TRAIN/DR2/MARC0/SI1188.WAV,h# m ey bcl b iy dh ey w el tcl t ey kcl k ah s h#, m eɪ b̚ b i ð eɪ w l̩ t̚ t eɪ k̚ k ʌ s 
/home/isaac/Projects/Thesis/data/timit/data/TRAIN/DR2/MARC0/SX198.WAV,h# n ao r w iy dcl jh ix n s epi w eh dx er z axr m ey dx ax v l ae m z epi w uh l h#, n ɔ ɹ w i d̚ dʒ ɨ n s  w ɛ ɾ ɝ z ɚ m eɪ ɾ ə v l æ m z  w ʊ l 
/home/isaac/Projects/Thesis/data/timit/data/TRAIN/DR2/MARC0/SX288.WAV,h# b r ah sh f ay axr z axr kcl k aa m ix n ix n dh ix dcl d r ay q ah n axr bcl b r ah sh ax v n ax v aa dx ax h#, b ɹ ʌ ʃ f aɪ ɚ z ɚ k̚ k ɑ m ɨ n ɨ n ð ɨ d̚ d ɹ aɪ ʔ ʌ n ɚ b̚ b ɹ ʌ ʃ ə v n ə v ɑ ɾ ə 
/home/isaac/Projects/Thesis/data/timit/data/TRAIN/DR2/MARC0/SI558.WAV,h# q ix z axr r ih l ae kcl k s tcl ow m ae q m ax s f ih r iy n ah f tcl t ux hh eh l pcl p er aw tcl g r ow dh iy z tcl t r ey tcl s h#, ʔ ɨ z ɚ ɹ ɪ l æ k̚ k s t̚ oʊ m æ ʔ m ə s f ɪ ɹ i n ʌ f t̚ t ʉ h ɛ l p̚ p ɝ aʊ t̚ ɡ ɹ oʊ ð i z t̚ t ɹ eɪ t̚ s 
/home/isaac/Projects/Thesis/data/timit/data/TRAIN/DR2/MCEW0/SI1442.WAV,h# dh ax-h dcl d ey dx ah q aa r pcl p r ix z eh nx ih dcl d ix n l ih s q eh n tcl t ey bcl b el s h#, ð ə̥ d̚ d eɪ ɾ ʌ ʔ ɑ ɹ p̚ p ɹ ɨ z ɛ ɾ̃ ɪ d̚ d ɨ n l ɪ s ʔ ɛ n t̚ t eɪ b̚ b l̩ s 
/home/isaac/Projects/Thesis/data/timit/data/TRAIN/DR2/MCEW0/SX452.WAV,h# q ix n dcl d iy v eh l ax pcl p ix ng f ih l m pau m ix n iy tcl t aa kcl k s ix kcl k eh m ax kcl k el z axr y ux z dcl d h#, ʔ ɨ n d̚ d i v ɛ l ə p̚ p ɨ ŋ f ɪ l m  m ɨ n i t̚ t ɑ k̚ k s ɨ k̚ k ɛ m ə k̚ k l̩ z ɚ j ʉ z d̚ d 
/home/isaac/Projects/Thesis/data/timit/data/TRAIN/DR2/MCEW0/SI2072.WAV,h# hh ix r iy tcl ch epi w ah n s epi m ao r en dcl d ax dh ix kcl k aa r pcl p ix tcl b ae gcl g em bcl b r ao dx ah pcl p ax pcl p ae k ix dcl jh ax v w iy nx axr s h#, h ɨ ɹ i t̚ tʃ  w ʌ n s  m ɔ ɹ n̩ d̚ d ə ð ɨ k̚ k ɑ ɹ p̚ p ɨ t̚ b æ ɡ̚ ɡ m̩ b̚ b ɹ ɔ ɾ ʌ p̚ p ə p̚ p æ k ɨ d̚ dʒ ə v w i ɾ̃ ɚ s 
/home/isaac/Projects/Thesis/data/timit/data/TRAIN/DR2/MCEW0/SX92.WAV,h# q ax l aa r dcl jh hh aw s ow l n iy dcl z epi l aa tcl s ax v ax pcl p l ay ix n s ix s h#, ʔ ə l ɑ ɹ d̚ dʒ h aʊ s oʊ l n i d̚ z  l ɑ t̚ s ə v ə p̚ p l aɪ ɨ n s ɨ s 
/home/isaac/Projects/Thesis/data/timit/data/TRAIN/DR2/MCEW0/SX182.WAV,h# th ih kcl gcl g l uw q uw z d aw dx ah dh ax tcl t ux bcl h#, θ ɪ k̚ ɡ̚ ɡ l u ʔ u z d aʊ ɾ ʌ ð ə t̚ t ʉ b̚ 
/home/isaac/Projects/Thesis/data/timit/data/TRAIN/DR2/MCEW0/SI812.WAV,h# n iy dcl d f axr n aa v el tcl t iy m ey bcl b iy ih s ih m pcl t em ax v kcl k ah l ch axr el f ax tcl t iy gcl g ix n q ix n s tcl t ix bcl b ih l ax tcl t iy h#, n i d̚ d f ɚ n ɑ v l̩ t̚ t i m eɪ b̚ b i ɪ s ɪ m p̚ t m̩ ə v k̚ k ʌ l tʃ ɚ l̩ f ə t̚ t i ɡ̚ ɡ ɨ n ʔ ɨ n s t̚ t ɨ b̚ b ɪ l ə t̚ t i 
/home/isaac/Projects/Thesis/data/timit/data/TRAIN/DR2/MCEW0/SX362.WAV,h# dh iy ih n oy ih ng r ae kcl k uw n s epi l ih pcl t ih n dcl d ix f ih l z gcl g aa r dcl en eh v r ix n ay tcl h#, ð i ɪ n ɔɪ ɪ ŋ ɹ æ k̚ k u n s  l ɪ p̚ t ɪ n d̚ d ɨ f ɪ l z ɡ̚ ɡ ɑ ɹ d̚ n̩ ɛ v ɹ ɨ n aɪ t̚ 
/home/isaac/Projects/Thesis/data/timit/data/TRAIN/DR2/MCEW0/SX272.WAV,h# q ax l aw iy tcl ch tcl ch ay ax l dcl d ix hv eh v ax n ay s pcl p aa pcl h#, ʔ ə l aʊ i t̚ tʃ t̚ tʃ aɪ ə l d̚ d ɨ ɦ ɛ v ə n aɪ s p̚ p ɑ p̚ 
/home/isaac/Projects/Thesis/data/timit/data/TRAIN/DR2/MDSS0/SI2087.WAV,h# w ay l ae s axr ey tcl dh ax-h kcl k aa ng axr gcl g ey sh ix n h#, w aɪ l æ s ɚ eɪ t̚ ð ə̥ k̚ k ɑ ŋ ɚ ɡ̚ ɡ eɪ ʃ ɨ n 
/home/isaac/Projects/Thesis/data/timit/data/TRAIN/DR2/MDSS0/SX351.WAV,h# dh n ux s ix bcl b er bcl b ix n ay tcl s epi w er kcl t hh aa r dx ix n r ix f er bcl b ix sh ix ng dh eh r ow l dcl d er hv ow m h#, ð n ʉ s ɨ b̚ b ɝ b̚ b ɨ n aɪ t̚ s  w ɝ k̚ t h ɑ ɹ ɾ ɨ n ɹ ɨ f ɝ b̚ b ɨ ʃ ɨ ŋ ð ɛ ɹ oʊ l d̚ d ɝ ɦ oʊ m 
/home/isaac/Projects/Thesis/data/timit/data/TRAIN/DR2/MDSS0/SX171.WAV,h# dh ax dcl d ay ix gcl n ow s ix s w ax z dcl d ix s kcl k er axr dcl jh ih ng pau hh aw ah v axr hv ix w ix z n aa dx ow v axr l iy w er ix dcl h#, ð ə d̚ d aɪ ɨ ɡ̚ n oʊ s ɨ s w ə z d̚ d ɨ s k̚ k ɝ ɚ d̚ dʒ ɪ ŋ  h aʊ ʌ v ɚ ɦ ɨ w ɨ z n ɑ ɾ oʊ v ɚ l i w ɝ ɨ d̚ 
/home/isaac/Projects/Thesis/data/timit/data/TRAIN/DR2/MDSS0/SI621.WAV,h# n aa dx ix kcl k ao r n er ix z bcl b ix n v ih z ix bcl b l iy kcl k ah tcl ih n ix s w ah n h#, n ɑ ɾ ɨ k̚ k ɔ ɹ n ɝ ɨ z b̚ b ɨ n v ɪ z ɨ b̚ b l i k̚ k ʌ t̚ ɪ n ɨ s w ʌ n 
/home/isaac/Projects/Thesis/data/timit/data/TRAIN/DR2/MDSS0/SX441.WAV,h# d ow n q l uh kcl f axr gcl g r uw pcl v ae l y ix bcl el z ix n ix bcl b ae ng kcl k v ao l tcl h#, d oʊ n ʔ l ʊ k̚ f ɚ ɡ̚ ɡ ɹ u p̚ v æ l j ɨ b̚ l̩ z ɨ n ɨ b̚ b æ ŋ k̚ k v ɔ l t̚ 
/home/isaac/Projects/Thesis/data/timit/data/TRAIN/DR2/MDSS0/SX261.WAV,h# d y ux hv ae v dh iy y eh l ow oy tcl m ax n r eh dx iy h#, d j ʉ ɦ æ v ð i j ɛ l oʊ ɔɪ t̚ m ə n ɹ ɛ ɾ i 
/home/isaac/Projects/Thesis/data/timit/data/TRAIN/DR2/MDSS0/SI1881.WAV,h# p aw dx er f l ey m gcl g ah sh tcl b ix n iy th ax w ae gcl ix n h#, p aʊ ɾ ɝ f l eɪ m ɡ̚ ɡ ʌ ʃ t̚ b ɨ n i θ ə w æ ɡ̚ ɨ n 
/home/isaac/Projects/Thesis/data/timit/data/TRAIN/DR2/MDSS0/SX81.WAV,h# ix tcl s ix m pcl p aa s ax bcl b el tcl t ax-h dcl d iy l w ax th bcl b y axr aa kcl k axr s iy h#, ɨ t̚ s ɨ m p̚ p ɑ s ə b̚ b l̩ t̚ t ə̥ d̚ d i l w ə θ b̚ b j ɚ ɑ k̚ k ɚ s i 
/home/isaac/Projects/Thesis/data/timit/data/TRAIN/DR2/MRJT0/SI1805.WAV,h# hh aw s ey f ix z tcl t ux s ey f h#, h aʊ s eɪ f ɨ z t̚ t ʉ s eɪ f 
/home/isaac/Projects/Thesis/data/timit/data/TRAIN/DR2/MRJT0/SX328.WAV,h# g r eh gcl axr r iy eh n dcl t aa m tcl ch ow z tcl t ix w aa tcl ch kcl k aa r tcl t ux n z ix n dh iy ae f tcl t axr n uw n h#, ɡ ɹ ɛ ɡ̚ ɚ ɹ i ɛ n d̚ t ɑ m t̚ tʃ oʊ z t̚ t ɨ w ɑ t̚ tʃ k̚ k ɑ ɹ t̚ t ʉ n z ɨ n ð i æ f t̚ t ɚ n u n 
/home/isaac/Projects/Thesis/data/timit/data/TRAIN/DR2/MRJT0/SX418.WAV,h# ay r ih s th iy n kcl k s dh ih s z uw hv ae z ix l eh v ix n s pcl p ae nx ih sh z iy bcl b r ax s h#, aɪ ɹ ɪ s θ i n k̚ k s ð ɪ s z u ɦ æ z ɨ l ɛ v ɨ n s p̚ p æ ɾ̃ ɪ ʃ z i b̚ b ɹ ə s 
/home/isaac/Projects/Thesis/data/timit/data/TRAIN/DR2/MRJT0/SX58.WAV,h# w iy ix kcl k s pcl p ih r iy eh n s dcl d ix s tcl t r eh s ax n f r ah s tcl t r ey sh ix n ax bcl t ey nx iy ng aw axr dcl d ix gcl g r iy s h#, w i ɨ k̚ k s p̚ p ɪ ɹ i ɛ n s d̚ d ɨ s t̚ t ɹ ɛ s ə n f ɹ ʌ s t̚ t ɹ eɪ ʃ ɨ n ə b̚ t eɪ ɾ̃ i ŋ aʊ ɚ d̚ d ɨ ɡ̚ ɡ ɹ i s 
/home/isaac/Projects/Thesis/data/timit/data/TRAIN/DR2/MRJT0/SX148.WAV,h# m ow s tcl p r iy s ih ng kcl k s hh eh dx ax th er dx ix v dh ax v ow tcl t s kcl k aw nx ix dcl h#, m oʊ s t̚ p ɹ i s ɪ ŋ k̚ k s h ɛ ɾ ə θ ɝ ɾ ɨ v ð ə v oʊ t̚ t s k̚ k aʊ ɾ̃ ɨ d̚ 
/home/isaac/Projects/Thesis/data/timit/data/TRAIN/DR2/MRJT0/SI868.WAV,h# dh ax hv ay eh s tcl r ey dx ix dcl d n aa n s uw pcl p axr v ay z axr r iy eh n dcl jh ix n eh axr ih ng tcl t ay dx ax l ix z epi r iy s er tcl ch eh n dcl jh ix n iy axr h#, ð ə ɦ aɪ ɛ s t̚ ɹ eɪ ɾ ɨ d̚ d n ɑ n s u p̚ p ɚ v aɪ z ɚ ɹ i ɛ n d̚ dʒ ɨ n ɛ ɚ ɪ ŋ t̚ t aɪ ɾ ə l ɨ z  ɹ i s ɝ t̚ tʃ ɛ n d̚ dʒ ɨ n i ɚ 
/home/isaac/Projects/Thesis/data/timit/data/TRAIN/DR2/MRJT0/SI1498.WAV,h# hh iy s epi m ae sh tcl t ix dx ih n ix q eh n tcl t ah m el dcl d ih n tcl t ix dcl d aa r kcl k n ax s h#, h i s  m æ ʃ t̚ t ɨ ɾ ɪ n ɨ ʔ ɛ n t̚ t ʌ m l̩ d̚ d ɪ n t̚ t ɨ d̚ d ɑ ɹ k̚ k n ə s 
/home/isaac/Projects/Thesis/data/timit/data/TRAIN/DR2/MRJT0/SX238.WAV,h# ey dcl d aa kcl t axr w ax z ix n iy ae m y ax l ix n s epi w ix th ax pcl p ey sh en tcl t h#, eɪ d̚ d ɑ k̚ t ɚ w ə z ɨ n i æ m j ə l ɨ n s  w ɨ θ ə p̚ p eɪ ʃ n̩ t̚ t 
/home/isaac/Projects/Thesis/data/timit/data/TRAIN/DR2/MJDE0/SI490.WAV,h# m ey bcl b iy q ih tcl t s tcl t ey kcl k iy ng l ao ng er tcl t ix gcl g eh tcl th ih ng s kcl k w eh r dx ax w ey pau dh eh n dh ax bcl b ae ng kcl k er z ix kcl k s pcl p eh kcl k tcl t ix dcl h#, m eɪ b̚ b i ʔ ɪ t̚ t s t̚ t eɪ k̚ k i ŋ l ɔ ŋ ɝ t̚ t ɨ ɡ̚ ɡ ɛ t̚ θ ɪ ŋ s k̚ k w ɛ ɹ ɾ ə w eɪ  ð ɛ n ð ə b̚ b æ ŋ k̚ k ɝ z ɨ k̚ k s p̚ p ɛ k̚ k t̚ t ɨ d̚ 
/home/isaac/Projects/Thesis/data/timit/data/TRAIN/DR2/MJDE0/SX400.WAV,h# jh ah s tcl t pau d r aa pcl n ow dx ix s ih z ix n ax q eh nx iy s ix gcl jh eh sh tcl ch ix n bcl b aa kcl k s h#, dʒ ʌ s t̚ t  d ɹ ɑ p̚ n oʊ ɾ ɨ s ɪ z ɨ n ə ʔ ɛ ɾ̃ i s ɨ ɡ̚ dʒ ɛ ʃ t̚ tʃ ɨ n b̚ b ɑ k̚ k s 
/home/isaac/Projects/Thesis/data/timit/data/TRAIN/DR2/MJDE0/SX310.WAV,h# dh ah hv uh dcl d ah v dh ix dcl jh iy pcl pau w ih s tcl t iy m ih ng ix q ih n dh ah hv aa tcl t s ah n h#, ð ʌ ɦ ʊ d̚ d ʌ v ð ɨ d̚ dʒ i p̚  w ɪ s t̚ t i m ɪ ŋ ɨ ʔ ɪ n ð ʌ ɦ ɑ t̚ t s ʌ n 
/home/isaac/Projects/Thesis/data/timit/data/TRAIN/DR2/MJDE0/SX40.WAV,h# s tcl t ih m y ix l ey dx ih ng dcl d ih s kcl k ah sh ix n z kcl k iy pcl p s tcl t ux q en tcl t s q eh tcl t eh n sh ix n h#, s t̚ t ɪ m j ɨ l eɪ ɾ ɪ ŋ d̚ d ɪ s k̚ k ʌ ʃ ɨ n z k̚ k i p̚ p s t̚ t ʉ ʔ n̩ t̚ t s ʔ ɛ t̚ t ɛ n ʃ ɨ n 
/home/isaac/Projects/Thesis/data/timit/data/TRAIN/DR2/MJDE0/SX130.WAV,h# hh iy q ey tcl t f ao r pau eh kcl k s tcl t axr q eh gcl z f er bcl b r eh kcl k f ix s tcl t h#, h i ʔ eɪ t̚ t f ɔ ɹ  ɛ k̚ k s t̚ t ɚ ʔ ɛ ɡ̚ z f ɝ b̚ b ɹ ɛ k̚ k f ɨ s t̚ t 
/home/isaac/Projects/Thesis/data/timit/data/TRAIN/DR2/MJDE0/SX220.WAV,h# dh ax m ow s tcl t r iy s ih n tcl jh iy ax l aa dcl jh ix kcl k el s er v ey f aw n s ay z m ih kcl k q eh kcl k tcl t ih v ix dx iy h#, ð ə m oʊ s t̚ t ɹ i s ɪ n t̚ dʒ i ə l ɑ d̚ dʒ ɨ k̚ k l̩ s ɝ v eɪ f aʊ n s aɪ z m ɪ k̚ k ʔ ɛ k̚ k t̚ t ɪ v ɨ ɾ i 
/home/isaac/Projects/Thesis/data/timit/data/TRAIN/DR2/MJDE0/SI463.WAV,h# dh iy hv ow tcl t eh l ow nx er sh r ah gcl g dcl d h#, ð i ɦ oʊ t̚ t ɛ l oʊ ɾ̃ ɝ ʃ ɹ ʌ ɡ̚ ɡ d̚ d 
/home/isaac/Projects/Thesis/data/timit/data/TRAIN/DR2/MJDE0/SI1120.WAV,h# hh ih z tcl t ah f pau q aa nx ih s tcl t iy kcl k ix n dcl d eh m z ih m tcl t ux q ey s aa l ax tcl t eh r iy q eh n dcl d ih f ix kcl k el tcl t ih gcl z ih s tcl t ix n epi s h#, h ɪ z t̚ t ʌ f  ʔ ɑ ɾ̃ ɪ s t̚ t i k̚ k ɨ n d̚ d ɛ m z ɪ m t̚ t ʉ ʔ eɪ s ɑ l ə t̚ t ɛ ɹ i ʔ ɛ n d̚ d ɪ f ɨ k̚ k l̩ t̚ t ɪ ɡ̚ z ɪ s t̚ t ɨ n  s 
/home/isaac/Projects/Thesis/data/timit/data/TRAIN/DR2/FKAA0/SI578.WAV,h# sh iy kcl k ih n r iy m uw v q ao l n ih kcl n ae kcl s pau w ix th ih n r iy tcl ch h#, ʃ i k̚ k ɪ n ɹ i m u v ʔ ɔ l n ɪ k̚ n æ k̚ s  w ɨ θ ɪ n ɹ i t̚ tʃ 
/home/isaac/Projects/Thesis/data/timit/data/TRAIN/DR2/FKAA0/SX308.WAV,h# sh ih pcl b ih l dx ix ng ih z ax m ow s tcl t f ae s ix nx ey dx ix ng pcl p r aa s eh s h#, ʃ ɪ p̚ b ɪ l ɾ ɨ ŋ ɪ z ə m oʊ s t̚ t f æ s ɨ ɾ̃ eɪ ɾ ɨ ŋ p̚ p ɹ ɑ s ɛ s 
/home/isaac/Projects/Thesis/data/timit/data/TRAIN/DR2/FKAA0/SX38.WAV,h# y ah ng pcl p iy pcl p el pcl p aa r tcl t ih s ax pcl p ey tcl q ih n q ae th l eh dx ix kcl k q ae kcl k tcl t ih v ix dx iy z h#, j ʌ ŋ p̚ p i p̚ p l̩ p̚ p ɑ ɹ t̚ t ɪ s ə p̚ p eɪ t̚ ʔ ɪ n ʔ æ θ l ɛ ɾ ɨ k̚ k ʔ æ k̚ k t̚ t ɪ v ɨ ɾ i z 
/home/isaac/Projects/Thesis/data/timit/data/TRAIN/DR2/FKAA0/SX398.WAV,h# ch ih l dcl r ih n kcl k ae n kcl k en s ux m eh n iy f r ux q k ae n dcl d iy z q ih n w ah n s ih dx ix ng h#, tʃ ɪ l d̚ ɹ ɪ n k̚ k æ n k̚ k n̩ s ʉ m ɛ n i f ɹ ʉ ʔ k æ n d̚ d i z ʔ ɪ n w ʌ n s ɪ ɾ ɨ ŋ 
/home/isaac/Projects/Thesis/data/timit/data/TRAIN/DR2/FKAA0/SX128.WAV,h# l aa tcl t s ax f ao axr n m uw v iy z hv ae v s ah bcl t ay dx el z h#, l ɑ t̚ t s ə f ɔ ɚ n m u v i z ɦ æ v s ʌ b̚ t aɪ ɾ l̩ z 
/home/isaac/Projects/Thesis/data/timit/data/TRAIN/DR2/FKAA0/SX218.WAV,h# t r ay dx axr r iy kcl k ao l dh iy ix v eh n tcl s ih n kcl k r aa nx ix l aa dcl jh ax-h kcl k el q ao r dx er h#, t ɹ aɪ ɾ ɚ ɹ i k̚ k ɔ l ð i ɨ v ɛ n t̚ s ɪ n k̚ k ɹ ɑ ɾ̃ ɨ l ɑ d̚ dʒ ə̥ k̚ k l̩ ʔ ɔ ɹ ɾ ɝ 
/home/isaac/Projects/Thesis/data/timit/data/TRAIN/DR2/FKAA0/SI1208.WAV,h# dh ih s dcl d aa kcl t r ix n w ah z r iy pcl p ah gcl g n ix n tcl pau t ix m ay m ao r el s eh n tcl s h#, ð ɪ s d̚ d ɑ k̚ t ɹ ɨ n w ʌ z ɹ i p̚ p ʌ ɡ̚ ɡ n ɨ n t̚  t ɨ m aɪ m ɔ ɹ l̩ s ɛ n t̚ s 
/home/isaac/Projects/Thesis/data/timit/data/TRAIN/DR2/FKAA0/SI1838.WAV,h# dh ax l ey dx iy z q ay z pau q aa n m ae gcl n ix f ay dcl pau b ah gcl d aw tcl h#, ð ə l eɪ ɾ i z ʔ aɪ z  ʔ ɑ n m æ ɡ̚ n ɨ f aɪ d̚  b ʌ ɡ̚ d aʊ t̚ 
/home/isaac/Projects/Thesis/data/timit/data/TRAIN/DR2/MKDT0/SX173.WAV,h# hh w eh v er kcl k ax w aa pcl p axr ey tcl t s ix n f ay n iy ng n ae n z kcl k ae m iy ow q w ax l bcl b iy r ix w ao r dx ih dcl h#, h w ɛ v ɝ k̚ k ə w ɑ p̚ p ɚ eɪ t̚ t s ɨ n f aɪ n i ŋ n æ n z k̚ k æ m i oʊ ʔ w ə l b̚ b i ɹ ɨ w ɔ ɹ ɾ ɪ d̚ 
/home/isaac/Projects/Thesis/data/timit/data/TRAIN/DR2/MKDT0/SI2153.WAV,h# hh iy r eh kcl k ix gcl n ay z dcl ix z dcl jh ae kcl k ix tcl en tcl t r aw z axr z h#, h i ɹ ɛ k̚ k ɨ ɡ̚ n aɪ z d̚ ɨ z d̚ dʒ æ k̚ k ɨ t̚ n̩ t̚ t ɹ aʊ z ɚ z 
/home/isaac/Projects/Thesis/data/timit/data/TRAIN/DR2/MKDT0/SX263.WAV,h# hh aw oy l iy dcl d y ux l ay kcl k y axr s ae l ax dcl d r eh s ix ng h#, h aʊ ɔɪ l i d̚ d j ʉ l aɪ k̚ k j ɚ s æ l ə d̚ d ɹ ɛ s ɨ ŋ 
/home/isaac/Projects/Thesis/data/timit/data/TRAIN/DR2/MKDT0/SX353.WAV,h# ax-h kcl k aa nx ah s uw axr w ax l ix n dcl jh oy dh ih s sh eh l f ih sh dcl d ih sh h#, ə̥ k̚ k ɑ ɾ̃ ʌ s u ɚ w ə l ɨ n d̚ dʒ ɔɪ ð ɪ s ʃ ɛ l f ɪ ʃ d̚ d ɪ ʃ 
/home/isaac/Projects/Thesis/data/timit/data/TRAIN/DR2/MKDT0/SI893.WAV,h# dh axr z n eh v er ix n ah f kcl k ao r n pcl p iy z q axr s tcl t r ao bcl b eh r ix z h#, ð ɚ z n ɛ v ɝ ɨ n ʌ f k̚ k ɔ ɹ n p̚ p i z ʔ ɚ s t̚ t ɹ ɔ b̚ b ɛ ɹ ɨ z 
/home/isaac/Projects/Thesis/data/timit/data/TRAIN/DR2/MKDT0/SI814.WAV,h# f ao l s l ow l iy f ow er dcl d q aa n tcl t ix dh ix hv ae n z q ax n l eh tcl dh ix bcl b aa dx iy dcl d aw n tcl t axr r eh s tcl t ah n dh ax epi f l ao axr h#, f ɔ l s l oʊ l i f oʊ ɝ d̚ d ʔ ɑ n t̚ t ɨ ð ɨ ɦ æ n z ʔ ə n l ɛ t̚ ð ɨ b̚ b ɑ ɾ i d̚ d aʊ n t̚ t ɚ ɹ ɛ s t̚ t ʌ n ð ə  f l ɔ ɚ 
/home/isaac/Projects/Thesis/data/timit/data/TRAIN/DR2/MKDT0/SX83.WAV,h# m ay ix n s tcl t r ah kcl sh en z dcl d eh s pcl p axr q l iy n iy dcl d q ah pcl d ey dx ix ng h#, m aɪ ɨ n s t̚ t ɹ ʌ k̚ ʃ n̩ z d̚ d ɛ s p̚ p ɚ ʔ l i n i d̚ d ʔ ʌ p̚ d eɪ ɾ ɨ ŋ 
/home/isaac/Projects/Thesis/data/timit/data/TRAIN/DR2/MKDT0/SX443.WAV,h# q ix l ow n s tcl t aa r sh ow n q ix n iy q er l iy q iy v n ih ng s kcl k ay h#, ʔ ɨ l oʊ n s t̚ t ɑ ɹ ʃ oʊ n ʔ ɨ n i ʔ ɝ l i ʔ i v n ɪ ŋ s k̚ k aɪ 
/home/isaac/Projects/Thesis/data/timit/data/TRAIN/DR2/MKJO0/SI1517.WAV,h# hh ay er dcl d hh aa r dcl d l ae kcl k iy z ax dh ax w ao r m aa ng gcl g axr ix ng kcl k ae pcl p ax dx el ix s h#, h aɪ ɝ d̚ d h ɑ ɹ d̚ d l æ k̚ k i z ə ð ə w ɔ ɹ m ɑ ŋ ɡ̚ ɡ ɚ ɨ ŋ k̚ k æ p̚ p ə ɾ l̩ ɨ s 
/home/isaac/Projects/Thesis/data/timit/data/TRAIN/DR2/MKJO0/SX424.WAV,h# t aa pcl z ih n y ih z pau r eh r l ih hv eh v kcl k r uh kcl k ix dcl d s tcl t eh m z h#, t ɑ p̚ z ɪ n j ɪ z  ɹ ɛ ɹ l ɪ ɦ ɛ v k̚ k ɹ ʊ k̚ k ɨ d̚ d s t̚ t ɛ m z 
/home/isaac/Projects/Thesis/data/timit/data/TRAIN/DR2/MKJO0/SI2147.WAV,h# w ix n dh ey gcl g aa q hh ow m ix tcl m ih dcl n ay tcl sh ux w ix z tcl t ay axr dcl d aw q h#, w ɨ n ð eɪ ɡ̚ ɡ ɑ ʔ h oʊ m ɨ t̚ m ɪ d̚ n aɪ t̚ ʃ ʉ w ɨ z t̚ t aɪ ɚ d̚ d aʊ ʔ 
/home/isaac/Projects/Thesis/data/timit/data/TRAIN/DR2/MKJO0/SX77.WAV,h# b ae gcl p ay pcl s ix n bcl b aa ng gcl g ow z axr m y ux z ix kcl k el ix n tcl t s tcl t ax-h m ix n tcl t s h#, b æ ɡ̚ p aɪ p̚ s ɨ n b̚ b ɑ ŋ ɡ̚ ɡ oʊ z ɚ m j ʉ z ɨ k̚ k l̩ ɨ n t̚ t s t̚ t ə̥ m ɨ n t̚ t s 
/home/isaac/Projects/Thesis/data/timit/data/TRAIN/DR2/MKJO0/SX437.WAV,h# dh ey y ux z dcl d ih n ih gcl g r eh s ax v pcl p l iy s epi m ix n tcl t ix f l ae gcl th ao q l ix s epi m ow dx axr ix s tcl s h#, ð eɪ j ʉ z d̚ d ɪ n ɪ ɡ̚ ɡ ɹ ɛ s ə v p̚ p l i s  m ɨ n t̚ t ɨ f l æ ɡ̚ θ ɔ ʔ l ɨ s  m oʊ ɾ ɚ ɨ s t̚ s 
/home/isaac/Projects/Thesis/data/timit/data/TRAIN/DR2/MKJO0/SI887.WAV,h# q ax n ah dh axr l ao ng gcl g axr s tcl t axr pcl p f tcl t ih n s el w ih pcl t ix z epi m aw th h#, ʔ ə n ʌ ð ɚ l ɔ ŋ ɡ̚ ɡ ɚ s t̚ t ɚ p̚ p f t̚ t ɪ n s l̩ w ɪ p̚ t ɨ z  m aʊ θ 
/home/isaac/Projects/Thesis/data/timit/data/TRAIN/DR2/MKJO0/SX257.WAV,h# w ih r q ow pcl p ih n q eh r v r iy m ah n dcl d ey q iy v n ix ng h#, w ɪ ɹ ʔ oʊ p̚ p ɪ n ʔ ɛ ɹ v ɹ i m ʌ n d̚ d eɪ ʔ i v n ɨ ŋ 
/home/isaac/Projects/Thesis/data/timit/data/TRAIN/DR2/MKJO0/SX167.WAV,h# ix m pcl p l oy ix q l ey ao f s kcl k ow ix n tcl t s ay dcl d ih dcl d w ix th ix kcl k ah m pcl p en iy z epi r ix ao r gcl g ix n ix z ey sh en h#, ɨ m p̚ p l ɔɪ ɨ ʔ l eɪ ɔ f s k̚ k oʊ ɨ n t̚ t s aɪ d̚ d ɪ d̚ d w ɨ θ ɨ k̚ k ʌ m p̚ p n̩ i z  ɹ ɨ ɔ ɹ ɡ̚ ɡ ɨ n ɨ z eɪ ʃ n̩ 
/home/isaac/Projects/Thesis/data/timit/data/TRAIN/DR2/FEAC0/SI1875.WAV,h# dh ey w er tcl t eh dh er dcl q aa r m iy s tcl t ay l q aa n s tcl t ey bcl el l ay n s h#, ð eɪ w ɝ t̚ t ɛ ð ɝ d̚ ʔ ɑ ɹ m i s t̚ t aɪ l ʔ ɑ n s t̚ t eɪ b̚ l̩ l aɪ n s 
/home/isaac/Projects/Thesis/data/timit/data/TRAIN/DR2/FEAC0/SX435.WAV,h# dh ax r ih tcl ch uh dx ih n v eh s tcl t q ih n bcl b l ae kcl k z er kcl k aa n z en s tcl t eh dx ix v s tcl t ay l ix sh ux z h#, ð ə ɹ ɪ t̚ tʃ ʊ ɾ ɪ n v ɛ s t̚ t ʔ ɪ n b̚ b l æ k̚ k z ɝ k̚ k ɑ n z n̩ s t̚ t ɛ ɾ ɨ v s t̚ t aɪ l ɨ ʃ ʉ z 
/home/isaac/Projects/Thesis/data/timit/data/TRAIN/DR2/FEAC0/SX255.WAV,h# m ay q ay dcl d iy l m ao r nx ih ng bcl b iy gcl g ih n z w ix th hh aa tcl k ao f iy h#, m aɪ ʔ aɪ d̚ d i l m ɔ ɹ ɾ̃ ɪ ŋ b̚ b i ɡ̚ ɡ ɪ n z w ɨ θ h ɑ t̚ k ɔ f i 
/home/isaac/Projects/Thesis/data/timit/data/TRAIN/DR2/FEAC0/SX345.WAV,h# t r ih sh s ao q aw er z ax n aw er z ix v m ux v iy s ae dx axr dcl d ey h#, t ɹ ɪ ʃ s ɔ ʔ aʊ ɝ z ə n aʊ ɝ z ɨ v m ʉ v i s æ ɾ ɚ d̚ d eɪ 
/home/isaac/Projects/Thesis/data/timit/data/TRAIN/DR2/FEAC0/SX165.WAV,h# dh ix iy z iy gcl g ow ix ng z uw aa l ax dcl ih s tcl r iy l ae kcl k s tcl th r ux aw tcl dh ax v oy ix dcl jh h#, ð ɨ i z i ɡ̚ ɡ oʊ ɨ ŋ z u ɑ l ə d̚ ɪ s t̚ ɹ i l æ k̚ k s t̚ θ ɹ ʉ aʊ t̚ ð ə v ɔɪ ɨ d̚ dʒ 
/home/isaac/Projects/Thesis/data/timit/data/TRAIN/DR2/FEAC0/SI615.WAV,h# hh er dcl d ey bcl b y uw ow v er pcl p axr hv ae pcl p s dh ix q er l iy er s iy n z w uh l ax m er dcl jh q iy kcl k w el iy f ay n h#, h ɝ d̚ d eɪ b̚ b j u oʊ v ɝ p̚ p ɚ ɦ æ p̚ p s ð ɨ ʔ ɝ l i ɝ s i n z w ʊ l ə m ɝ d̚ dʒ ʔ i k̚ k w l̩ i f aɪ n 
/home/isaac/Projects/Thesis/data/timit/data/TRAIN/DR2/FEAC0/SX75.WAV,h# f ih l dh ae kcl k ae n tcl t iy n w ix th f r eh sh pcl p r ih ng w ao dx axr h#, f ɪ l ð æ k̚ k æ n t̚ t i n w ɨ θ f ɹ ɛ ʃ p̚ p ɹ ɪ ŋ w ɔ ɾ ɚ 
/home/isaac/Projects/Thesis/data/timit/data/TRAIN/DR2/FEAC0/SI1245.WAV,h# aa bcl jh ih kcl k tcl t q ah v ih l ix dcl jh kcl k r ao s r ow dcl z h#, ɑ b̚ dʒ ɪ k̚ k t̚ t ʔ ʌ v ɪ l ɨ d̚ dʒ k̚ k ɹ ɔ s ɹ oʊ d̚ z 
/home/isaac/Projects/Thesis/data/timit/data/TRAIN/DR2/MRHL0/SI2145.WAV,h# w ax sh iy dcl jh eh s epi n ae tcl ch ax l iy s l aa pcl p iy ix bcl b aw q eh v r iy th iy ng bcl b ah tcl hh axr f ih z ix kcl k el ax pcl p ih r eh n tcl t s h#, w ə ʃ i d̚ dʒ ɛ s  n æ t̚ tʃ ə l i s l ɑ p̚ p i ɨ b̚ b aʊ ʔ ɛ v ɹ i θ i ŋ b̚ b ʌ t̚ h ɚ f ɪ z ɨ k̚ k l̩ ə p̚ p ɪ ɹ ɛ n t̚ t s 
/home/isaac/Projects/Thesis/data/timit/data/TRAIN/DR2/MRHL0/SX435.WAV,h# dh ix r ih tcl ch ux dx ih m v eh s tcl t ix n bcl b l ae kcl k z er kcl k aa n z en s tcl t eh dx ix v s tcl t ay l ix sh ux z h#, ð ɨ ɹ ɪ t̚ tʃ ʉ ɾ ɪ m v ɛ s t̚ t ɨ n b̚ b l æ k̚ k z ɝ k̚ k ɑ n z n̩ s t̚ t ɛ ɾ ɨ v s t̚ t aɪ l ɨ ʃ ʉ z 
/home/isaac/Projects/Thesis/data/timit/data/TRAIN/DR2/MRHL0/SX255.WAV,h# m aa q ay dcl d iy l m ao r nx iy ng bcl b iy gcl g ih n z epi w ih th hh aa tcl k ao f iy h#, m ɑ ʔ aɪ d̚ d i l m ɔ ɹ ɾ̃ i ŋ b̚ b i ɡ̚ ɡ ɪ n z  w ɪ θ h ɑ t̚ k ɔ f i 
/home/isaac/Projects/Thesis/data/timit/data/TRAIN/DR2/MRHL0/SI1515.WAV,h# dh eh r dcl d uw ih nx ih tcl n aw h#, ð ɛ ɹ d̚ d u ɪ ɾ̃ ɪ t̚ n aʊ 
/home/isaac/Projects/Thesis/data/timit/data/TRAIN/DR2/MRHL0/SI885.WAV,h# n ay nx ah v dh eh m hv eh dcl d gcl g ao n dcl d aw n dh ix gcl g ey ng pcl p l ey ng kcl k q ao l r eh dx iy h#, n aɪ ɾ̃ ʌ v ð ɛ m ɦ ɛ d̚ d ɡ̚ ɡ ɔ n d̚ d aʊ n ð ɨ ɡ̚ ɡ eɪ ŋ p̚ p l eɪ ŋ k̚ k ʔ ɔ l ɹ ɛ ɾ i 
/home/isaac/Projects/Thesis/data/timit/data/TRAIN/DR2/MRHL0/SX345.WAV,h# t r ih sh s ao q aw er z en aw er z ix v m uw v iy s ae dx axr dcl d ey h#, t ɹ ɪ ʃ s ɔ ʔ aʊ ɝ z n̩ aʊ ɝ z ɨ v m u v i s æ ɾ ɚ d̚ d eɪ 
/home/isaac/Projects/Thesis/data/timit/data/TRAIN/DR2/MRHL0/SX165.WAV,h# dh iy q iy z iy gcl g ow iy ng z uw aa l ix dcl jh ih s tcl t r ix l ae kcl s tcl t th r ix aw tcl dh ax v oy ix dcl jh h#, ð i ʔ i z i ɡ̚ ɡ oʊ i ŋ z u ɑ l ɨ d̚ dʒ ɪ s t̚ t ɹ ɨ l æ k̚ s t̚ t θ ɹ ɨ aʊ t̚ ð ə v ɔɪ ɨ d̚ dʒ 
/home/isaac/Projects/Thesis/data/timit/data/TRAIN/DR2/MRHL0/SX75.WAV,h# f ih l ae tcl k ae n tcl t iy n w ix th f r eh sh pcl p r iy ng w ao dx er h#, f ɪ l æ t̚ k æ n t̚ t i n w ɨ θ f ɹ ɛ ʃ p̚ p ɹ i ŋ w ɔ ɾ ɝ 
/home/isaac/Projects/Thesis/data/timit/data/TRAIN/DR2/MDWD0/SX450.WAV,h# r oy ih gcl n ao r dcl dh ix s pcl p er iy ix s dcl d ey dx ix pcl p oy n t s en dcl d r ao ix ng dh ix gcl g r ae f h#, ɹ ɔɪ ɪ ɡ̚ n ɔ ɹ d̚ ð ɨ s p̚ p ɝ i ɨ s d̚ d eɪ ɾ ɨ p̚ p ɔɪ n t s n̩ d̚ d ɹ ɔ ɨ ŋ ð ɨ ɡ̚ ɡ ɹ æ f 
/home/isaac/Projects/Thesis/data/timit/data/TRAIN/DR2/MDWD0/SI557.WAV,h# hh aw dx uh dh ey tcl t er nx aw q l ey dx axr h#, h aʊ ɾ ʊ ð eɪ t̚ t ɝ ɾ̃ aʊ ʔ l eɪ ɾ ɚ 
/home/isaac/Projects/Thesis/data/timit/data/TRAIN/DR2/MDWD0/SX270.WAV,h# q aa r hv aa l ah dx ey q ey pcl p r ix n z ix v ey l ax bcl b el tcl t uw q ah s h#, ʔ ɑ ɹ ɦ ɑ l ʌ ɾ eɪ ʔ eɪ p̚ p ɹ ɨ n z ɨ v eɪ l ə b̚ b l̩ t̚ t u ʔ ʌ s 
/home/isaac/Projects/Thesis/data/timit/data/TRAIN/DR2/MDWD0/SX90.WAV,h# dh ah th ih ng kcl k er ih z ix f ey m ix s kcl k ah l pcl ch axr h#, ð ʌ θ ɪ ŋ k̚ k ɝ ɪ z ɨ f eɪ m ɨ s k̚ k ʌ l p̚ tʃ ɚ 
/home/isaac/Projects/Thesis/data/timit/data/TRAIN/DR2/MDWD0/SI1890.WAV,h# ao l dh ow m ay sh aa tcl k ih l dx ix z hh ao r s hh iy r ow l dx ao f dh ix bcl b ey l aa n tcl t aa pcl p ax v m iy h#, ɔ l ð oʊ m aɪ ʃ ɑ t̚ k ɪ l ɾ ɨ z h ɔ ɹ s h i ɹ oʊ l ɾ ɔ f ð ɨ b̚ b eɪ l ɑ n t̚ t ɑ p̚ p ə v m i 
/home/isaac/Projects/Thesis/data/timit/data/TRAIN/DR2/MDWD0/SX180.WAV,h# ao m ow s ao kcl k aa l ih dcl jh ix z axr n aw kcl k ow eh dcl jh ax-h kcl k ey sh n el h#, ɔ m oʊ s ɔ k̚ k ɑ l ɪ d̚ dʒ ɨ z ɚ n aʊ k̚ k oʊ ɛ d̚ dʒ ə̥ k̚ k eɪ ʃ n l̩ 
/home/isaac/Projects/Thesis/data/timit/data/TRAIN/DR2/MDWD0/SI1260.WAV,h# y ux nx ih tcl p r ay s ix z f axr s tcl t ey tcl v iy ih kcl k el z aa r ix n v eh r ix ax bcl b l iy l ow axr dh eh n t ix dh ix dcl jh eh n r el pcl p ah bcl b l ix kcl k h#, j ʉ ɾ̃ ɪ t̚ p ɹ aɪ s ɨ z f ɚ s t̚ t eɪ t̚ v i ɪ k̚ k l̩ z ɑ ɹ ɨ n v ɛ ɹ ɨ ə b̚ b l i l oʊ ɚ ð ɛ n t ɨ ð ɨ d̚ dʒ ɛ n ɹ l̩ p̚ p ʌ b̚ b l ɨ k̚ k 
/home/isaac/Projects/Thesis/data/timit/data/TRAIN/DR2/MDWD0/SX360.WAV,h# hh ay ix s ux m oy s tcl ch axr w el dcl d ae m ix dcl jh dh ih s sh ih pcl p s hh ao l h#, h aɪ ɨ s ʉ m ɔɪ s t̚ tʃ ɚ w l̩ d̚ d æ m ɨ d̚ dʒ ð ɪ s ʃ ɪ p̚ p s h ɔ l 
/home/isaac/Projects/Thesis/data/timit/data/TRAIN/DR2/MKAJ0/SX424.WAV,h# t aa pcl z ih n y ix z epi r er l iy hv ae v kcl k r uh kcl k ix dcl s tcl t eh m epi s h#, t ɑ p̚ z ɪ n j ɨ z  ɹ ɝ l i ɦ æ v k̚ k ɹ ʊ k̚ k ɨ d̚ s t̚ t ɛ m  s 
/home/isaac/Projects/Thesis/data/timit/data/TRAIN/DR2/MKAJ0/SX64.WAV,h# r eh gcl g y er ix tcl t eh n dcl d ix n tcl s ix s eh l dcl d ax m r ix kcl k w ay axr dcl d h#, ɹ ɛ ɡ̚ ɡ j ɝ ɨ t̚ t ɛ n d̚ d ɨ n t̚ s ɨ s ɛ l d̚ d ə m ɹ ɨ k̚ k w aɪ ɚ d̚ d 
/home/isaac/Projects/Thesis/data/timit/data/TRAIN/DR2/MKAJ0/SI1414.WAV,h# hh aw y ux gcl g ao nx ix kcl k iy pcl p ax m dcl d aw nx ao n dh ax f aa r m h#, h aʊ j ʉ ɡ̚ ɡ ɔ ɾ̃ ɨ k̚ k i p̚ p ə m d̚ d aʊ ɾ̃ ɔ n ð ə f ɑ ɹ m 
/home/isaac/Projects/Thesis/data/timit/data/TRAIN/DR2/MKAJ0/SX244.WAV,h# hh er bcl z bcl b er tcl th ey ix kcl k er z f r ih kcl k ax n q l iy ao n th ae ng kcl s gcl g ih v ix ng h#, h ɝ b̚ z b̚ b ɝ t̚ θ eɪ ɨ k̚ k ɝ z f ɹ ɪ k̚ k ə n ʔ l i ɔ n θ æ ŋ k̚ s ɡ̚ ɡ ɪ v ɨ ŋ 
/home/isaac/Projects/Thesis/data/timit/data/TRAIN/DR2/MKAJ0/SI2044.WAV,h# w eh tcl q ao l s uh w ix dh ix m axr iy n z f ix tcl t iy gcl k s pau q ix n dh ix f ey s hv eh dx ih n q oy l iy f ih l m h#, w ɛ t̚ ʔ ɔ l s ʊ w ɨ ð ɨ m ɚ i n z f ɨ t̚ t i ɡ̚ k s  ʔ ɨ n ð ɨ f eɪ s ɦ ɛ ɾ ɪ n ʔ ɔɪ l i f ɪ l m 
/home/isaac/Projects/Thesis/data/timit/data/TRAIN/DR2/MKAJ0/SX154.WAV,h# q ao r n sh dcl jh ux s tcl t ey s f ah n iy ae f tcl t axr tcl t ux th pcl p ey s h#, ʔ ɔ ɹ n ʃ d̚ dʒ ʉ s t̚ t eɪ s f ʌ n i æ f t̚ t ɚ t̚ t ʉ θ p̚ p eɪ s 
/home/isaac/Projects/Thesis/data/timit/data/TRAIN/DR2/MKAJ0/SI784.WAV,h# q ih tcl t ih z ax bcl b ih gcl p r aa dcl jh eh kcl t pau n aa tcl t ax-h bcl b ix tcl t ey kcl k ix n l ay tcl l iy h#, ʔ ɪ t̚ t ɪ z ə b̚ b ɪ ɡ̚ p ɹ ɑ d̚ dʒ ɛ k̚ t  n ɑ t̚ t ə̥ b̚ b ɨ t̚ t eɪ k̚ k ɨ n l aɪ t̚ l i 
/home/isaac/Projects/Thesis/data/timit/data/TRAIN/DR2/MKAJ0/SX334.WAV,h# q ao f ix n y ux gcl g ih tcl b ae kcl m ao r dh ix n y ux pcl p uh dx ix n h#, ʔ ɔ f ɨ n j ʉ ɡ̚ ɡ ɪ t̚ b æ k̚ m ɔ ɹ ð ɨ n j ʉ p̚ p ʊ ɾ ɨ n 
/home/isaac/Projects/Thesis/data/timit/data/TRAIN/DR2/MEFG0/SX105.WAV,h# y ux m ah s eh kcl s pcl p l ih s ax tcl l iy dcl d ax l iy tcl t f ay l z h#, j ʉ m ʌ s ɛ k̚ s p̚ p l ɪ s ə t̚ l i d̚ d ə l i t̚ t f aɪ l z 
/home/isaac/Projects/Thesis/data/timit/data/TRAIN/DR2/MEFG0/SX285.WAV,h# r ih tcl ch pcl p er sh ih s eh v r el s ay n l ih th ix gcl g r ae f s h#, ɹ ɪ t̚ tʃ p̚ p ɝ ʃ ɪ s ɛ v ɹ l̩ s aɪ n l ɪ θ ɨ ɡ̚ ɡ ɹ æ f s 
/home/isaac/Projects/Thesis/data/timit/data/TRAIN/DR2/MEFG0/SI598.WAV,h# n ux s eh l f tcl t ix s iy v ix ng r ae gcl z er hv er ix dcl l iy tcl t ao s tcl t ao n dh ax tcl t ux n ey kcl k ix dcl b ow n tcl t h#, n ʉ s ɛ l f t̚ t ɨ s i v ɨ ŋ ɹ æ ɡ̚ z ɝ ɦ ɝ ɨ d̚ l i t̚ t ɔ s t̚ t ɔ n ð ə t̚ t ʉ n eɪ k̚ k ɨ d̚ b oʊ n t̚ t 
/home/isaac/Projects/Thesis/data/timit/data/TRAIN/DR2/MEFG0/SX375.WAV,h# g r ow ix ng w eh l kcl k eh pcl t gcl g aa r dcl d ix n z pau ix z v eh r ix tcl t ay m kcl k ix n s uw m ix ng h#, ɡ ɹ oʊ ɨ ŋ w ɛ l k̚ k ɛ p̚ t ɡ̚ ɡ ɑ ɹ d̚ d ɨ n z  ɨ z v ɛ ɹ ɨ t̚ t aɪ m k̚ k ɨ n s u m ɨ ŋ 
/home/isaac/Projects/Thesis/data/timit/data/TRAIN/DR2/MEFG0/SI491.WAV,h# hh ay er ix ng dh ax w ay f axr w ah n z kcl k ah m pcl p n iy m ey w ih n hv axr tcl t ae kcl s ey dcl ix dcl r ix tcl t ay axr m ix n q ih n kcl k ah m h#, h aɪ ɝ ɨ ŋ ð ə w aɪ f ɚ w ʌ n z k̚ k ʌ m p̚ p n i m eɪ w ɪ n ɦ ɚ t̚ t æ k̚ s eɪ d̚ ɨ d̚ ɹ ɨ t̚ t aɪ ɚ m ɨ n ʔ ɪ n k̚ k ʌ m 
/home/isaac/Projects/Thesis/data/timit/data/TRAIN/DR2/MEFG0/SX15.WAV,h# dh ax m ux z iy ah m hv ay er zh m ux zh ih sh ix n z eh v r iy q iy v n ix ng h#, ð ə m ʉ z i ʌ m ɦ aɪ ɝ ʒ m ʉ ʒ ɪ ʃ ɨ n z ɛ v ɹ i ʔ i v n ɨ ŋ 
/home/isaac/Projects/Thesis/data/timit/data/TRAIN/DR2/MEFG0/SI465.WAV,h# n ow bcl aa dx iy r ih l ih ix kcl s pcl p eh kcl k s tcl t uw ax v ae kcl k y ux ey tcl h#, n oʊ b̚ ɑ ɾ i ɹ ɪ l ɪ ɨ k̚ s p̚ p ɛ k̚ k s t̚ t u ə v æ k̚ k j ʉ eɪ t̚ 
/home/isaac/Projects/Thesis/data/timit/data/TRAIN/DR2/MEFG0/SX195.WAV,h# w uh dcl jh uw ax l aw ae kcl k s ax v ay ax l ax n tcl t s h#, w ʊ d̚ dʒ u ə l aʊ æ k̚ k s ə v aɪ ə l ə n t̚ t s 
/home/isaac/Projects/Thesis/data/timit/data/TRAIN/DR2/FPJF0/SI1676.WAV,h# q ih s epi n ow dcl d kcl k ix n tcl t ih n y ux ix s epi l iy bcl b ax q k w ay ix tcl l iy pau q iy v ix n l iy h#, ʔ ɪ s  n oʊ d̚ d k̚ k ɨ n t̚ t ɪ n j ʉ ɨ s  l i b̚ b ə ʔ k w aɪ ɨ t̚ l i  ʔ i v ɨ n l i 
/home/isaac/Projects/Thesis/data/timit/data/TRAIN/DR2/FPJF0/SX56.WAV,h# hh ae kcl k ix dcl d eh m ih kcl k q ae pcl t ix tcl t ux dcl g eh r ix n tcl t iy zh axr dcl d ix pcl p l ow m ah h#, h æ k̚ k ɨ d̚ d ɛ m ɪ k̚ k ʔ æ p̚ t ɨ t̚ t ʉ d̚ ɡ ɛ ɹ ɨ n t̚ t i ʒ ɚ d̚ d ɨ p̚ p l oʊ m ʌ 
/home/isaac/Projects/Thesis/data/timit/data/TRAIN/DR2/FPJF0/SX326.WAV,h# s tcl t iy v kcl k ax l eh kcl k s epi r eh r eh n aa v el kcl k oy n z h#, s t̚ t i v k̚ k ə l ɛ k̚ k s  ɹ ɛ ɹ ɛ n ɑ v l̩ k̚ k ɔɪ n z 
/home/isaac/Projects/Thesis/data/timit/data/TRAIN/DR2/FPJF0/SX352.WAV,h# q ax kcl k ao r dx ix ng tcl t ux m ay ix n tcl t axr pcl p r ix tcl t ey sh epi en ah v dh ax pcl p r aa bcl em tcl t ux l ay n z epi m ah s tcl b iy pcl p axr pcl p ix n dcl d ix kcl k y ix l axr h#, ʔ ə k̚ k ɔ ɹ ɾ ɨ ŋ t̚ t ʉ m aɪ ɨ n t̚ t ɚ p̚ p ɹ ɨ t̚ t eɪ ʃ  n̩ ʌ v ð ə p̚ p ɹ ɑ b̚ m̩ t̚ t ʉ l aɪ n z  m ʌ s t̚ b i p̚ p ɚ p̚ p ɨ n d̚ d ɨ k̚ k j ɨ l ɚ 
/home/isaac/Projects/Thesis/data/timit/data/TRAIN/DR2/FPJF0/SX236.WAV,h# k l ih r pcl p r ix n ah n tcl t s iy ey sh epi en ih z ix pcl p r iy sh epi iy ey dx ix dcl d h#, k l ɪ ɹ p̚ p ɹ ɨ n ʌ n t̚ t s i eɪ ʃ  n̩ ɪ z ɨ p̚ p ɹ i ʃ  i eɪ ɾ ɨ d̚ d 
/home/isaac/Projects/Thesis/data/timit/data/TRAIN/DR2/FPJF0/SI1046.WAV,h# dh iy z m eh n w er w ih th aw tcl k ae pcl p ax dx ax l axr kcl k s pcl p ih r iy eh n tcl t s h#, ð i z m ɛ n w ɝ w ɪ θ aʊ t̚ k æ p̚ p ə ɾ ə l ɚ k̚ k s p̚ p ɪ ɹ i ɛ n t̚ t s 
/home/isaac/Projects/Thesis/data/timit/data/TRAIN/DR2/FPJF0/SI1259.WAV,h# f ah m n ih s pau m ow dx ax pcl p uh l pcl p er s epi n eh l dcl d ix v eh l pcl p ah dh axr m iy nx ix ng f el ix n r ix l ey dx ix dcl d ey dx ah h#, f ʌ m n ɪ s  m oʊ ɾ ə p̚ p ʊ l p̚ p ɝ s  n ɛ l d̚ d ɨ v ɛ l p̚ p ʌ ð ɚ m i ɾ̃ ɨ ŋ f l̩ ɨ n ɹ ɨ l eɪ ɾ ɨ d̚ d eɪ ɾ ʌ 
/home/isaac/Projects/Thesis/data/timit/data/TRAIN/DR2/FPJF0/SX146.WAV,h# s ih kcl k l ix kcl k el pcl p r ow gcl g r ae m z epi w ax n eh v axr kcl k ax m pcl p ay l h#, s ɪ k̚ k l ɨ k̚ k l̩ p̚ p ɹ oʊ ɡ̚ ɡ ɹ æ m z  w ə n ɛ v ɚ k̚ k ə m p̚ p aɪ l 
/home/isaac/Projects/Thesis/data/timit/data/TRAIN/DR2/FSKL0/SI899.WAV,h# hh ow m ey dcl d s aw er kcl k r aw tcl q ix s er v dcl d w ah n s ax w iy kcl k h#, h oʊ m eɪ d̚ d s aʊ ɝ k̚ k ɹ aʊ t̚ ʔ ɨ s ɝ v d̚ d w ʌ n s ə w i k̚ k 
/home/isaac/Projects/Thesis/data/timit/data/TRAIN/DR2/FSKL0/SI2159.WAV,h# hh axr f ey s iy m dcl t ix f l ow tcl ih nx ih n q ih m pcl p l aa z ix bcl b l iy bcl b r ay tcl t sh ae f tcl t ix v s ah n l ay tcl t h#, h ɚ f eɪ s i m d̚ t ɨ f l oʊ t̚ ɪ ɾ̃ ɪ n ʔ ɪ m p̚ p l ɑ z ɨ b̚ b l i b̚ b ɹ aɪ t̚ t ʃ æ f t̚ t ɨ v s ʌ n l aɪ t̚ t 
/home/isaac/Projects/Thesis/data/timit/data/TRAIN/DR2/FSKL0/SX269.WAV,h# d ux q ey tcl t ih pcl p ix kcl k el f aa r m axr z gcl g r ow q ow tcl t s h#, d ʉ ʔ eɪ t̚ t ɪ p̚ p ɨ k̚ k l̩ f ɑ ɹ m ɚ z ɡ̚ ɡ ɹ oʊ ʔ oʊ t̚ t s 
/home/isaac/Projects/Thesis/data/timit/data/TRAIN/DR2/FSKL0/SX89.WAV,h# ix tcl t s hh aa r dcl t ix tcl t eh l ax n axr r ih dcl jh en el f r ax m ax f ao r dcl jh axr r iy h#, ɨ t̚ t s h ɑ ɹ d̚ t ɨ t̚ t ɛ l ə n ɚ ɹ ɪ d̚ dʒ n̩ l̩ f ɹ ə m ə f ɔ ɹ d̚ dʒ ɚ ɹ i 
/home/isaac/Projects/Thesis/data/timit/data/TRAIN/DR2/FSKL0/SI1529.WAV,h# m ih axr l iy tcl t ix s ae dx ix s f ay dh iy aa th axr z kcl k y axr iy aa s ix dx iy h#, m ɪ ɚ l i t̚ t ɨ s æ ɾ ɨ s f aɪ ð i ɑ θ ɚ z k̚ k j ɚ i ɑ s ɨ ɾ i 
/home/isaac/Projects/Thesis/data/timit/data/TRAIN/DR2/FSKL0/SX179.WAV,h# w ix kcl k ih dcl b eh r l iy s ux dh ih f y ao r dcl d z th r ux dh ih s epi n ow f l er iy z h#, w ɨ k̚ k ɪ d̚ b ɛ ɹ l i s ʉ ð ɪ f j ɔ ɹ d̚ d z θ ɹ ʉ ð ɪ s  n oʊ f l ɝ i z 
/home/isaac/Projects/Thesis/data/timit/data/TRAIN/DR2/FSKL0/SX449.WAV,h# r ae l f pcl p r ix pcl p eh r dcl r eh dcl s epi n ae pcl p er w ix th f r eh sh epi l eh m ix n s ao s f axr dcl d ih n er h#, ɹ æ l f p̚ p ɹ ɨ p̚ p ɛ ɹ d̚ ɹ ɛ d̚ s  n æ p̚ p ɝ w ɨ θ f ɹ ɛ ʃ  l ɛ m ɨ n s ɔ s f ɚ d̚ d ɪ n ɝ 
/home/isaac/Projects/Thesis/data/timit/data/TRAIN/DR2/FSKL0/SX359.WAV,h# dh ih s ix s tcl t ax m ey bcl b r ey kcl d aw n s ux n ax pau s ah s ey v y axr f ay l z f r iy kcl k w ix q n l iy h#, ð ɪ s ɨ s t̚ t ə m eɪ b̚ b ɹ eɪ k̚ d aʊ n s ʉ n ə  s ʌ s eɪ v j ɚ f aɪ l z f ɹ i k̚ k w ɨ ʔ n l i 
/home/isaac/Projects/Thesis/data/timit/data/TRAIN/DR2/MJMD0/SI1028.WAV,h# b ah tcl n aw sh ix s ey ng kcl k l ow er tcl t ax-h dh ih r aa kcl k h#, b ʌ t̚ n aʊ ʃ ɨ s eɪ ŋ k̚ k l oʊ ɝ t̚ t ə̥ ð ɪ ɹ ɑ k̚ k 
/home/isaac/Projects/Thesis/data/timit/data/TRAIN/DR2/MJMD0/SI2288.WAV,h# ax n ah dh axr bcl b r ae n dcl d ih v ix n dcl d eh f ix nx ih tcl r eh f r ix n tcl s q axr r ay z ix s pau q ah dx ix v dh iy y ux s ax v dh ix dcl d ah bcl b el v er bcl h#, ə n ʌ ð ɚ b̚ b ɹ æ n d̚ d ɪ v ɨ n d̚ d ɛ f ɨ ɾ̃ ɪ t̚ ɹ ɛ f ɹ ɨ n t̚ s ʔ ɚ ɹ aɪ z ɨ s  ʔ ʌ ɾ ɨ v ð i j ʉ s ə v ð ɨ d̚ d ʌ b̚ b l̩ v ɝ b̚ 
/home/isaac/Projects/Thesis/data/timit/data/TRAIN/DR2/MJMD0/SX308.WAV,h# sh ih pcl b ih l dcl d ix ng ix z ax m ow s f ae s epi n ey dx ix ng pcl p r aa s eh s h#, ʃ ɪ p̚ b ɪ l d̚ d ɨ ŋ ɨ z ə m oʊ s f æ s  n eɪ ɾ ɨ ŋ p̚ p ɹ ɑ s ɛ s 
/home/isaac/Projects/Thesis/data/timit/data/TRAIN/DR2/MJMD0/SX38.WAV,h# q y ah ng pcl p iy pcl p el pcl p aa r tcl t ix s ix pcl p ey q ix n ae th epi l eh dx ih kcl k eh kcl t ih v ix dx iy z h#, ʔ j ʌ ŋ p̚ p i p̚ p l̩ p̚ p ɑ ɹ t̚ t ɨ s ɨ p̚ p eɪ ʔ ɨ n æ θ  l ɛ ɾ ɪ k̚ k ɛ k̚ t ɪ v ɨ ɾ i z 
/home/isaac/Projects/Thesis/data/timit/data/TRAIN/DR2/MJMD0/SX398.WAV,h# ch uh l dcl d r ih n kcl k ix n kcl k en s uw m eh n iy f r ux tcl k ae n d ih z ix n w ah n s ih dx ix ng h#, tʃ ʊ l d̚ d ɹ ɪ n k̚ k ɨ n k̚ k n̩ s u m ɛ n i f ɹ ʉ t̚ k æ n d ɪ z ɨ n w ʌ n s ɪ ɾ ɨ ŋ 
/home/isaac/Projects/Thesis/data/timit/data/TRAIN/DR2/MJMD0/SX128.WAV,h# l aa tcl s ax v f ao r ix n m uw v iy z hh ae v s ah bcl t ay dx el epi s h#, l ɑ t̚ s ə v f ɔ ɹ ɨ n m u v i z h æ v s ʌ b̚ t aɪ ɾ l̩  s 
/home/isaac/Projects/Thesis/data/timit/data/TRAIN/DR2/MJMD0/SX218.WAV,h# t r ay dx ix r iy kcl k ao l dh iy ix v eh n tcl s epi en kcl k r aa nx ax l aa dcl jh ax-h kcl k el ao r dcl d axr h#, t ɹ aɪ ɾ ɨ ɹ i k̚ k ɔ l ð i ɨ v ɛ n t̚ s  n̩ k̚ k ɹ ɑ ɾ̃ ə l ɑ d̚ dʒ ə̥ k̚ k l̩ ɔ ɹ d̚ d ɚ 
/home/isaac/Projects/Thesis/data/timit/data/TRAIN/DR2/MJMD0/SI1658.WAV,h# w eh w ih dh ey n aw h#, w ɛ w ɪ ð eɪ n aʊ 
/home/isaac/Projects/Thesis/data/timit/data/TRAIN/DR2/FCYL0/SX397.WAV,h# t ih m tcl t ey kcl k sh iy l ah tcl t ax-h s iy m uw v iy z tcl t w ay s ax w iy kcl k h#, t ɪ m t̚ t eɪ k̚ k ʃ i l ʌ t̚ t ə̥ s i m u v i z t̚ t w aɪ s ə w i k̚ k 
/home/isaac/Projects/Thesis/data/timit/data/TRAIN/DR2/FCYL0/SI1927.WAV,h# y ux dcl d ux dh ae tcl q ao r tcl t ey kcl k y uw ah tcl q ax pcl p er m ih tcl t r ay tcl n aw h#, j ʉ d̚ d ʉ ð æ t̚ ʔ ɔ ɹ t̚ t eɪ k̚ k j u ʌ t̚ ʔ ə p̚ p ɝ m ɪ t̚ t ɹ aɪ t̚ n aʊ 
/home/isaac/Projects/Thesis/data/timit/data/TRAIN/DR2/FCYL0/SX37.WAV,h# k r ih dx ih kcl k el iy kcl k w ih pcl m ix n tcl n iy dcl z pcl p r aa pcl p axr m ey tcl en eh n tcl s h#, k ɹ ɪ ɾ ɪ k̚ k l̩ i k̚ k w ɪ p̚ m ɨ n t̚ n i d̚ z p̚ p ɹ ɑ p̚ p ɚ m eɪ t̚ n̩ ɛ n t̚ s 
/home/isaac/Projects/Thesis/data/timit/data/TRAIN/DR2/FCYL0/SI1297.WAV,h# q eh tcl q ih nx axr v el z pau q ix nx ax n el ah m n ay dcl d r eh kcl t r iy q ix z ih sh ux dcl d h#, ʔ ɛ t̚ ʔ ɪ ɾ̃ ɚ v l̩ z  ʔ ɨ ɾ̃ ə n l̩ ʌ m n aɪ d̚ d ɹ ɛ k̚ t ɹ i ʔ ɨ z ɪ ʃ ʉ d̚ d 
/home/isaac/Projects/Thesis/data/timit/data/TRAIN/DR2/FCYL0/SX127.WAV,h# dh ix q eh m pcl p axr er hv ae dx ih m iy n tcl t eh m pcl p axr h#, ð ɨ ʔ ɛ m p̚ p ɚ ɝ ɦ æ ɾ ɪ m i n t̚ t ɛ m p̚ p ɚ 
/home/isaac/Projects/Thesis/data/timit/data/TRAIN/DR2/FCYL0/SX349.WAV,h# dh ix pcl p r iy s kcl k uw l axr kcl k uh dx en tcl t v er bcl b el ay z hh axr f iy l ih ng z ax bcl b aw tcl dh iy ix m er dcl jh en s iy kcl k ix n d ih sh ax n z h#, ð ɨ p̚ p ɹ i s k̚ k u l ɚ k̚ k ʊ ɾ n̩ t̚ t v ɝ b̚ b l̩ aɪ z h ɚ f i l ɪ ŋ z ə b̚ b aʊ t̚ ð i ɨ m ɝ d̚ dʒ n̩ s i k̚ k ɨ n d ɪ ʃ ə n z 
/home/isaac/Projects/Thesis/data/timit/data/TRAIN/DR2/FCYL0/SX217.WAV,h# hh aw pcl p er m ix n ih n tcl t q aa r dh eh axr r eh kcl k axr dcl z h#, h aʊ p̚ p ɝ m ɨ n ɪ n t̚ t ʔ ɑ ɹ ð ɛ ɚ ɹ ɛ k̚ k ɚ d̚ z 
/home/isaac/Projects/Thesis/data/timit/data/TRAIN/DR2/FCYL0/SI667.WAV,h# y eh s ih n dcl d iy dcl d ix w iy tcl t ux kcl k ix n s iy ix w ao r l ay kcl k hh ow s tcl t q ah v q ih n f ix dcl d eh l z ix n kcl k ae m pcl t q ix gcl g eh n s tcl t ah s h#, j ɛ s ɪ n d̚ d i d̚ d ɨ w i t̚ t ʉ k̚ k ɨ n s i ɨ w ɔ ɹ l aɪ k̚ k h oʊ s t̚ t ʔ ʌ v ʔ ɪ n f ɨ d̚ d ɛ l z ɨ n k̚ k æ m p̚ t ʔ ɨ ɡ̚ ɡ ɛ n s t̚ t ʌ s 
/home/isaac/Projects/Thesis/data/timit/data/TRAIN/DR2/MMAG0/SX226.WAV,h# s tcl t eh f kcl k uh dcl b eh r l ih hv ae n dcl d el dh ax s ay kcl k el aa dcl jh ax-h kcl k el tcl t r ao m ax h#, s t̚ t ɛ f k̚ k ʊ d̚ b ɛ ɹ l ɪ ɦ æ n d̚ d l̩ ð ə s aɪ k̚ k l̩ ɑ d̚ dʒ ə̥ k̚ k l̩ t̚ t ɹ ɔ m ə 
/home/isaac/Projects/Thesis/data/timit/data/TRAIN/DR2/MMAG0/SI1126.WAV,h# ix n dcl d l eh tcl m iy q ae dcl pau y ux tcl t ow pcl p iy ix n ih z ax m pau ao l s ow h#, ɨ n d̚ d l ɛ t̚ m i ʔ æ d̚  j ʉ t̚ t oʊ p̚ p i ɨ n ɪ z ə m  ɔ l s oʊ 
/home/isaac/Projects/Thesis/data/timit/data/TRAIN/DR2/MMAG0/SI496.WAV,h# dh ey kcl k uh dx ax w ao kcl k pau r ay dx ao n ax bcl b ah s pau q axr bcl b iy dcl d r ih v ax n h#, ð eɪ k̚ k ʊ ɾ ə w ɔ k̚ k  ɹ aɪ ɾ ɔ n ə b̚ b ʌ s  ʔ ɚ b̚ b i d̚ d ɹ ɪ v ə n 
/home/isaac/Projects/Thesis/data/timit/data/TRAIN/DR2/MMAG0/SI1756.WAV,h# m iy n w ay l pau f ih sh axr m eh n tcl t uh kcl k ix dcl v ae nx ix dcl jh ah v dh eh m tcl t ax pcl p uh l ah pcl p w ao pcl p er z h#, m i n w aɪ l  f ɪ ʃ ɚ m ɛ n t̚ t ʊ k̚ k ɨ d̚ v æ ɾ̃ ɨ d̚ dʒ ʌ v ð ɛ m t̚ t ə p̚ p ʊ l ʌ p̚ p w ɔ p̚ p ɝ z 
/home/isaac/Projects/Thesis/data/timit/data/TRAIN/DR2/MMAG0/SX316.WAV,h# dh ae tcl dcl d ao gcl ch ey s ix z kcl k ae tcl s pau m er s ax l eh s l iy h#, ð æ t̚ d̚ d ɔ ɡ̚ tʃ eɪ s ɨ z k̚ k æ t̚ s  m ɝ s ə l ɛ s l i 
/home/isaac/Projects/Thesis/data/timit/data/TRAIN/DR2/MMAG0/SX136.WAV,h# s ay ix n tcl t ih f ix kcl p r aa gcl g r eh s kcl k ah m z f axr m dh ax dcl d ih v eh l ax pcl m ix n ax v n ux tcl t eh kcl n iy kcl k s h#, s aɪ ɨ n t̚ t ɪ f ɨ k̚ p ɹ ɑ ɡ̚ ɡ ɹ ɛ s k̚ k ʌ m z f ɚ m ð ə d̚ d ɪ v ɛ l ə p̚ m ɨ n ə v n ʉ t̚ t ɛ k̚ n i k̚ k s 
/home/isaac/Projects/Thesis/data/timit/data/TRAIN/DR2/MMAG0/SX46.WAV,h# dh ae tcl p ih kcl p aa kcl k ix tcl w ax z kcl k ao tcl r eh dcl d hv ae n dcl d ix dcl h#, ð æ t̚ p ɪ k̚ p ɑ k̚ k ɨ t̚ w ə z k̚ k ɔ t̚ ɹ ɛ d̚ d ɦ æ n d̚ d ɨ d̚ 
/home/isaac/Projects/Thesis/data/timit/data/TRAIN/DR2/MMAG0/SX406.WAV,h# dh eh r w ax z ax dcl jh ay gcl g ae n tcl t ix kcl k w aa s pcl n eh kcl k s tcl t ix q er v ih ng g z bcl b ih gcl t aa pcl p hv ae tcl h#, ð ɛ ɹ w ə z ə d̚ dʒ aɪ ɡ̚ ɡ æ n t̚ t ɨ k̚ k w ɑ s p̚ n ɛ k̚ k s t̚ t ɨ ʔ ɝ v ɪ ŋ ɡ z b̚ b ɪ ɡ̚ t ɑ p̚ p ɦ æ t̚ 
/home/isaac/Projects/Thesis/data/timit/data/TRAIN/DR2/MRJM0/SI1228.WAV,h# t r ae dcl jh ix dx iy pcl p r ix z ux m s ah tcl ch ix kcl k ix n f ih gcl g y axr ey sh ix n h#, t ɹ æ d̚ dʒ ɨ ɾ i p̚ p ɹ ɨ z ʉ m s ʌ t̚ tʃ ɨ k̚ k ɨ n f ɪ ɡ̚ ɡ j ɚ eɪ ʃ ɨ n 
/home/isaac/Projects/Thesis/data/timit/data/TRAIN/DR2/MRJM0/SX328.WAV,h# g r eh gcl g axr iy eh n tcl t aa m tcl ch ow z tcl t ax w ah tcl ch kcl k aa r tcl t ux n z ih n dh iy ae f tcl t axr n ux n h#, ɡ ɹ ɛ ɡ̚ ɡ ɚ i ɛ n t̚ t ɑ m t̚ tʃ oʊ z t̚ t ə w ʌ t̚ tʃ k̚ k ɑ ɹ t̚ t ʉ n z ɪ n ð i æ f t̚ t ɚ n ʉ n 
/home/isaac/Projects/Thesis/data/timit/data/TRAIN/DR2/MRJM0/SX418.WAV,h# ay r ix s th ih ng kcl k s dh ih s z ux hv eh z ax l eh v ix n s pcl p ae n ih sh z iy bcl b r ax z h#, aɪ ɹ ɨ s θ ɪ ŋ k̚ k s ð ɪ s z ʉ ɦ ɛ z ə l ɛ v ɨ n s p̚ p æ n ɪ ʃ z i b̚ b ɹ ə z 
/home/isaac/Projects/Thesis/data/timit/data/TRAIN/DR2/MRJM0/SX58.WAV,h# w iy ih kcl k s pcl p er iy eh n s dcl d ih s tcl t r eh s q ae n dcl f r ah s tcl t r ey sh ix n ah bcl t ey n ih ng aa r dcl d ix gcl g r iy z h#, w i ɪ k̚ k s p̚ p ɝ i ɛ n s d̚ d ɪ s t̚ t ɹ ɛ s ʔ æ n d̚ f ɹ ʌ s t̚ t ɹ eɪ ʃ ɨ n ʌ b̚ t eɪ n ɪ ŋ ɑ ɹ d̚ d ɨ ɡ̚ ɡ ɹ i z 
/home/isaac/Projects/Thesis/data/timit/data/TRAIN/DR2/MRJM0/SI1858.WAV,h# sh iy dcl d r ae ng kcl g r iy dx ax l iy pau eh n m er m axr dcl pau th ae ng kcl k y ux q ae z hh iy l ow er dcl hv axr hv eh dcl h#, ʃ i d̚ d ɹ æ ŋ k̚ ɡ ɹ i ɾ ə l i  ɛ n m ɝ m ɚ d̚  θ æ ŋ k̚ k j ʉ ʔ æ z h i l oʊ ɝ d̚ ɦ ɚ ɦ ɛ d̚ 
/home/isaac/Projects/Thesis/data/timit/data/TRAIN/DR2/MRJM0/SX148.WAV,h# m ow s pcl p r iy s ih ng kcl k s hh ae dx ah th er dcl ax v dh ax v ow tcl s kcl k aw n ix dcl d h#, m oʊ s p̚ p ɹ i s ɪ ŋ k̚ k s h æ ɾ ʌ θ ɝ d̚ ə v ð ə v oʊ t̚ s k̚ k aʊ n ɨ d̚ d 
/home/isaac/Projects/Thesis/data/timit/data/TRAIN/DR2/MRJM0/SI1095.WAV,h# dh ey f ay n dcl d iy pcl p eh s ax m ih z ix m ih n dh eh m h#, ð eɪ f aɪ n d̚ d i p̚ p ɛ s ə m ɪ z ɨ m ɪ n ð ɛ m 
/home/isaac/Projects/Thesis/data/timit/data/TRAIN/DR2/MRJM0/SX238.WAV,h# ah dcl d aa kcl t axr w ix z ix n dh iy q ae m bcl b y ax l ix n s epi w ix th ix pcl p ey sh ix n tcl h#, ʌ d̚ d ɑ k̚ t ɚ w ɨ z ɨ n ð i ʔ æ m b̚ b j ə l ɨ n s  w ɨ θ ɨ p̚ p eɪ ʃ ɨ n t̚ 
/home/isaac/Projects/Thesis/data/timit/data/TRAIN/DR2/MBJV0/SI1877.WAV,h# dh er z epi n ow tcl ch ae n s n aw v q ao l ax v ah s gcl g ih dx ix ng ax w ey h#, ð ɝ z  n oʊ t̚ tʃ æ n s n aʊ v ʔ ɔ l ə v ʌ s ɡ̚ ɡ ɪ ɾ ɨ ŋ ə w eɪ 
/home/isaac/Projects/Thesis/data/timit/data/TRAIN/DR2/MBJV0/SI617.WAV,h# dh ax-h s tcl t ao r ix l ay n pau ix n s ao r tcl pau ax-h s epi w ay l iy q ah n r ih l ih s tcl t ix kcl h#, ð ə̥ s t̚ t ɔ ɹ ɨ l aɪ n  ɨ n s ɔ ɹ t̚  ə̥ s  w aɪ l i ʔ ʌ n ɹ ɪ l ɪ s t̚ t ɨ k̚ 
/home/isaac/Projects/Thesis/data/timit/data/TRAIN/DR2/MBJV0/SX347.WAV,h# dh ax pcl p ey sh ix n tcl t eh n dh ix s er zh ix n aa r bcl b ow th r ix kcl k uw pcl p er ey dx ix ng pau f ax m dh ax l eh ng th iy q aa pcl p er ey sh ix n h#, ð ə p̚ p eɪ ʃ ɨ n t̚ t ɛ n ð ɨ s ɝ ʒ ɨ n ɑ ɹ b̚ b oʊ θ ɹ ɨ k̚ k u p̚ p ɝ eɪ ɾ ɨ ŋ  f ə m ð ə l ɛ ŋ θ i ʔ ɑ p̚ p ɝ eɪ ʃ ɨ n 
/home/isaac/Projects/Thesis/data/timit/data/TRAIN/DR2/MBJV0/SX77.WAV,h# b ey gcl p ay pcl p s ix n bcl b aa ng ow z aa r m y ux z ih kcl k el ih n s ax-h m ax n s h#, b eɪ ɡ̚ p aɪ p̚ p s ɨ n b̚ b ɑ ŋ oʊ z ɑ ɹ m j ʉ z ɪ k̚ k l̩ ɪ n s ə̥ m ə n s 
/home/isaac/Projects/Thesis/data/timit/data/TRAIN/DR2/MBJV0/SX437.WAV,h# dh ey y ux z ix n ix gcl g r eh s ax v pcl p l iy s epi m ae n tcl t ax f l ey gcl g th ao q l ax s m ow dx axr ix s h#, ð eɪ j ʉ z ɨ n ɨ ɡ̚ ɡ ɹ ɛ s ə v p̚ p l i s  m æ n t̚ t ə f l eɪ ɡ̚ ɡ θ ɔ ʔ l ə s m oʊ ɾ ɚ ɨ s 
/home/isaac/Projects/Thesis/data/timit/data/TRAIN/DR2/MBJV0/SX257.WAV,h# w iy er q ow pcl p ix n q eh v r iy m ah n d ey q iy v n iy n h#, w i ɝ ʔ oʊ p̚ p ɨ n ʔ ɛ v ɹ i m ʌ n d eɪ ʔ i v n i n 
/home/isaac/Projects/Thesis/data/timit/data/TRAIN/DR2/MBJV0/SI1247.WAV,h# n ow pcl p ow ix tcl t r iy pau n ow q eh r pcl p l ey n z pau n ow dcl d ae n s axr z h#, n oʊ p̚ p oʊ ɨ t̚ t ɹ i  n oʊ ʔ ɛ ɹ p̚ p l eɪ n z  n oʊ d̚ d æ n s ɚ z 
/home/isaac/Projects/Thesis/data/timit/data/TRAIN/DR2/MBJV0/SX167.WAV,h# p l oy iy l ey ao s kcl k ao ax n s ay dx ix dcl d w ix th ix kcl k ah m pcl p en iy z r iy ao r gcl ix nx ay z ey sh en h#, p l ɔɪ i l eɪ ɔ s k̚ k ɔ ə n s aɪ ɾ ɨ d̚ d w ɨ θ ɨ k̚ k ʌ m p̚ p n̩ i z ɹ i ɔ ɹ ɡ̚ ɨ ɾ̃ aɪ z eɪ ʃ n̩ 
/home/isaac/Projects/Thesis/data/timit/data/TRAIN/DR2/MRMS0/SX120.WAV,h# dh ix kcl k ay ow dx iy bcl b aa bcl k ae tcl en hh ay iy n ax q aa r w ay l dcl q ae nx ax m el z h#, ð ɨ k̚ k aɪ oʊ ɾ i b̚ b ɑ b̚ k æ t̚ n̩ h aɪ i n ə ʔ ɑ ɹ w aɪ l d̚ ʔ æ ɾ̃ ə m l̩ z 
/home/isaac/Projects/Thesis/data/timit/data/TRAIN/DR2/MRMS0/SI2100.WAV,h# dh eh n q ae f tcl t axr ax w ay l pau sh iy w ih n tcl t axr hv axr m eh axr h#, ð ɛ n ʔ æ f t̚ t ɚ ə w aɪ l  ʃ i w ɪ n t̚ t ɚ ɦ ɚ m ɛ ɚ 
/home/isaac/Projects/Thesis/data/timit/data/TRAIN/DR2/MRMS0/SX300.WAV,h# q ax m iy bcl b ah z tcl ch ey n sh ey pcl p kcl k aa n s ax n tcl l ix h#, ʔ ə m i b̚ b ʌ z t̚ tʃ eɪ n ʃ eɪ p̚ p k̚ k ɑ n s ə n t̚ l ɨ 
/home/isaac/Projects/Thesis/data/timit/data/TRAIN/DR2/MRMS0/SX210.WAV,h# jh eh f s tcl t oy gcl g ow kcl k aa r tcl n eh v axr w er kcl t h#, dʒ ɛ f s t̚ t ɔɪ ɡ̚ ɡ oʊ k̚ k ɑ ɹ t̚ n ɛ v ɚ w ɝ k̚ t 
/home/isaac/Projects/Thesis/data/timit/data/TRAIN/DR2/MRMS0/SX30.WAV,h# g eh dx ih kcl k ae l ax kcl k uh kcl k ae tcl t ax-h kcl k iy pcl p h#, ɡ ɛ ɾ ɪ k̚ k æ l ə k̚ k ʊ k̚ k æ t̚ t ə̥ k̚ k i p̚ p 
/home/isaac/Projects/Thesis/data/timit/data/TRAIN/DR2/MRMS0/SI1113.WAV,h# w eh dh er hv ix s tcl t ao er kcl k l iy ax f ae kcl t axr n aa tcl pau dh ax l eh dcl jh ix n dcl d hv ae z ax s er q en s ix m bcl b aa l ax kcl v ae l y ux h#, w ɛ ð ɝ ɦ ɨ s t̚ t ɔ ɝ k̚ k l i ə f æ k̚ t ɚ n ɑ t̚  ð ə l ɛ d̚ dʒ ɨ n d̚ d ɦ æ z ə s ɝ ʔ n̩ s ɨ m b̚ b ɑ l ə k̚ v æ l j ʉ 
/home/isaac/Projects/Thesis/data/timit/data/TRAIN/DR2/MRMS0/SX390.WAV,h# hh iy pcl p ih kcl t ah pcl pau n ay n pcl p eh axr z uh v s aa kcl k s f axr q iy tcl ch bcl b r ah dh axr h#, h i p̚ p ɪ k̚ t ʌ p̚  n aɪ n p̚ p ɛ ɚ z ʊ v s ɑ k̚ k s f ɚ ʔ i t̚ tʃ b̚ b ɹ ʌ ð ɚ 
/home/isaac/Projects/Thesis/data/timit/data/TRAIN/DR2/MRMS0/SI2057.WAV,h# hh iy s tcl t r ow l bcl b ae kcl t ax dh ax dcl d ao r pau w ih s epi l ix ng s ao f l iy pau hh ae n s tcl t ih l kcl k l ae s pcl b ax hv ay n dcl d hh ix m h#, h i s t̚ t ɹ oʊ l b̚ b æ k̚ t ə ð ə d̚ d ɔ ɹ  w ɪ s  l ɨ ŋ s ɔ f l i  h æ n s t̚ t ɪ l k̚ k l æ s p̚ b ə ɦ aɪ n d̚ d h ɨ m 
/home/isaac/Projects/Thesis/data/timit/data/TRAIN/DR2/MKAH0/SI2158.WAV,h# f er ax m ow m ax n hv iy f eh l q l ay kcl k ix th iy f dcl d ix s kcl k ah v axr dcl d h#, f ɝ ə m oʊ m ə n ɦ i f ɛ l ʔ l aɪ k̚ k ɨ θ i f d̚ d ɨ s k̚ k ʌ v ɚ d̚ d 
/home/isaac/Projects/Thesis/data/timit/data/TRAIN/DR2/MKAH0/SX178.WAV,h# sh iy ix n kcl k er dcl jh dcl d hh er tcl ch ih l dcl d r ih n tcl t ix m ey kcl dh axr q ow n hv aa l ax w iy n kcl k aa s tcl t uw m s h#, ʃ i ɨ n k̚ k ɝ d̚ dʒ d̚ d h ɝ t̚ tʃ ɪ l d̚ d ɹ ɪ n t̚ t ɨ m eɪ k̚ ð ɚ ʔ oʊ n ɦ ɑ l ə w i n k̚ k ɑ s t̚ t u m s 
/home/isaac/Projects/Thesis/data/timit/data/TRAIN/DR2/MKAH0/SX88.WAV,h# f l ay ng s tcl t ae n dcl b ay kcl k em bcl b iy pcl p r ae kcl t ix kcl k el q ix f y uw w aa n tcl t ax-h s ey v epi m ah nx iy h#, f l aɪ ŋ s t̚ t æ n d̚ b aɪ k̚ k m̩ b̚ b i p̚ p ɹ æ k̚ t ɨ k̚ k l̩ ʔ ɨ f j u w ɑ n t̚ t ə̥ s eɪ v  m ʌ ɾ̃ i 
/home/isaac/Projects/Thesis/data/timit/data/TRAIN/DR2/MKAH0/SX268.WAV,h# dh ih dcl jh ao q aa pcl p axr ey tcl s bcl b ay y ux z iy ng ix n tcl t ae gcl g ix n ih s tcl t ix kcl k m ah s el s h#, ð ɪ d̚ dʒ ɔ ʔ ɑ p̚ p ɚ eɪ t̚ s b̚ b aɪ j ʉ z i ŋ ɨ n t̚ t æ ɡ̚ ɡ ɨ n ɪ s t̚ t ɨ k̚ k m ʌ s l̩ s 
/home/isaac/Projects/Thesis/data/timit/data/TRAIN/DR2/MKAH0/SX448.WAV,h# s f ih r ah kcl k el gcl g ih f s aa r dcl d ih f ax kcl k el tcl t ax r ae pcl p h#, s f ɪ ɹ ʌ k̚ k l̩ ɡ̚ ɡ ɪ f s ɑ ɹ d̚ d ɪ f ə k̚ k l̩ t̚ t ə ɹ æ p̚ p 
/home/isaac/Projects/Thesis/data/timit/data/TRAIN/DR2/MKAH0/SI898.WAV,h# w eh r kcl k ix n w iy gcl g ih tcl dh ax s er r iy el hv iy l ay kcl k s ow m ah tcl ch h#, w ɛ ɹ k̚ k ɨ n w i ɡ̚ ɡ ɪ t̚ ð ə s ɝ ɹ i l̩ ɦ i l aɪ k̚ k s oʊ m ʌ t̚ tʃ 
/home/isaac/Projects/Thesis/data/timit/data/TRAIN/DR2/MKAH0/SX358.WAV,h# jh ao r dcl s eh l dx ax m w aa tcl ch ax-h z dcl d ey tcl t ay m uw v iy s h#, dʒ ɔ ɹ d̚ s ɛ l ɾ ə m w ɑ t̚ tʃ ə̥ z d̚ d eɪ t̚ t aɪ m u v i s 
/home/isaac/Projects/Thesis/data/timit/data/TRAIN/DR2/MKAH0/SI1528.WAV,h# s iy hv iy z ao r axr dx iy s epi n ae pcl p iy ng ih dx ah pcl p dh ix dcl d ah m dcl jh er kcl k h#, s i ɦ i z ɔ ɹ ɚ ɾ i s  n æ p̚ p i ŋ ɪ ɾ ʌ p̚ p ð ɨ d̚ d ʌ m d̚ dʒ ɝ k̚ k 
/home/isaac/Projects/Thesis/data/timit/data/TRAIN/DR2/FJKL0/SI1562.WAV,h# w eh z ih dx ix bcl b er th dcl d ey bcl b ao l h#, w ɛ z ɪ ɾ ɨ b̚ b ɝ θ d̚ d eɪ b̚ b ɔ l 
/home/isaac/Projects/Thesis/data/timit/data/TRAIN/DR2/FJKL0/SX392.WAV,h# q ax y ah ng m aw s kcl k ae m pcl p axr dx ix kcl k r aa s epi dh ix f iy l dcl d ix n d ih s ix pcl p ih axr dcl d h#, ʔ ə j ʌ ŋ m aʊ s k̚ k æ m p̚ p ɚ ɾ ɨ k̚ k ɹ ɑ s  ð ɨ f i l d̚ d ɨ n d ɪ s ɨ p̚ p ɪ ɚ d̚ d 
/home/isaac/Projects/Thesis/data/timit/data/TRAIN/DR2/FJKL0/SI932.WAV,h# hh ih z pcl p axr s kcl k r ih pcl sh ix n pau hh aa q en kcl k ow l dcl d kcl k aa m pcl p r eh s ix s tcl t ix q ih ng kcl k r iy s hh er ix bcl s ao r pcl sh ix n ix v w aa dx axr h#, h ɪ z p̚ p ɚ s k̚ k ɹ ɪ p̚ ʃ ɨ n  h ɑ ʔ n̩ k̚ k oʊ l d̚ d k̚ k ɑ m p̚ p ɹ ɛ s ɨ s t̚ t ɨ ʔ ɪ ŋ k̚ k ɹ i s h ɝ ɨ b̚ s ɔ ɹ p̚ ʃ ɨ n ɨ v w ɑ ɾ ɚ 
/home/isaac/Projects/Thesis/data/timit/data/TRAIN/DR2/FJKL0/SI2192.WAV,h# b ix tcl n aw sh iy l uh kcl t q ah gcl g l iy h#, b ɨ t̚ n aʊ ʃ i l ʊ k̚ t ʔ ʌ ɡ̚ ɡ l i 
/home/isaac/Projects/Thesis/data/timit/data/TRAIN/DR2/FJKL0/SX212.WAV,h# ay gcl g ey v dh ah m s eh v r el tcl ch oy s ih z eh n l eh tcl dh eh m s eh tcl dh ix pcl p r ay axr r ix tcl t iy s h#, aɪ ɡ̚ ɡ eɪ v ð ʌ m s ɛ v ɹ l̩ t̚ tʃ ɔɪ s ɪ z ɛ n l ɛ t̚ ð ɛ m s ɛ t̚ ð ɨ p̚ p ɹ aɪ ɚ ɹ ɨ t̚ t i s 
/home/isaac/Projects/Thesis/data/timit/data/TRAIN/DR2/FJKL0/SX302.WAV,h# t ow f uw ih z m ey dcl f r em pcl p r aa s eh s oy bcl b iy n z h#, t oʊ f u ɪ z m eɪ d̚ f ɹ m̩ p̚ p ɹ ɑ s ɛ s ɔɪ b̚ b i n z 
/home/isaac/Projects/Thesis/data/timit/data/TRAIN/DR2/FJKL0/SX32.WAV,h# ix tcl s f ah n d axr r ow s tcl t m aa r sh m eh l ax z aa nx ix gcl g ae s bcl b er n axr h#, ɨ t̚ s f ʌ n d ɚ ɹ oʊ s t̚ t m ɑ ɹ ʃ m ɛ l ə z ɑ ɾ̃ ɨ ɡ̚ ɡ æ s b̚ b ɝ n ɚ 
/home/isaac/Projects/Thesis/data/timit/data/TRAIN/DR2/FJKL0/SX122.WAV,h# q ix n s ay kcl k l ix pcl p iy dcl d iy ix s eh l dcl d ax m pcl p r ih z eh n tcl t q ae n eh kcl d ow dx el q eh v ix dx ix n tcl s h#, ʔ ɨ n s aɪ k̚ k l ɨ p̚ p i d̚ d i ɨ s ɛ l d̚ d ə m p̚ p ɹ ɪ z ɛ n t̚ t ʔ æ n ɛ k̚ d oʊ ɾ l̩ ʔ ɛ v ɨ ɾ ɨ n t̚ s 
/home/isaac/Projects/Thesis/data/timit/data/TRAIN/DR2/MTBC0/SI1173.WAV,h# hh iy bcl b r aa tcl hh er sh ao l z h#, h i b̚ b ɹ ɑ t̚ h ɝ ʃ ɔ l z 
/home/isaac/Projects/Thesis/data/timit/data/TRAIN/DR2/MTBC0/SI543.WAV,h# jh ow kcl k s kcl k aa r tcl t ux n z ix n s ih nx ix kcl k s tcl t ih dh ix kcl k aa n tcl t r eh r iy pau m ah dh er z ix n l ao m ey kcl k gcl g uh dcl f r eh n s h#, dʒ oʊ k̚ k s k̚ k ɑ ɹ t̚ t ʉ n z ɨ n s ɪ ɾ̃ ɨ k̚ k s t̚ t ɪ ð ɨ k̚ k ɑ n t̚ t ɹ ɛ ɹ i  m ʌ ð ɝ z ɨ n l ɔ m eɪ k̚ k ɡ̚ ɡ ʊ d̚ f ɹ ɛ n s 
/home/isaac/Projects/Thesis/data/timit/data/TRAIN/DR2/MTBC0/SX273.WAV,h# dh iy ae ng r iy bcl b oy q ae n tcl s er dcl b ax tcl d ih dx en q l uh kcl k ah pcl p h#, ð i æ ŋ ɹ i b̚ b ɔɪ ʔ æ n t̚ s ɝ d̚ b ə t̚ d ɪ ɾ n̩ ʔ l ʊ k̚ k ʌ p̚ p 
/home/isaac/Projects/Thesis/data/timit/data/TRAIN/DR2/MTBC0/SI1803.WAV,h# ih n f ae kcl t pau n ow bcl b ax dx iy s ao ah s pau k aa pcl p ao r s ih dx ax-h z ix n h#, ɪ n f æ k̚ t  n oʊ b̚ b ə ɾ i s ɔ ʌ s  k ɑ p̚ p ɔ ɹ s ɪ ɾ ə̥ z ɨ n 
/home/isaac/Projects/Thesis/data/timit/data/TRAIN/DR2/MTBC0/SX93.WAV,h# k ah dx ax s epi m ao l kcl k ao r nx axr ao f iy tcl ch q eh dcl jh h#, k ʌ ɾ ə s  m ɔ l k̚ k ɔ ɹ ɾ̃ ɚ ɔ f i t̚ tʃ ʔ ɛ d̚ dʒ 
/home/isaac/Projects/Thesis/data/timit/data/TRAIN/DR2/MTBC0/SX347.WAV,h# dh ax pcl p ey sh ih n tcl q eh n dh ax s er jh ix n pau aa r bcl b ow th epi r iy kcl k ux pcl p axr ey dx ix ng f r ax m dh ax l eh ng kcl th iy aa pcl p axr ey sh ix n h#, ð ə p̚ p eɪ ʃ ɪ n t̚ ʔ ɛ n ð ə s ɝ dʒ ɨ n  ɑ ɹ b̚ b oʊ θ  ɹ i k̚ k ʉ p̚ p ɚ eɪ ɾ ɨ ŋ f ɹ ə m ð ə l ɛ ŋ k̚ θ i ɑ p̚ p ɚ eɪ ʃ ɨ n 
/home/isaac/Projects/Thesis/data/timit/data/TRAIN/DR2/MTBC0/SX363.WAV,h# dh ix kcl k aw w aa n d er dcl d f axr m dh ax f aa r m l ae n dcl d hh ix n bcl b iy kcl k ey m l ao s tcl t h#, ð ɨ k̚ k aʊ w ɑ n d ɝ d̚ d f ɚ m ð ə f ɑ ɹ m l æ n d̚ d h ɨ n b̚ b i k̚ k eɪ m l ɔ s t̚ t 
/home/isaac/Projects/Thesis/data/timit/data/TRAIN/DR2/MTBC0/SX183.WAV,h# hh w ay eh l tcl t s epi w uh dcl d ae nx iy ax l aw q ah dh er z tcl t ix gcl g ow h#, h w aɪ ɛ l t̚ t s  w ʊ d̚ d æ ɾ̃ i ə l aʊ ʔ ʌ ð ɝ z t̚ t ɨ ɡ̚ ɡ oʊ 
/home/isaac/Projects/Thesis/data/timit/data/TRAIN/DR2/FCAJ0/SI849.WAV,h# w uh dx ix kcl k ae m r ax kcl k l ah bcl b iy y ux s f ax l ax n tcl t ey kcl k ix ng pcl p ih tcl ch axr z pcl p er q n ih n tcl t ax-h pcl p l ae n tcl t s ey f tcl t iy h#, w ʊ ɾ ɨ k̚ k æ m ɹ ə k̚ k l ʌ b̚ b i j ʉ s f ə l ə n t̚ t eɪ k̚ k ɨ ŋ p̚ p ɪ t̚ tʃ ɚ z p̚ p ɝ ʔ n ɪ n t̚ t ə̥ p̚ p l æ n t̚ t s eɪ f t̚ t i 
/home/isaac/Projects/Thesis/data/timit/data/TRAIN/DR2/FCAJ0/SI1479.WAV,h# hh ih v ux gcl g aa dx ih nx ah f bcl b l ae ng kcl k ix tcl t s h#, h ɪ v ʉ ɡ̚ ɡ ɑ ɾ ɪ ɾ̃ ʌ f b̚ b l æ ŋ k̚ k ɨ t̚ t s 
/home/isaac/Projects/Thesis/data/timit/data/TRAIN/DR2/FCAJ0/SX129.WAV,h# q ae n gcl g ao axr kcl k ae tcl s axr f er iy axr dh ix n s ay ix m iy z h#, ʔ æ n ɡ̚ ɡ ɔ ɚ k̚ k æ t̚ s ɚ f ɝ i ɚ ð ɨ n s aɪ ɨ m i z 
/home/isaac/Projects/Thesis/data/timit/data/TRAIN/DR2/FCAJ0/SX399.WAV,h# dh ey ix s uw m n ow bcl b er gcl g l er w el q eh v er q eh n tcl t axr hv ih axr h#, ð eɪ ɨ s u m n oʊ b̚ b ɝ ɡ̚ ɡ l ɝ w l̩ ʔ ɛ v ɝ ʔ ɛ n t̚ t ɚ ɦ ɪ ɚ 
/home/isaac/Projects/Thesis/data/timit/data/TRAIN/DR2/FCAJ0/SX39.WAV,h# b aa r bcl b z gcl g ow l dcl b r ey s epi l ix tcl w ax z ix gcl g r ae dcl jh uw ey sh en pcl p r eh z ax n tcl h#, b ɑ ɹ b̚ b z ɡ̚ ɡ oʊ l d̚ b ɹ eɪ s  l ɨ t̚ w ə z ɨ ɡ̚ ɡ ɹ æ d̚ dʒ u eɪ ʃ n̩ p̚ p ɹ ɛ z ə n t̚ 
/home/isaac/Projects/Thesis/data/timit/data/TRAIN/DR2/FCAJ0/SX309.WAV,h# dh ax pcl p r uw f ix tcl jh ux aa r s iy kcl k iy ng q ih z epi n aa tcl q ax v ey l bcl b el q ih n bcl b uh kcl k s h#, ð ə p̚ p ɹ u f ɨ t̚ dʒ ʉ ɑ ɹ s i k̚ k i ŋ ʔ ɪ z  n ɑ t̚ ʔ ə v eɪ l b̚ b l̩ ʔ ɪ n b̚ b ʊ k̚ k s 
/home/isaac/Projects/Thesis/data/timit/data/TRAIN/DR2/FCAJ0/SX219.WAV,h# n aa n pcl p r aa f ax dx ao r gcl g ix n ix z ey sh en z hh ae v f r iy kcl k w ix n tcl t f ah n d r ey z axr z h#, n ɑ n p̚ p ɹ ɑ f ə ɾ ɔ ɹ ɡ̚ ɡ ɨ n ɨ z eɪ ʃ n̩ z h æ v f ɹ i k̚ k w ɨ n t̚ t f ʌ n d ɹ eɪ z ɚ z 
/home/isaac/Projects/Thesis/data/timit/data/TRAIN/DR2/FCAJ0/SI1804.WAV,h# ih dx eh dcl g ao n l ay kcl k l aa kcl k w er kcl k h#, ɪ ɾ ɛ d̚ ɡ ɔ n l aɪ k̚ k l ɑ k̚ k w ɝ k̚ k 
/home/isaac/Projects/Thesis/data/timit/data/TRAIN/DR2/MWSB0/SI2256.WAV,h# s ax-h pcl p ow z hv iy r ae nx ah pcl dh ax w ey tcl f l ae gcl ao l dx ix gcl g eh dh axr h#, s ə̥ p̚ p oʊ z ɦ i ɹ æ ɾ̃ ʌ p̚ ð ə w eɪ t̚ f l æ ɡ̚ ɔ l ɾ ɨ ɡ̚ ɡ ɛ ð ɚ 
/home/isaac/Projects/Thesis/data/timit/data/TRAIN/DR2/MWSB0/SX186.WAV,h# w uh dx ix tcl t aa m bcl b oy aa f ax n pcl p l ey aw q d ao r z h#, w ʊ ɾ ɨ t̚ t ɑ m b̚ b ɔɪ ɑ f ə n p̚ p l eɪ aʊ ʔ d ɔ ɹ z 
/home/isaac/Projects/Thesis/data/timit/data/TRAIN/DR2/MWSB0/SX276.WAV,h# jh aa n z bcl b r ah dh axr r iy pcl p ey nx ih dcl dh ax-h gcl g axr aa dcl jh dcl d ao r h#, dʒ ɑ n z b̚ b ɹ ʌ ð ɚ ɹ i p̚ p eɪ ɾ̃ ɪ d̚ ð ə̥ ɡ̚ ɡ ɚ ɑ d̚ dʒ d̚ d ɔ ɹ 
/home/isaac/Projects/Thesis/data/timit/data/TRAIN/DR2/MWSB0/SX6.WAV,h# b r ey tcl s ah n tcl t sh ay n tcl t sh ih m axr z aa n ih ow sh en h#, b ɹ eɪ t̚ s ʌ n t̚ t ʃ aɪ n t̚ t ʃ ɪ m ɚ z ɑ n ɪ oʊ ʃ n̩ 
/home/isaac/Projects/Thesis/data/timit/data/TRAIN/DR2/MWSB0/SI996.WAV,h# sh ax-h s er v dcl d f axr n ah m bcl b er v y ih er z w ax th aw q p ey bcl b iy y aa n axr tcl t r ae v el ax n m ey tcl n ix n tcl s h#, ʃ ə̥ s ɝ v d̚ d f ɚ n ʌ m b̚ b ɝ v j ɪ ɝ z w ə θ aʊ ʔ p eɪ b̚ b i j ɑ n ɚ t̚ t ɹ æ v l̩ ə n m eɪ t̚ n ɨ n t̚ s 
/home/isaac/Projects/Thesis/data/timit/data/TRAIN/DR2/MWSB0/SX366.WAV,h# w el y ux pcl p l iy z kcl k ix n epi f er m gcl g ah v axr m ix n tcl p aa l ax s iy r ix gcl g aa r dx ix ng w ey s tcl t axr m ow v el h#, w l̩ j ʉ p̚ p l i z k̚ k ɨ n  f ɝ m ɡ̚ ɡ ʌ v ɚ m ɨ n t̚ p ɑ l ə s i ɹ ɨ ɡ̚ ɡ ɑ ɹ ɾ ɨ ŋ w eɪ s t̚ t ɚ m oʊ v l̩ 
/home/isaac/Projects/Thesis/data/timit/data/TRAIN/DR2/MWSB0/SX96.WAV,h# m ae s kcl k axr r ey dcl p aa r dx iy z tcl t ae kcl s epi w ax n epi z ix m ae dcl jh ix n ey sh en h#, m æ s k̚ k ɚ ɹ eɪ d̚ p ɑ ɹ ɾ i z t̚ t æ k̚ s  w ə n  z ɨ m æ d̚ dʒ ɨ n eɪ ʃ n̩ 
/home/isaac/Projects/Thesis/data/timit/data/TRAIN/DR2/MWSB0/SI1626.WAV,h# d ix dcl d iy eh v axr v ih z ix q hv ih r w eh n iy w ix z ax-h kcl k ih dcl h#, d ɨ d̚ d i ɛ v ɚ v ɪ z ɨ ʔ ɦ ɪ ɹ w ɛ n i w ɨ z ə̥ k̚ k ɪ d̚ 
